"Time","2 Trdml","45 sw onset","46 sw offset"
0.00,0.36923,0,0
0.01,0.35815,1,0
0.02,0.35572,0,0
0.03,0.35122,0,0
0.04,0.34865,0,0
0.05,0.33993,0,0
0.06,0.33232,0,0
0.07,0.32690,0,1
0.08,0.32473,0,0
0.09,0.32551,0,0
0.10,0.32719,0,0
0.11,0.33132,0,0
0.12,0.32974,0,0
0.13,0.33442,0,0
0.14,0.32492,1,0
0.15,0.32725,0,0
0.16,0.33048,0,0
0.17,0.33198,0,0
0.18,0.33670,0,1
0.19,0.33983,0,0
0.20,0.34147,0,0
0.21,0.33534,0,0
0.22,0.32911,0,0
0.23,0.32489,0,0
0.24,0.32143,0,0
0.25,0.31890,0,0
0.26,0.31786,0,0
0.27,0.31693,0,0
0.28,0.31906,0,0
0.29,0.31601,0,0
0.30,0.31275,0,0
0.31,0.30792,0,0
0.32,0.31402,0,0
0.33,0.32054,0,0
0.34,0.32757,0,0
0.35,0.33644,0,0
0.36,0.34177,0,0
0.37,0.34416,0,0
0.38,0.34749,0,0
0.39,0.35072,0,0
0.40,0.35282,1,0
0.41,0.35522,0,0
0.42,0.36365,0,0
0.43,0.36982,0,0
0.44,0.37323,0,0
0.45,0.37257,0,0
0.46,0.36530,0,0
0.47,0.37304,0,1
0.48,0.37264,0,0
0.49,0.36964,0,0
0.50,0.37221,0,0
0.51,0.37714,0,0
0.52,0.38157,0,0
0.53,0.38388,0,0
0.54,0.38132,0,0
0.55,0.37790,0,0
0.56,0.37948,0,0
0.57,0.38111,0,0
0.58,0.38020,0,0
0.59,0.38107,0,0
0.60,0.37943,0,0
0.61,0.37830,0,0
0.62,0.37372,0,0
0.63,0.36728,0,0
0.64,0.36523,0,0
0.65,0.36550,0,0
0.66,0.36626,0,0
0.67,0.36777,0,0
0.68,0.37602,0,0
0.69,0.38251,0,0
0.70,0.39079,1,0
0.71,0.39845,0,0
0.72,0.40419,0,0
0.73,0.41015,0,0
0.74,0.41495,0,0
0.75,0.41599,0,0
0.76,0.41929,0,0
0.77,0.42149,0,0
0.78,0.42669,0,1
0.79,0.42781,0,0
0.80,0.42727,0,0
0.81,0.42923,0,0
0.82,0.43482,0,0
0.83,0.44404,0,0
0.84,0.45443,0,0
0.85,0.46583,0,0
0.86,0.48094,0,0
0.87,0.49405,0,0
0.88,0.50793,0,0
0.89,0.51250,0,0
0.90,0.49420,0,0
0.91,0.47176,0,0
0.92,0.45515,0,0
0.93,0.45066,0,0
0.94,0.44480,0,0
0.95,0.43863,0,0
0.96,0.42904,0,0
0.97,0.42129,0,0
0.98,0.41627,0,0
0.99,0.41680,0,0
1.00,0.41236,0,0
1.01,0.40815,0,0
1.02,0.40703,1,0
1.03,0.41020,0,0
1.04,0.40911,0,0
1.05,0.40845,0,0
1.06,0.40390,0,1
1.07,0.40480,0,0
1.08,0.40615,0,0
1.09,0.40764,0,0
1.10,0.40399,0,0
1.11,0.40293,0,0
1.12,0.40475,0,0
1.13,0.40259,0,0
1.14,0.40128,0,0
1.15,0.40020,0,0
1.16,0.40401,0,0
1.17,0.40369,0,0
1.18,0.40103,0,0
1.19,0.39659,0,0
1.20,0.39930,0,0
1.21,0.39548,0,0
1.22,0.40163,0,0
1.23,0.39917,0,0
1.24,0.40127,0,0
1.25,0.39629,0,0
1.26,0.34831,0,0
1.27,0.40984,0,0
1.28,0.40878,0,0
1.29,0.40444,0,0
1.30,0.40243,0,0
1.31,0.40381,0,0
1.32,0.40591,0,0
1.33,0.40556,0,0
1.34,0.40517,0,0
1.35,0.40524,0,0
1.36,0.40326,0,0
1.37,0.40300,0,0
1.38,0.40154,0,0
1.39,0.40029,0,0
1.40,0.40030,0,0
1.41,0.40174,0,0
1.42,0.40010,0,0
1.43,0.39857,0,0
1.44,0.39392,0,0
1.45,0.38545,0,0
1.46,0.39365,0,0
1.47,0.39968,1,0
1.48,0.40688,0,0
1.49,0.41022,0,0
1.50,0.40743,0,0
1.51,0.40483,0,0
1.52,0.40274,0,1
1.53,0.40189,0,0
1.54,0.40290,0,0
1.55,0.40188,0,0
1.56,0.40354,0,0
1.57,0.40293,0,0
1.58,0.37511,0,0
1.59,0.40191,0,0
1.60,0.40442,0,0
1.61,0.40358,0,0
1.62,0.40277,0,0
1.63,0.40220,0,0
1.64,0.40361,0,0
1.65,0.40277,0,0
1.66,0.40017,1,0
1.67,0.39732,0,0
1.68,0.39463,0,0
1.69,0.32215,0,0
1.70,0.39009,0,0
1.71,0.39007,0,0
1.72,0.39058,0,0
1.73,0.39300,0,0
1.74,0.39222,0,1
1.75,0.38896,0,0
1.76,0.38702,0,0
1.77,0.38643,0,0
1.78,0.38899,0,0
1.79,0.39012,0,0
1.80,0.39420,0,0
1.81,0.39405,0,0
1.82,0.39489,0,0
1.83,0.39724,0,0
1.84,0.37715,0,0
1.85,0.40238,0,0
1.86,0.40644,0,0
1.87,0.40946,0,0
1.88,0.40863,0,0
1.89,0.40465,0,0
1.90,0.40005,0,0
1.91,0.39311,0,0
1.92,0.38989,0,0
1.93,0.38640,0,0
1.94,0.38374,0,0
1.95,0.35871,0,0
1.96,0.38156,0,0
1.97,0.37915,0,0
1.98,0.34790,0,0
1.99,0.36786,0,0
2.00,0.36257,0,0
2.01,0.36030,0,0
2.02,0.35855,0,0
2.03,0.35962,0,0
2.04,0.35945,0,0
2.05,0.36191,0,0
2.06,0.35824,1,0
2.07,0.35652,0,0
2.08,0.35244,0,0
2.09,0.35244,0,0
2.10,0.35046,0,0
2.11,0.35073,0,0
2.12,0.35214,0,0
2.13,0.35170,0,0
2.14,0.34886,0,0
2.15,0.34605,0,0
2.16,0.34173,0,0
2.17,0.33678,0,0
2.18,0.33457,0,1
2.19,0.33275,0,0
2.20,0.33263,0,0
2.21,0.33097,0,0
2.22,0.33012,0,0
2.23,0.33131,0,0
2.24,0.33022,0,0
2.25,0.32793,0,0
2.26,0.32364,0,0
2.27,0.32126,0,0
2.28,0.31861,0,0
2.29,0.31674,0,0
2.30,0.31496,0,0
2.31,0.31547,0,0
2.32,0.31725,0,0
2.33,0.31684,0,0
2.34,0.31437,0,0
2.35,0.31562,0,0
2.36,0.31590,0,0
2.37,0.31446,0,0
2.38,0.31729,0,0
2.39,0.32014,0,0
2.40,0.32109,0,0
2.41,0.32101,0,0
2.42,0.32396,0,0
2.43,0.32880,0,0
2.44,0.33445,0,0
2.45,0.33524,0,0
2.46,0.33418,0,0
2.47,0.32952,0,0
2.48,0.32483,0,0
2.49,0.32290,0,0
2.50,0.31992,0,0
2.51,0.31806,0,0
2.52,0.31535,0,0
2.53,0.31584,0,0
2.54,0.31779,0,0
2.55,0.32180,0,0
2.56,0.32516,0,0
2.57,0.32928,0,0
2.58,0.33176,0,0
2.59,0.33601,1,0
2.60,0.33833,0,0
2.61,0.34110,0,0
2.62,0.34327,0,0
2.63,0.34509,0,1
2.64,0.34755,0,0
2.65,0.35238,0,0
2.66,0.35537,0,0
2.67,0.35960,0,0
2.68,0.36188,0,0
2.69,0.36471,0,0
2.70,0.37007,0,0
2.71,0.37383,0,0
2.72,0.37768,0,0
2.73,0.38156,0,0
2.74,0.38496,0,0
2.75,0.39007,0,0
2.76,0.39409,0,0
2.77,0.40025,0,0
2.78,0.40715,1,0
2.79,0.41371,0,0
2.80,0.42466,0,0
2.81,0.42936,0,0
2.82,0.43316,0,0
2.83,0.43466,0,0
2.84,0.44519,0,0
2.85,0.45491,0,0
2.86,0.46488,0,0
2.87,0.48020,0,1
2.88,0.49648,0,0
2.89,0.51052,0,0
2.90,0.52081,0,0
2.91,0.50955,0,0
2.92,0.48666,0,0
2.93,0.46793,0,0
2.94,0.45368,0,0
2.95,0.44469,0,0
2.96,0.44321,0,0
2.97,0.43729,0,0
2.98,0.42966,0,0
2.99,0.42392,0,0
3.00,0.41451,0,0
3.01,0.41446,0,0
3.02,0.41240,0,0
3.03,0.40980,0,0
3.04,0.40639,0,0
3.05,0.40539,0,0
3.06,0.40739,0,0
3.07,0.40781,0,0
3.08,0.40772,0,0
3.09,0.40836,0,0
3.10,0.40729,0,0
3.11,0.40580,0,0
3.12,0.40439,0,0
3.13,0.40183,0,0
3.14,0.39900,0,0
3.15,0.40001,0,0
3.16,0.39897,0,0
3.17,0.39779,0,0
3.18,0.40240,0,0
3.19,0.40177,0,0
3.20,0.39812,0,0
3.21,0.39737,0,0
3.22,0.40051,0,0
3.23,0.40103,0,0
3.24,0.39605,0,0
3.25,0.39747,1,0
3.26,0.40044,0,0
3.27,0.39960,0,0
3.28,0.40247,0,0
3.29,0.40312,0,0
3.30,0.39881,0,0
3.31,0.39604,0,0
3.32,0.39714,0,0
3.33,0.39869,0,0
3.34,0.40363,0,1
3.35,0.40328,0,0
3.36,0.40355,0,0
3.37,0.40265,0,0
3.38,0.40440,0,0
3.39,0.40253,0,0
3.40,0.39871,0,0
3.41,0.39767,0,0
3.42,0.39815,0,0
3.43,0.40077,0,0
3.44,0.40340,0,0
3.45,0.40421,0,0
3.46,0.40125,0,0
3.47,0.40286,0,0
3.48,0.40307,1,0
3.49,0.39869,0,0
3.50,0.39442,0,0
3.51,0.36548,0,0
3.52,0.39837,0,0
3.53,0.40257,0,0
3.54,0.40622,0,0
3.55,0.41075,0,0
3.56,0.41085,0,0
3.57,0.41041,0,0
3.58,0.40353,0,0
3.59,0.40341,0,0
3.60,0.40060,0,0
3.61,0.39670,0,1
3.62,0.40027,0,0
3.63,0.40191,0,0
3.64,0.40276,0,0
3.65,0.39865,0,0
3.66,0.39129,0,0
3.67,0.38734,0,0
3.68,0.38404,0,0
3.69,0.38289,0,0
3.70,0.38306,0,0
3.71,0.38027,0,0
3.72,0.37901,0,0
3.73,0.37691,0,0
3.74,0.37862,0,0
3.75,0.37878,0,0
3.76,0.38284,0,0
3.77,0.38688,0,0
3.78,0.39401,0,0
3.79,0.39946,0,0
3.80,0.40429,0,0
3.81,0.40680,0,0
3.82,0.40603,0,0
3.83,0.40282,0,0
3.84,0.40078,0,0
3.85,0.40086,0,0
3.86,0.40410,0,0
3.87,0.40400,0,0
3.88,0.40402,0,0
3.89,0.40074,0,0
3.90,0.39434,0,0
3.91,0.38912,0,0
3.92,0.38416,0,0
3.93,0.38267,0,0
3.94,0.37981,0,0
3.95,0.34444,0,0
3.96,0.36969,0,0
3.97,0.36771,0,0
3.98,0.36688,0,0
3.99,0.36418,0,0
4.00,0.35882,0,0
4.01,0.35363,0,0
4.02,0.35217,1,0
4.03,0.34949,0,0
4.04,0.34632,0,0
4.05,0.34325,0,0
4.06,0.34550,0,0
4.07,0.34509,0,0
4.08,0.33334,0,0
4.09,0.33941,0,0
4.10,0.33589,0,0
4.11,0.33016,0,0
4.12,0.32345,0,0
4.13,0.31776,0,1
4.14,0.31331,0,0
4.15,0.30942,0,0
4.16,0.30813,0,0
4.17,0.30678,0,0
4.18,0.30535,0,0
4.19,0.30007,0,0
4.20,0.29201,0,0
4.21,0.28056,0,0
4.22,0.27262,0,0
4.23,0.26731,0,0
4.24,0.26103,0,0
4.25,0.25750,0,0
4.26,0.25537,0,0
4.27,0.25458,0,0
4.28,0.25254,0,0
4.29,0.25203,0,0
4.30,0.25186,0,0
4.31,0.25222,0,0
4.32,0.25067,0,0
4.33,0.25213,0,0
4.34,0.25533,0,0
4.35,0.25938,0,0
4.36,0.26347,0,0
4.37,0.27042,0,0
4.38,0.27223,0,0
4.39,0.27640,0,0
4.40,0.28026,1,0
4.41,0.28979,0,0
4.42,0.29346,0,0
4.43,0.29517,0,0
4.44,0.29615,0,0
4.45,0.29605,0,0
4.46,0.29240,0,0
4.47,0.29079,0,1
4.48,0.28772,0,0
4.49,0.26737,0,0
4.50,0.28343,0,0
4.51,0.28274,0,0
4.52,0.28066,0,0
4.53,0.27649,0,0
4.54,0.27216,0,0
4.55,0.26707,0,0
4.56,0.26051,0,0
4.57,0.25655,0,0
4.58,0.25311,0,0
4.59,0.25077,0,0
4.60,0.25220,0,0
4.61,0.25507,0,0
4.62,0.25667,0,0
4.63,0.25932,0,0
4.64,0.26319,0,0
4.65,0.26817,0,0
4.66,0.27691,0,0
4.67,0.28167,0,0
4.68,0.28633,0,0
4.69,0.28649,0,0
4.70,0.28690,0,0
4.71,0.28673,0,0
4.72,0.29052,0,0
4.73,0.29502,0,0
4.74,0.30044,1,0
4.75,0.30387,0,0
4.76,0.30497,0,0
4.77,0.30531,0,0
4.78,0.30483,0,1
4.79,0.30462,0,0
4.80,0.30616,0,0
4.81,0.30997,0,0
4.82,0.31235,0,0
4.83,0.31729,0,0
4.84,0.32170,0,0
4.85,0.32726,0,0
4.86,0.32850,0,0
4.87,0.33033,0,0
4.88,0.33219,0,0
4.89,0.33345,0,0
4.90,0.33652,0,0
4.91,0.34104,0,0
4.92,0.34606,0,0
4.93,0.34814,0,0
4.94,0.34869,0,0
4.95,0.34926,0,0
4.96,0.35040,0,0
4.97,0.35559,0,0
4.98,0.36276,0,0
4.99,0.37014,0,0
5.00,0.37926,0,0
5.01,0.38910,0,0
5.02,0.39400,0,0
5.03,0.40096,0,0
5.04,0.40920,1,0
5.05,0.41704,0,0
5.06,0.42497,0,0
5.07,0.43428,0,0
5.08,0.44021,0,0
5.09,0.44714,0,1
5.10,0.45423,0,0
5.11,0.45940,0,0
5.12,0.46337,0,0
5.13,0.46675,0,0
5.14,0.47165,0,0
5.15,0.47718,0,0
5.16,0.48418,0,0
5.17,0.49301,0,0
5.18,0.49930,0,0
5.19,0.48848,0,0
5.20,0.46819,0,0
5.21,0.45491,0,0
5.22,0.44689,0,0
5.23,0.44054,0,0
5.24,0.43425,0,0
5.25,0.42930,0,0
5.26,0.42340,0,0
5.27,0.41843,0,0
5.28,0.41598,0,0
5.29,0.41269,0,0
5.30,0.41001,0,0
5.31,0.40883,0,0
5.32,0.40690,1,0
5.33,0.40484,0,0
5.34,0.40487,0,0
5.35,0.33975,0,0
5.36,0.40959,0,0
5.37,0.41145,0,0
5.38,0.41219,0,0
5.39,0.40162,0,1
5.40,0.40064,0,0
5.41,0.40257,0,0
5.42,0.40362,0,0
5.43,0.40490,0,0
5.44,0.40334,0,0
5.45,0.40440,0,0
5.46,0.40030,0,0
5.47,0.39875,0,0
5.48,0.39854,0,0
5.49,0.40159,0,0
5.50,0.40120,0,0
5.51,0.40093,0,0
5.52,0.40057,0,0
5.53,0.39600,0,0
5.54,0.39297,0,0
5.55,0.39191,0,0
5.56,0.39156,0,0
5.57,0.39318,0,0
5.58,0.39484,0,0
5.59,0.39463,0,0
5.60,0.39426,0,0
5.61,0.38907,0,0
5.62,0.38723,0,0
5.63,0.39153,0,0
5.64,0.39408,0,0
5.65,0.39609,0,0
5.66,0.39646,0,0
5.67,0.39638,0,0
5.68,0.39584,0,0
5.69,0.39469,0,0
5.70,0.39400,1,0
5.71,0.39706,0,0
5.72,0.40162,0,0
5.73,0.40756,0,0
5.74,0.41096,0,0
5.75,0.41442,0,0
5.76,0.41356,0,0
5.77,0.40986,0,0
5.78,0.40415,0,0
5.79,0.32746,0,1
5.80,0.38994,0,0
5.81,0.38418,0,0
