"Time","2 Trdml","45 sw onset","46 sw offset"
0.00,0.39581,1,0
0.01,0.39424,0,0
0.02,0.39525,0,0
0.03,0.39638,0,0
0.04,0.40020,0,0
0.05,0.40181,0,0
0.06,0.40084,0,1
0.07,0.40243,0,0
0.08,0.40081,0,0
0.09,0.40210,0,0
0.10,0.40470,0,0
0.11,0.40445,0,0
0.12,0.40363,0,0
0.13,0.40332,0,0
0.14,0.40242,1,0
0.15,0.40344,0,0
0.16,0.40314,0,0
0.17,0.39979,0,0
0.18,0.39736,0,0
0.19,0.39786,0,0
0.20,0.40082,0,1
0.21,0.40041,0,0
0.22,0.39764,0,0
0.23,0.39172,0,0
0.24,0.38831,0,0
0.25,0.38675,0,0
0.26,0.39007,0,0
0.27,0.39412,1,0
0.28,0.39605,0,0
0.29,0.39966,0,0
0.30,0.39854,0,0
0.31,0.39878,0,0
0.32,0.40112,0,0
0.33,0.40267,0,0
0.34,0.40596,0,1
0.35,0.40896,0,0
0.36,0.40945,0,0
0.37,0.40966,0,0
0.38,0.40640,0,0
0.39,0.40348,0,0
0.40,0.40373,0,0
0.41,0.40565,0,0
0.42,0.40593,1,0
0.43,0.40563,0,0
0.44,0.40478,0,0
0.45,0.40038,0,0
0.46,0.39797,0,0
0.47,0.39938,0,0
0.48,0.40167,0,1
0.49,0.40249,0,0
0.50,0.40158,0,0
0.51,0.40186,0,0
0.52,0.39922,0,0
0.53,0.39973,0,0
0.54,0.40065,0,0
0.55,0.40218,0,0
0.56,0.40363,1,0
0.57,0.40319,0,0
0.58,0.40206,0,0
0.59,0.40143,0,0
0.60,0.39785,0,0
0.61,0.39863,0,0
0.62,0.40078,0,0
0.63,0.40183,0,1
0.64,0.40188,0,0
0.65,0.40134,0,0
0.66,0.39901,0,0
0.67,0.39742,0,0
0.68,0.39635,0,0
0.69,0.39683,0,0
0.70,0.39737,0,0
0.71,0.39734,1,0
0.72,0.39598,0,0
0.73,0.39780,0,0
0.74,0.39591,0,0
0.75,0.39025,0,0
0.76,0.39334,0,0
0.77,0.39977,0,1
0.78,0.40330,0,0
0.79,0.40459,0,0
0.80,0.40081,0,0
0.81,0.39916,0,0
0.82,0.39859,0,0
0.83,0.40118,0,0
0.84,0.40190,0,0
0.85,0.40272,0,0
0.86,0.40113,1,0
0.87,0.40221,0,0
0.88,0.39861,0,0
0.89,0.40164,0,0
0.90,0.40055,0,0
0.91,0.39783,0,0
0.92,0.39738,0,0
0.93,0.39827,0,0
0.94,0.40002,0,1
0.95,0.40165,0,0
0.96,0.39941,0,0
0.97,0.39976,0,0
0.98,0.39850,0,0
0.99,0.39568,0,0
1.00,0.39859,0,0
1.01,0.39955,0,0
1.02,0.39940,0,0
1.03,0.39949,1,0
1.04,0.40195,0,0
1.05,0.40249,0,0
1.06,0.40450,0,0
1.07,0.40205,0,0
1.08,0.39900,0,0
1.09,0.39887,0,0
1.10,0.40329,0,0
1.11,0.40552,0,1
1.12,0.40431,0,0
1.13,0.40243,0,0
1.14,0.39884,0,0
1.15,0.39692,0,0
1.16,0.39542,0,0
1.17,0.39808,0,0
1.18,0.39906,0,0
1.19,0.40101,1,0
1.20,0.40080,0,0
1.21,0.39918,0,0
1.22,0.39535,0,0
1.23,0.39377,0,0
1.24,0.39471,0,0
1.25,0.40853,0,0
1.26,0.41386,0,1
1.27,0.40618,0,0
1.28,0.40914,0,0
1.29,0.40774,0,0
1.30,0.40301,0,0
1.31,0.40243,0,0
1.32,0.40194,0,0
1.33,0.39906,0,0
1.34,0.40129,0,0
1.35,0.40090,1,0
1.36,0.40109,0,0
1.37,0.39992,0,0
1.38,0.39783,0,0
1.39,0.39406,0,0
1.40,0.39816,0,0
1.41,0.40075,0,0
1.42,0.40161,0,0
1.43,0.40280,0,1
1.44,0.40247,0,0
1.45,0.40190,0,0
1.46,0.40171,0,0
1.47,0.40004,0,0
1.48,0.40016,0,0
1.49,0.40483,0,0
1.50,0.40335,0,0
1.51,0.40062,1,0
1.52,0.40308,0,0
1.53,0.40337,0,0
1.54,0.39995,0,0
1.55,0.39607,0,0
1.56,0.39592,0,0
1.57,0.39738,0,0
1.58,0.39721,0,1
1.59,0.40320,0,0
1.60,0.40469,0,0
1.61,0.40196,0,0
1.62,0.40108,0,0
1.63,0.40209,0,0
1.64,0.40307,0,0
1.65,0.39847,0,0
1.66,0.39775,0,0
1.67,0.40177,1,0
1.68,0.40098,0,0
1.69,0.39769,0,0
1.70,0.39376,0,0
1.71,0.39527,0,0
1.72,0.39870,0,0
1.73,0.40053,0,1
1.74,0.40263,0,0
1.75,0.40220,0,0
1.76,0.39942,0,0
1.77,0.39762,0,0
1.78,0.39691,0,0
1.79,0.39815,0,0
1.80,0.39906,0,0
1.81,0.40230,0,0
1.82,0.39839,0,0
1.83,0.39636,0,0
1.84,0.40216,1,0
1.85,0.40097,0,0
1.86,0.39638,0,0
1.87,0.39780,0,0
1.88,0.39955,0,0
1.89,0.40081,0,0
1.90,0.40097,0,1
1.91,0.40133,0,0
1.92,0.39996,0,0
1.93,0.39883,0,0
1.94,0.39817,0,0
1.95,0.39857,0,0
1.96,0.39994,0,0
1.97,0.40278,0,0
1.98,0.40342,0,0
1.99,0.40135,0,0
2.00,0.40236,1,0
2.01,0.40390,0,0
2.02,0.40418,0,0
2.03,0.40147,0,0
2.04,0.40062,0,0
2.05,0.39969,0,0
2.06,0.40113,0,1
2.07,0.40186,0,0
2.08,0.40050,0,0
2.09,0.39993,0,0
2.10,0.39534,0,0
2.11,0.39518,0,0
2.12,0.39589,0,0
2.13,0.39553,0,0
2.14,0.39762,0,0
2.15,0.39724,1,0
2.16,0.39785,0,0
2.17,0.39640,0,0
2.18,0.39470,0,0
2.19,0.39579,0,0
2.20,0.40154,0,0
2.21,0.39939,0,0
2.22,0.40360,0,0
2.23,0.40893,0,1
2.24,0.40489,0,0
2.25,0.40337,0,0
2.26,0.40313,0,0
2.27,0.40145,0,0
2.28,0.40209,0,0
2.29,0.40364,0,0
2.30,0.40286,0,0
2.31,0.40067,0,0
2.32,0.40124,0,0
2.33,0.40140,1,0
2.34,0.40122,0,0
2.35,0.39936,0,0
2.36,0.39990,0,0
2.37,0.39869,0,0
2.38,0.40077,0,0
2.39,0.40373,0,1
2.40,0.40336,0,0
2.41,0.40171,0,0
2.42,0.39945,0,0
2.43,0.39923,0,0
2.44,0.40037,0,0
2.45,0.40197,0,0
2.46,0.40225,0,0
2.47,0.40251,0,0
2.48,0.40383,1,0
2.49,0.40082,0,0
2.50,0.39888,0,0
2.51,0.40096,0,0
2.52,0.39964,0,0
2.53,0.39935,0,0
2.54,0.39910,0,0
2.55,0.40058,0,1
2.56,0.40059,0,0
2.57,0.39556,0,0
2.58,0.39316,0,0
2.59,0.39385,0,0
2.60,0.39551,0,0
2.61,0.39815,0,0
2.62,0.39569,0,0
2.63,0.39593,1,0
2.64,0.39521,0,0
2.65,0.39377,0,0
2.66,0.39521,0,0
2.67,0.39510,0,0
2.68,0.39529,0,0
2.69,0.39741,0,0
2.70,0.39882,0,0
2.71,0.40056,0,1
2.72,0.40084,0,0
2.73,0.40019,0,0
2.74,0.39996,0,0
2.75,0.39890,0,0
2.76,0.39915,0,0
2.77,0.39897,0,0
2.78,0.39910,0,0
2.79,0.39921,0,0
2.80,0.39685,0,0
2.81,0.40178,0,0
2.82,0.40124,1,0
2.83,0.41024,0,0
2.84,0.40470,0,0
2.85,0.39733,0,0
2.86,0.39849,0,0
2.87,0.40105,0,0
2.88,0.40078,0,1
2.89,0.40163,0,0
2.90,0.40474,0,0
2.91,0.40322,0,0
2.92,0.39928,0,0
2.93,0.40028,0,0
2.94,0.40142,0,0
2.95,0.39909,0,0
2.96,0.39977,0,0
2.97,0.40065,1,0
2.98,0.39876,0,0
2.99,0.40160,0,0
3.00,0.40492,0,0
3.01,0.39995,0,0
3.02,0.39925,0,0
3.03,0.40217,0,0
3.04,0.40282,0,0
3.05,0.40363,0,1
3.06,0.40299,0,0
3.07,0.40118,0,0
3.08,0.39989,0,0
3.09,0.39703,0,0
3.10,0.39706,0,0
3.11,0.40038,0,0
3.12,0.40147,0,0
3.13,0.40246,0,0
3.14,0.40412,1,0
3.15,0.40065,0,0
3.16,0.39821,0,0
3.17,0.39463,0,0
3.18,0.39342,0,0
3.19,0.39825,0,0
3.20,0.39634,0,0
3.21,0.39504,0,1
3.22,0.39514,0,0
3.23,0.39610,0,0
3.24,0.39461,0,0
3.25,0.39505,0,0
3.26,0.39427,0,0
3.27,0.39404,0,0
3.28,0.39519,0,0
3.29,0.39572,0,0
3.30,0.39862,0,0
3.31,0.39982,0,0
3.32,0.40043,1,0
3.33,0.40388,0,0
3.34,0.40477,0,0
3.35,0.40317,0,0
3.36,0.40304,0,0
3.37,0.40336,0,0
3.38,0.40787,0,0
3.39,0.40698,0,1
3.40,0.40589,0,0
3.41,0.40676,0,0
3.42,0.40872,0,0
3.43,0.40664,0,0
3.44,0.40589,0,0
3.45,0.40322,0,0
3.46,0.40037,0,0
3.47,0.40299,1,0
3.48,0.40090,0,0
3.49,0.40041,0,0
3.50,0.39925,0,0
3.51,0.39702,0,0
3.52,0.39896,0,0
3.53,0.39901,0,1
3.54,0.40043,0,0
3.55,0.40346,0,0
3.56,0.40192,0,0
3.57,0.39650,0,0
3.58,0.39709,0,0
3.59,0.39972,0,0
3.60,0.40171,0,0
3.61,0.40216,0,0
3.62,0.40009,0,0
3.63,0.40120,0,0
3.64,0.39978,0,0
3.65,0.39831,0,0
3.66,0.39678,0,0
3.67,0.39834,1,0
3.68,0.39787,0,0
3.69,0.39769,0,0
3.70,0.39603,0,0
3.71,0.39808,0,0
3.72,0.39880,0,1
3.73,0.39868,0,0
3.74,0.39835,0,0
3.75,0.39869,0,0
3.76,0.39850,0,0
3.77,0.40083,0,0
3.78,0.39843,0,0
3.79,0.39823,0,0
3.80,0.40197,0,0
3.81,0.40146,0,0
3.82,0.40181,0,0
3.83,0.40246,0,0
3.84,0.39996,0,0
3.85,0.40126,0,0
3.86,0.40235,0,0
3.87,0.40481,1,0
3.88,0.40334,0,0
3.89,0.40150,0,0
3.90,0.40115,0,0
3.91,0.40184,0,0
3.92,0.40217,0,0
3.93,0.40210,0,1
3.94,0.40467,0,0
