"Time","46 sw offset","45 sw onset","34 FRx (cm)","29 HRx (cm)","11 Gr","10 Gs","9 TA","8 St","7 VL","6 BF","5 Ip","4 GM","3 Platform","2 Trdml","1 Synch"
0.00,0,0,17.172053,11.732640,0.00116,0.00318,0.00059,0.00058,0.00114,0.00100,0.00092,0.00097,0.00000,0.09446,3.27762
0.01,0,1,17.144467,11.675542,0.00233,0.00710,0.00075,0.00075,0.00076,0.00121,0.00153,0.00084,0.00013,0.09463,3.27706
0.02,0,0,17.096302,11.698905,0.00378,0.00867,0.00193,0.00089,0.00084,0.00122,0.00200,0.00092,0.00000,0.09483,3.27654
0.03,0,0,17.019497,11.941783,0.00397,0.00682,0.00420,0.00085,0.00087,0.00113,0.00188,0.00121,0.00002,0.09479,3.27767
0.04,0,0,16.817196,12.379914,0.00385,0.00484,0.00503,0.00077,0.00083,0.00091,0.00261,0.00124,0.00000,0.09406,3.27726
0.05,0,0,16.742596,12.723656,0.00293,0.00348,0.00456,0.00063,0.00085,0.00073,0.00377,0.00126,-0.00013,0.09426,3.27689
0.06,0,0,16.629018,13.032574,0.00155,0.00183,0.00397,0.00060,0.00090,0.00076,0.00585,0.00125,0.00002,0.09458,3.27721
0.07,0,0,16.536248,13.297992,0.00087,0.00065,0.00314,0.00061,0.00101,0.00076,0.00949,0.00107,0.00028,0.09459,3.27752
0.08,0,0,16.497584,13.622470,0.00064,0.00055,0.00230,0.00054,0.00127,0.00070,0.01173,0.00116,0.00015,0.09393,3.27723
0.09,0,0,16.400814,14.012464,0.00068,0.00057,0.00157,0.00047,0.00147,0.00069,0.01278,0.00144,0.00026,0.09324,3.27754
0.10,0,0,16.336548,14.470418,0.00070,0.00057,0.00123,0.00054,0.00160,0.00068,0.01162,0.00151,0.00015,0.09299,3.27767
0.11,0,0,16.235020,14.923145,0.00072,0.00058,0.00118,0.00067,0.00183,0.00070,0.00951,0.00108,0.00013,0.09315,3.27815
0.12,0,0,16.145616,15.179007,0.00074,0.00064,0.00122,0.00080,0.00169,0.00083,0.00655,0.00091,0.00028,0.09418,3.27769
0.13,1,0,16.134943,15.341218,0.00109,0.00114,0.00166,0.00102,0.00120,0.00115,0.00320,0.00079,0.00002,0.09472,3.27772
0.14,0,0,16.042907,15.267150,0.00174,0.00142,0.00140,0.00104,0.00079,0.00121,0.00275,0.00053,0.00013,0.09481,3.27748
0.15,0,0,16.253200,15.129259,0.00272,0.00103,0.00076,0.00094,0.00059,0.00116,0.00186,0.00048,0.00004,0.09472,3.27722
0.16,0,0,16.754096,15.019471,0.00260,0.00112,0.00071,0.00080,0.00055,0.00112,0.00100,0.00052,0.00028,0.09545,3.27710
0.17,0,0,17.176629,14.946969,0.00187,0.00107,0.00061,0.00086,0.00058,0.00104,0.00100,0.00051,0.00004,0.09557,3.27750
0.18,0,0,17.670583,14.826326,0.00287,0.00071,0.00064,0.00087,0.00059,0.00099,0.00099,0.00053,0.00000,0.09530,3.27696
0.19,0,0,18.168727,14.738074,0.00377,0.00068,0.00072,0.00065,0.00056,0.00094,0.00092,0.00057,0.00002,0.09468,3.27750
0.20,0,0,18.630023,14.610015,0.00455,0.00069,0.00065,0.00065,0.00058,0.00091,0.00073,0.00053,0.00004,0.09404,3.27688
0.21,0,0,18.801531,14.539235,0.00423,0.00068,0.00061,0.00067,0.00062,0.00093,0.00075,0.00055,0.00015,0.09415,3.27725
0.22,0,0,18.868194,14.416050,0.00265,0.00064,0.00069,0.00082,0.00088,0.00099,0.00076,0.00054,0.00013,0.09497,3.27718
0.23,0,0,18.925251,14.284485,0.00299,0.00071,0.00068,0.00089,0.00096,0.00101,0.00072,0.00050,0.00028,0.09545,3.27733
0.24,0,0,18.978706,14.134665,0.00305,0.00081,0.00063,0.00084,0.00087,0.00112,0.00065,0.00055,0.00028,0.09565,3.27696
0.25,0,0,18.994581,14.007782,0.00334,0.00092,0.00066,0.00079,0.00099,0.00108,0.00066,0.00057,0.00015,0.09542,3.27711
0.26,0,0,19.006053,13.875831,0.00396,0.00091,0.00067,0.00078,0.00083,0.00106,0.00071,0.00055,0.00011,0.09542,3.27718
0.27,0,0,19.006243,13.764537,0.00311,0.00075,0.00073,0.00067,0.00064,0.00104,0.00065,0.00055,0.00013,0.09557,3.27767
0.28,0,0,18.969994,13.650857,0.00253,0.00111,0.00067,0.00073,0.00081,0.00101,0.00061,0.00057,0.00004,0.09603,3.27676
0.29,0,0,18.890286,13.563010,0.00263,0.00151,0.00082,0.00090,0.00078,0.00110,0.00063,0.00066,-0.00002,0.09617,3.27684
0.30,0,0,18.781916,13.461781,0.00282,0.00136,0.00084,0.00078,0.00061,0.00099,0.00062,0.00067,0.00024,0.09545,3.27746
0.31,0,0,18.667515,13.363086,0.00249,0.00108,0.00063,0.00082,0.00069,0.00093,0.00059,0.00071,0.00000,0.09457,3.27669
0.32,0,0,18.531036,13.222438,0.00188,0.00087,0.00064,0.00091,0.00097,0.00097,0.00059,0.00092,0.00015,0.09462,3.27748
0.33,0,0,18.390165,13.121701,0.00171,0.00106,0.00061,0.00084,0.00131,0.00098,0.00065,0.00084,-0.00004,0.09552,3.27671
0.34,0,0,18.264586,12.987126,0.00139,0.00106,0.00062,0.00079,0.00167,0.00107,0.00070,0.00081,0.00013,0.09636,3.27706
0.35,0,0,18.157615,12.861270,0.00187,0.00107,0.00061,0.00083,0.00162,0.00111,0.00073,0.00100,0.00015,0.09635,3.27713
0.36,0,0,18.101369,12.764632,0.00288,0.00152,0.00060,0.00149,0.00123,0.00097,0.00067,0.00089,0.00015,0.09585,3.27759
0.37,0,0,18.028627,12.674226,0.00273,0.00182,0.00064,0.00134,0.00093,0.00084,0.00060,0.00064,-0.00011,0.09515,3.27694
0.38,0,0,17.830470,12.569213,0.00168,0.00126,0.00064,0.00068,0.00100,0.00093,0.00059,0.00082,0.00002,0.09504,3.27808
0.39,0,0,17.730585,12.467950,0.00153,0.00184,0.00066,0.00065,0.00097,0.00097,0.00057,0.00079,0.00002,0.09573,3.27734
0.40,0,0,17.612209,12.381341,0.00189,0.00223,0.00067,0.00070,0.00066,0.00095,0.00060,0.00067,0.00002,0.09599,3.27686
0.41,0,0,17.504748,12.287177,0.00154,0.00173,0.00064,0.00073,0.00092,0.00092,0.00062,0.00082,-0.00011,0.09583,3.27786
0.42,0,0,17.351597,12.208602,0.00148,0.00160,0.00060,0.00068,0.00113,0.00081,0.00065,0.00077,0.00000,0.09533,3.27708
0.43,0,0,17.263945,12.093901,0.00120,0.00179,0.00058,0.00065,0.00093,0.00078,0.00069,0.00064,0.00000,0.09440,3.27654
0.44,0,0,17.170305,12.018416,0.00159,0.00370,0.00057,0.00058,0.00073,0.00084,0.00083,0.00057,0.00015,0.09438,3.27752
0.45,0,1,17.083765,11.950216,0.00245,0.00615,0.00081,0.00071,0.00074,0.00118,0.00226,0.00086,0.00004,0.09530,3.27718
0.46,0,0,16.960078,11.919755,0.00399,0.00680,0.00183,0.00070,0.00121,0.00108,0.00355,0.00163,0.00000,0.09547,3.27745
0.47,0,0,16.812169,12.169294,0.00423,0.00600,0.00364,0.00067,0.00134,0.00084,0.00367,0.00177,0.00015,0.09547,3.27694
0.48,0,0,16.656107,12.633759,0.00318,0.00327,0.00461,0.00064,0.00101,0.00084,0.00442,0.00122,0.00042,0.09545,3.27703
0.49,0,0,16.576904,13.043037,0.00199,0.00148,0.00382,0.00054,0.00088,0.00076,0.00494,0.00118,0.00011,0.09549,3.27745
0.50,0,0,16.505513,13.383980,0.00079,0.00124,0.00277,0.00056,0.00085,0.00077,0.00758,0.00128,0.00006,0.09607,3.27686
0.51,0,0,16.418998,13.704483,0.00069,0.00056,0.00287,0.00060,0.00105,0.00071,0.01229,0.00157,0.00013,0.09639,3.27767
0.52,0,0,16.354929,14.105053,0.00067,0.00058,0.00218,0.00058,0.00139,0.00070,0.01391,0.00144,0.00015,0.09628,3.27676
0.53,0,0,16.277309,14.488491,0.00067,0.00065,0.00100,0.00056,0.00201,0.00063,0.01380,0.00134,0.00013,0.09612,3.27701
0.54,0,0,16.167661,14.895876,0.00082,0.00070,0.00119,0.00085,0.00229,0.00068,0.01016,0.00127,0.00020,0.09644,3.27755
0.55,1,0,16.054159,15.245788,0.00142,0.00073,0.00160,0.00123,0.00168,0.00123,0.00417,0.00070,0.00015,0.09664,3.27731
0.56,0,0,16.057799,15.383582,0.00202,0.00098,0.00160,0.00109,0.00136,0.00130,0.00239,0.00055,0.00015,0.09609,3.27698
0.57,0,0,16.286415,15.234777,0.00247,0.00097,0.00101,0.00073,0.00115,0.00087,0.00196,0.00052,-0.00002,0.09574,3.27755
0.58,0,0,16.794364,15.144579,0.00282,0.00070,0.00070,0.00069,0.00075,0.00091,0.00098,0.00050,0.00039,0.09574,3.27755
0.59,0,0,17.173633,15.050097,0.00210,0.00066,0.00094,0.00070,0.00065,0.00084,0.00096,0.00050,0.00017,0.09620,3.27771
0.60,0,0,17.584252,14.933172,0.00295,0.00067,0.00090,0.00076,0.00066,0.00077,0.00087,0.00054,0.00002,0.09670,3.27692
0.61,0,0,17.931793,14.815811,0.00376,0.00065,0.00061,0.00079,0.00065,0.00099,0.00090,0.00055,0.00000,0.09754,3.27711
0.62,0,0,18.186124,14.695136,0.00246,0.00065,0.00070,0.00073,0.00083,0.00093,0.00102,0.00048,0.00002,0.09738,3.27681
0.63,0,0,18.614764,14.582831,0.00203,0.00063,0.00073,0.00075,0.00080,0.00095,0.00091,0.00049,-0.00013,0.09628,3.27752
0.64,0,0,18.789462,14.467773,0.00274,0.00068,0.00063,0.00077,0.00072,0.00099,0.00097,0.00057,0.00011,0.09515,3.27708
0.65,0,0,18.852856,14.397040,0.00331,0.00070,0.00064,0.00074,0.00079,0.00090,0.00095,0.00058,0.00026,0.09485,3.27776
0.66,0,0,18.880575,14.293029,0.00301,0.00063,0.00065,0.00081,0.00069,0.00097,0.00072,0.00055,-0.00024,0.09570,3.27796
0.67,0,0,18.905747,14.161447,0.00329,0.00063,0.00062,0.00075,0.00067,0.00089,0.00071,0.00052,0.00031,0.09719,3.27738
0.68,0,0,18.971399,14.080344,0.00391,0.00065,0.00062,0.00081,0.00077,0.00083,0.00070,0.00053,0.00013,0.09671,3.27710
0.69,0,0,18.990553,13.955323,0.00334,0.00063,0.00059,0.00083,0.00078,0.00083,0.00074,0.00053,0.00017,0.09564,3.27740
0.70,0,0,18.963572,13.824454,0.00260,0.00062,0.00059,0.00066,0.00069,0.00091,0.00069,0.00051,-0.00013,0.09534,3.27759
0.71,0,0,18.949800,13.714328,0.00280,0.00063,0.00069,0.00063,0.00072,0.00095,0.00063,0.00053,0.00013,0.09544,3.27766
0.72,0,0,18.997863,13.603097,0.00257,0.00060,0.00076,0.00070,0.00073,0.00106,0.00065,0.00059,0.00017,0.09609,3.27699
0.73,0,0,18.956046,13.452714,0.00263,0.00078,0.00074,0.00076,0.00066,0.00107,0.00065,0.00060,0.00015,0.09574,3.27749
0.74,0,0,18.903075,13.358960,0.00247,0.00082,0.00071,0.00080,0.00067,0.00105,0.00058,0.00056,0.00013,0.09441,3.27708
0.75,0,0,18.809266,13.193125,0.00165,0.00098,0.00068,0.00082,0.00069,0.00101,0.00052,0.00058,0.00015,0.09395,3.27821
0.76,0,0,18.670493,13.088812,0.00163,0.00108,0.00067,0.00071,0.00070,0.00082,0.00060,0.00071,0.00017,0.09448,3.27708
0.77,0,0,18.499095,12.939336,0.00159,0.00083,0.00060,0.00069,0.00082,0.00087,0.00062,0.00071,0.00011,0.09524,3.27721
0.78,0,0,18.370738,12.824641,0.00125,0.00071,0.00065,0.00067,0.00116,0.00098,0.00069,0.00079,0.00004,0.09565,3.27735
0.79,0,0,18.246821,12.697549,0.00169,0.00073,0.00069,0.00070,0.00134,0.00095,0.00078,0.00091,0.00004,0.09551,3.27710
0.80,0,0,18.161106,12.587617,0.00238,0.00112,0.00064,0.00070,0.00153,0.00098,0.00074,0.00083,0.00000,0.09508,3.27708
0.81,0,0,18.068173,12.504668,0.00216,0.00141,0.00062,0.00059,0.00146,0.00097,0.00069,0.00095,0.00017,0.09461,3.27731
0.82,0,0,17.970316,12.398284,0.00169,0.00098,0.00060,0.00071,0.00111,0.00095,0.00064,0.00075,0.00011,0.09459,3.27706
0.83,0,0,17.839284,12.299842,0.00162,0.00066,0.00059,0.00081,0.00146,0.00095,0.00060,0.00053,0.00000,0.09512,3.27754
0.84,0,0,17.708902,12.227460,0.00143,0.00069,0.00065,0.00069,0.00184,0.00092,0.00065,0.00070,0.00024,0.09520,3.27727
0.85,0,0,17.568083,12.115774,0.00195,0.00116,0.00063,0.00063,0.00168,0.00083,0.00063,0.00071,-0.00013,0.09475,3.27791
0.86,0,0,17.481879,12.038356,0.00211,0.00187,0.00056,0.00060,0.00130,0.00070,0.00070,0.00071,0.00028,0.09434,3.27772
0.87,0,0,17.404218,11.974865,0.00126,0.00207,0.00053,0.00062,0.00096,0.00073,0.00087,0.00080,0.00017,0.09392,3.27730
0.88,0,0,17.296886,11.902487,0.00102,0.00139,0.00060,0.00063,0.00078,0.00072,0.00086,0.00090,0.00002,0.09393,3.27750
0.89,0,0,17.204044,11.837945,0.00133,0.00234,0.00075,0.00065,0.00060,0.00101,0.00111,0.00081,0.00017,0.09394,3.27725
0.90,0,1,17.036784,11.823806,0.00162,0.00681,0.00136,0.00086,0.00098,0.00128,0.00200,0.00147,-0.00002,0.09352,3.27789
0.91,0,0,16.910275,11.898782,0.00242,0.00815,0.00227,0.00088,0.00120,0.00113,0.00209,0.00202,0.00011,0.09322,3.27796
0.92,0,0,16.785816,12.242006,0.00321,0.00446,0.00411,0.00072,0.00097,0.00087,0.00256,0.00136,0.00000,0.09326,3.27752
0.93,0,0,16.686405,12.753717,0.00250,0.00257,0.00521,0.00067,0.00089,0.00075,0.00379,0.00122,0.00015,0.09354,3.27759
0.94,0,0,16.602261,13.037522,0.00148,0.00225,0.00445,0.00063,0.00103,0.00078,0.00466,0.00167,0.00002,0.09433,3.27709
0.95,0,0,16.522607,13.323967,0.00109,0.00120,0.00357,0.00055,0.00103,0.00074,0.00691,0.00155,0.00028,0.09482,3.27734
0.96,0,0,16.467259,13.647807,0.00075,0.00058,0.00268,0.00054,0.00080,0.00069,0.00895,0.00152,0.00017,0.09479,3.27776
0.97,0,0,16.413667,13.923665,0.00065,0.00056,0.00189,0.00058,0.00106,0.00064,0.01267,0.00203,0.00004,0.09436,3.27693
0.98,0,0,16.340369,14.326799,0.00070,0.00059,0.00117,0.00059,0.00153,0.00062,0.01512,0.00211,-0.00011,0.09442,3.27677
0.99,0,0,16.179593,14.885678,0.00075,0.00063,0.00096,0.00081,0.00195,0.00072,0.01069,0.00162,0.00028,0.09486,3.27759
1.00,0,0,16.068604,15.229120,0.00091,0.00068,0.00153,0.00097,0.00239,0.00095,0.00885,0.00088,0.00013,0.09524,3.27667
1.01,1,0,16.051239,15.428585,0.00124,0.00092,0.00147,0.00099,0.00171,0.00127,0.00582,0.00064,0.00017,0.09502,3.27755
1.02,0,0,16.128644,15.427050,0.00217,0.00092,0.00089,0.00092,0.00088,0.00114,0.00136,0.00059,0.00000,0.09468,3.27724
1.03,0,0,16.587036,15.308516,0.00318,0.00076,0.00069,0.00076,0.00076,0.00092,0.00121,0.00054,0.00015,0.09452,3.27686
1.04,0,0,16.968699,15.191447,0.00306,0.00071,0.00067,0.00074,0.00056,0.00102,0.00105,0.00058,0.00017,0.09520,3.27748
1.05,0,0,17.352946,15.090359,0.00333,0.00081,0.00066,0.00070,0.00054,0.00097,0.00088,0.00058,0.00009,0.09592,3.27678
1.06,0,0,17.676265,14.961930,0.00342,0.00091,0.00069,0.00067,0.00056,0.00090,0.00065,0.00056,0.00002,0.09579,3.27719
1.07,0,0,18.017558,14.842430,0.00317,0.00073,0.00075,0.00066,0.00060,0.00092,0.00075,0.00053,0.00028,0.09542,3.27859
1.08,0,0,18.418592,14.731038,0.00279,0.00066,0.00065,0.00082,0.00071,0.00108,0.00085,0.00057,0.00028,0.09489,3.27705
1.09,0,0,18.764775,14.657959,0.00291,0.00067,0.00064,0.00090,0.00082,0.00104,0.00088,0.00058,-0.00002,0.09483,3.27737
1.10,0,0,18.854264,14.549588,0.00312,0.00075,0.00066,0.00080,0.00098,0.00107,0.00087,0.00054,-0.00013,0.09559,3.27707
1.11,0,0,18.914561,14.428042,0.00330,0.00076,0.00068,0.00079,0.00085,0.00112,0.00083,0.00053,0.00000,0.09591,3.27774
1.12,0,0,18.934274,14.304771,0.00358,0.00071,0.00064,0.00070,0.00067,0.00091,0.00082,0.00052,0.00028,0.09602,3.27693
1.13,0,0,18.962058,14.177364,0.00380,0.00071,0.00065,0.00058,0.00073,0.00092,0.00079,0.00051,0.00017,0.09600,3.27728
1.14,0,0,19.016121,14.052891,0.00471,0.00070,0.00065,0.00065,0.00069,0.00098,0.00085,0.00053,0.00017,0.09572,3.27735
1.15,0,0,19.014522,13.896474,0.00361,0.00073,0.00064,0.00075,0.00067,0.00097,0.00084,0.00053,0.00002,0.09648,3.27675
1.16,0,0,19.050379,13.821068,0.00322,0.00069,0.00074,0.00071,0.00069,0.00098,0.00066,0.00053,0.00028,0.09707,3.27769
1.17,0,0,19.096163,13.674159,0.00276,0.00060,0.00066,0.00073,0.00079,0.00099,0.00063,0.00054,0.00017,0.09762,3.27676
1.18,0,0,19.113988,13.570056,0.00208,0.00090,0.00053,0.00113,0.00077,0.00099,0.00066,0.00054,0.00015,0.09795,3.27735
1.19,0,0,19.126401,13.481412,0.00308,0.00102,0.00062,0.00274,0.00080,0.00107,0.00060,0.00071,0.00015,0.09709,3.27716
1.20,0,0,19.047379,13.366657,0.00234,0.00079,0.00065,0.00293,0.00091,0.00114,0.00061,0.00085,0.00026,0.09684,3.27766
1.21,0,0,18.949473,13.221044,0.00194,0.00076,0.00065,0.00168,0.00143,0.00100,0.00065,0.00101,0.00002,0.09680,3.27722
1.22,0,0,18.855976,13.116590,0.00203,0.00074,0.00064,0.00194,0.00166,0.00104,0.00068,0.00101,0.00028,0.09616,3.27674
1.23,0,0,18.760697,13.000249,0.00182,0.00179,0.00057,0.00161,0.00104,0.00103,0.00066,0.00104,0.00002,0.09577,3.27704
1.24,0,0,18.585119,12.881193,0.00247,0.00273,0.00059,0.00288,0.00099,0.00117,0.00064,0.00110,-0.00013,0.09505,3.27772
1.25,0,0,18.421794,12.789899,0.00240,0.00233,0.00067,0.00293,0.00150,0.00126,0.00067,0.00105,0.00002,0.09429,3.27720
1.26,0,0,18.270001,12.693469,0.00206,0.00158,0.00065,0.00267,0.00159,0.00120,0.00068,0.00092,-0.00002,0.09460,3.27744
1.27,0,0,18.166557,12.588344,0.00254,0.00155,0.00062,0.00246,0.00105,0.00113,0.00070,0.00059,0.00000,0.09542,3.27721
1.28,0,0,18.060489,12.481916,0.00232,0.00150,0.00063,0.00139,0.00092,0.00086,0.00071,0.00054,0.00000,0.09645,3.27720
1.29,0,0,17.961273,12.376478,0.00206,0.00131,0.00058,0.00135,0.00100,0.00079,0.00065,0.00080,0.00026,0.09637,3.27744
1.30,0,0,17.856899,12.306546,0.00181,0.00146,0.00054,0.00068,0.00073,0.00078,0.00066,0.00077,0.00011,0.09544,3.27743
1.31,0,0,17.742485,12.220776,0.00130,0.00124,0.00058,0.00070,0.00102,0.00083,0.00082,0.00069,0.00002,0.09474,3.27684
1.32,0,0,17.623153,12.124623,0.00118,0.00155,0.00061,0.00061,0.00109,0.00084,0.00104,0.00072,0.00017,0.09502,3.27815
1.33,0,1,17.538604,12.042118,0.00219,0.00480,0.00068,0.00071,0.00072,0.00126,0.00155,0.00096,0.00002,0.09515,3.27789
1.34,0,0,17.480110,12.010151,0.00417,0.00843,0.00109,0.00086,0.00074,0.00150,0.00158,0.00108,0.00017,0.09501,3.27760
1.35,0,0,17.362597,12.179564,0.00514,0.00742,0.00243,0.00094,0.00082,0.00131,0.00208,0.00155,0.00015,0.09479,3.27782
1.36,0,0,17.173090,12.504679,0.00486,0.00555,0.00408,0.00089,0.00093,0.00105,0.00335,0.00165,0.00002,0.09458,3.27792
1.37,0,0,17.042203,12.870837,0.00307,0.00364,0.00456,0.00066,0.00087,0.00081,0.00358,0.00108,-0.00013,0.09453,3.27679
1.38,0,0,16.957713,13.067887,0.00177,0.00182,0.00434,0.00057,0.00085,0.00081,0.00364,0.00128,0.00013,0.09486,3.27754
1.39,0,0,16.843777,13.345764,0.00132,0.00140,0.00355,0.00058,0.00087,0.00078,0.00554,0.00135,-0.00013,0.09541,3.27765
1.40,0,0,16.776481,13.544637,0.00124,0.00092,0.00253,0.00058,0.00091,0.00070,0.00765,0.00141,0.00017,0.09504,3.27657
1.41,0,0,16.666812,13.789041,0.00104,0.00072,0.00241,0.00054,0.00102,0.00070,0.01078,0.00170,0.00013,0.09390,3.27741
1.42,0,0,16.578211,13.999705,0.00063,0.00060,0.00229,0.00052,0.00099,0.00069,0.01194,0.00153,0.00011,0.09352,3.27706
1.43,0,0,16.518364,14.190462,0.00064,0.00055,0.00163,0.00052,0.00123,0.00065,0.01438,0.00141,0.00015,0.09416,3.27718
1.44,0,0,16.431583,14.576883,0.00066,0.00054,0.00148,0.00054,0.00139,0.00066,0.01665,0.00168,-0.00011,0.09410,3.27804
1.45,0,0,16.334292,14.862703,0.00072,0.00056,0.00133,0.00069,0.00141,0.00065,0.01141,0.00178,0.00004,0.09394,3.27676
1.46,0,0,16.206451,15.057777,0.00087,0.00061,0.00085,0.00070,0.00177,0.00064,0.00763,0.00153,0.00039,0.09408,3.27667
1.47,0,0,16.084348,15.326138,0.00086,0.00067,0.00112,0.00062,0.00196,0.00088,0.00720,0.00098,0.00013,0.09432,3.27787
1.48,1,0,16.062855,15.459766,0.00116,0.00116,0.00142,0.00083,0.00141,0.00140,0.00465,0.00065,0.00026,0.09432,3.27684
1.49,0,0,16.011848,15.461868,0.00247,0.00122,0.00092,0.00106,0.00088,0.00156,0.00197,0.00056,0.00028,0.09402,3.27745
1.50,0,0,16.157343,15.345632,0.00351,0.00077,0.00059,0.00095,0.00079,0.00129,0.00168,0.00055,0.00015,0.09381,3.27739
1.51,0,0,16.697960,15.210287,0.00307,0.00073,0.00066,0.00078,0.00064,0.00123,0.00098,0.00056,0.00026,0.09416,3.27776
1.52,0,0,17.044742,15.098787,0.00329,0.00090,0.00065,0.00089,0.00054,0.00114,0.00078,0.00059,-0.00011,0.09397,3.27765
1.53,0,0,17.449717,14.993214,0.00389,0.00112,0.00067,0.00084,0.00060,0.00103,0.00082,0.00057,0.00002,0.09349,3.27738
1.54,0,0,17.720485,14.890170,0.00321,0.00091,0.00070,0.00067,0.00068,0.00091,0.00071,0.00048,-0.00013,0.09346,3.27706
1.55,0,0,18.005075,14.802431,0.00256,0.00062,0.00065,0.00071,0.00064,0.00092,0.00070,0.00050,0.00000,0.09385,3.27687
1.56,0,0,18.494354,14.705372,0.00378,0.00065,0.00064,0.00073,0.00061,0.00108,0.00075,0.00057,0.00000,0.09381,3.27774
1.57,0,0,18.803609,14.629117,0.00426,0.00069,0.00068,0.00069,0.00061,0.00109,0.00069,0.00056,0.00015,0.09331,3.27769
1.58,0,0,18.872620,14.531756,0.00318,0.00069,0.00066,0.00064,0.00065,0.00104,0.00071,0.00057,0.00015,0.09310,3.27725
1.59,0,0,18.868869,14.392322,0.00410,0.00069,0.00063,0.00061,0.00074,0.00095,0.00074,0.00059,0.00002,0.09319,3.27749
1.60,0,0,18.885170,14.218754,0.00375,0.00070,0.00061,0.00073,0.00074,0.00084,0.00070,0.00055,0.00000,0.09402,3.27740
1.61,0,0,18.899722,14.071312,0.00429,0.00088,0.00058,0.00119,0.00065,0.00087,0.00067,0.00051,0.00026,0.09408,3.27674
1.62,0,0,18.927826,13.958868,0.00533,0.00177,0.00063,0.00118,0.00056,0.00089,0.00065,0.00045,0.00015,0.09331,3.27742
1.63,0,0,18.954984,13.843715,0.00409,0.00173,0.00061,0.00079,0.00065,0.00105,0.00064,0.00047,0.00011,0.09319,3.27739
1.64,0,0,18.951365,13.682139,0.00364,0.00084,0.00067,0.00132,0.00067,0.00111,0.00065,0.00057,0.00004,0.09366,3.27701
1.65,0,0,18.959888,13.644606,0.00279,0.00107,0.00062,0.00184,0.00068,0.00101,0.00067,0.00064,0.00015,0.09405,3.27706
1.66,0,0,18.941897,13.529379,0.00293,0.00147,0.00054,0.00165,0.00073,0.00113,0.00070,0.00059,0.00000,0.09427,3.27691
1.67,0,0,18.968118,13.458848,0.00334,0.00150,0.00055,0.00238,0.00079,0.00121,0.00069,0.00052,0.00015,0.09423,3.27809
1.68,0,0,18.921878,13.360100,0.00244,0.00156,0.00056,0.00270,0.00082,0.00134,0.00067,0.00079,0.00015,0.09404,3.27678
1.69,0,0,18.842065,13.134382,0.00215,0.00131,0.00059,0.00277,0.00082,0.00131,0.00071,0.00099,0.00015,0.09413,3.27766
1.70,0,0,18.733952,13.011497,0.00213,0.00140,0.00057,0.00248,0.00105,0.00115,0.00082,0.00125,0.00026,0.09412,3.27710
1.71,0,0,18.652988,12.925142,0.00311,0.00210,0.00065,0.00242,0.00117,0.00119,0.00072,0.00142,-0.00009,0.09448,3.27755
1.72,0,0,18.478249,12.855085,0.00304,0.00189,0.00064,0.00336,0.00119,0.00129,0.00059,0.00132,0.00002,0.09463,3.27734
1.73,0,0,18.313597,12.759148,0.00269,0.00176,0.00064,0.00199,0.00096,0.00119,0.00060,0.00098,0.00017,0.09461,3.27697
1.74,0,0,18.207599,12.666160,0.00277,0.00236,0.00076,0.00071,0.00062,0.00096,0.00072,0.00053,-0.00011,0.09488,3.27752
1.75,0,0,18.079908,12.562357,0.00177,0.00206,0.00069,0.00146,0.00077,0.00087,0.00073,0.00075,0.00020,0.09479,3.27720
1.76,0,0,17.987370,12.471640,0.00152,0.00161,0.00055,0.00148,0.00079,0.00088,0.00065,0.00084,-0.00026,0.09429,3.27760
1.77,0,0,17.860973,12.383778,0.00199,0.00117,0.00057,0.00081,0.00102,0.00080,0.00070,0.00058,0.00015,0.09407,3.27757
1.78,0,0,17.768171,12.290430,0.00186,0.00212,0.00057,0.00069,0.00102,0.00076,0.00105,0.00057,-0.00011,0.09407,3.27669
1.79,0,0,17.609190,12.229646,0.00149,0.00256,0.00055,0.00055,0.00066,0.00070,0.00102,0.00078,0.00004,0.09412,3.27755
1.80,0,0,17.538455,12.169644,0.00151,0.00217,0.00059,0.00061,0.00061,0.00092,0.00069,0.00073,0.00002,0.09331,3.27724
1.81,0,0,17.448852,12.086254,0.00265,0.00622,0.00095,0.00066,0.00062,0.00117,0.00141,0.00078,0.00026,0.09312,3.27774
1.82,0,1,17.314105,12.072979,0.00438,0.00961,0.00148,0.00074,0.00087,0.00113,0.00197,0.00133,0.00013,0.09361,3.27758
1.83,0,0,17.183082,12.227187,0.00458,0.00767,0.00284,0.00077,0.00107,0.00098,0.00185,0.00177,0.00026,0.09393,3.27671
1.84,0,0,17.065350,12.525015,0.00385,0.00601,0.00441,0.00067,0.00108,0.00091,0.00243,0.00204,0.00026,0.09463,3.27713
1.85,0,0,16.947431,12.856553,0.00280,0.00432,0.00480,0.00059,0.00082,0.00088,0.00233,0.00169,0.00024,0.09525,3.27703
1.86,0,0,16.842899,13.062079,0.00193,0.00243,0.00410,0.00061,0.00079,0.00076,0.00370,0.00159,0.00015,0.09562,3.27721
1.87,0,0,16.699813,13.317768,0.00138,0.00187,0.00317,0.00064,0.00094,0.00071,0.00613,0.00183,0.00000,0.09590,3.27757
1.88,0,0,16.593594,13.522313,0.00096,0.00101,0.00221,0.00056,0.00100,0.00076,0.00745,0.00183,0.00017,0.09618,3.27796
1.89,0,0,16.548989,13.710223,0.00092,0.00061,0.00146,0.00051,0.00123,0.00072,0.01011,0.00234,0.00013,0.09617,3.27757
1.90,0,0,16.463251,14.051028,0.00066,0.00060,0.00153,0.00052,0.00136,0.00071,0.01352,0.00283,0.00013,0.09599,3.27762
1.91,0,0,16.375814,14.307058,0.00066,0.00057,0.00140,0.00057,0.00138,0.00074,0.01546,0.00269,0.00000,0.09579,3.27728
1.92,0,0,16.290730,14.655122,0.00069,0.00051,0.00108,0.00057,0.00128,0.00070,0.01514,0.00199,0.00000,0.09564,3.27848
1.93,0,0,16.165226,14.934309,0.00077,0.00055,0.00107,0.00076,0.00188,0.00070,0.01550,0.00219,0.00013,0.09582,3.27713
1.94,0,0,16.056121,15.131224,0.00084,0.00064,0.00090,0.00100,0.00190,0.00083,0.00976,0.00178,0.00004,0.09615,3.27682
1.95,1,0,15.990997,15.301691,0.00097,0.00070,0.00102,0.00115,0.00113,0.00096,0.00262,0.00069,-0.00009,0.09610,3.27709
1.96,0,0,15.884532,15.294022,0.00214,0.00116,0.00102,0.00127,0.00084,0.00103,0.00215,0.00064,0.00015,0.09575,3.27729
1.97,0,0,15.842547,15.161177,0.00324,0.00144,0.00066,0.00126,0.00060,0.00116,0.00149,0.00059,0.00013,0.09553,3.27674
1.98,0,0,16.012058,15.051842,0.00390,0.00122,0.00063,0.00122,0.00056,0.00133,0.00088,0.00059,-0.00013,0.09629,3.27686
1.99,0,0,16.594448,14.968303,0.00346,0.00089,0.00078,0.00102,0.00056,0.00151,0.00107,0.00056,-0.00013,0.09702,3.27693
2.00,0,0,17.065122,14.854451,0.00298,0.00087,0.00088,0.00091,0.00059,0.00130,0.00102,0.00055,0.00026,0.09688,3.27818
2.01,0,0,17.509135,14.710709,0.00257,0.00085,0.00081,0.00088,0.00065,0.00099,0.00087,0.00054,0.00000,0.09654,3.27745
2.02,0,0,17.836072,14.605561,0.00296,0.00070,0.00070,0.00081,0.00067,0.00094,0.00079,0.00053,0.00015,0.09564,3.27732
2.03,0,0,18.228018,14.538438,0.00339,0.00074,0.00063,0.00086,0.00067,0.00117,0.00067,0.00053,0.00002,0.09479,3.27731
2.04,0,0,18.694343,14.397223,0.00294,0.00073,0.00068,0.00095,0.00066,0.00113,0.00062,0.00051,0.00015,0.09467,3.27644
2.05,0,0,18.777924,14.274648,0.00499,0.00076,0.00062,0.00101,0.00059,0.00087,0.00066,0.00050,0.00017,0.09470,3.27757
2.06,0,0,18.852816,14.139845,0.00555,0.00074,0.00071,0.00096,0.00064,0.00096,0.00069,0.00053,0.00031,0.09474,3.27705
2.07,0,0,18.865473,14.024320,0.00486,0.00086,0.00076,0.00087,0.00077,0.00116,0.00066,0.00059,0.00024,0.09503,3.27689
2.08,0,0,18.904999,13.890952,0.00414,0.00086,0.00075,0.00084,0.00080,0.00105,0.00064,0.00062,0.00004,0.09499,3.27793
2.09,0,0,18.886194,13.718618,0.00355,0.00070,0.00073,0.00078,0.00071,0.00081,0.00064,0.00057,0.00017,0.09503,3.27713
2.10,0,0,18.918879,13.626422,0.00375,0.00099,0.00059,0.00131,0.00064,0.00088,0.00062,0.00074,-0.00013,0.09475,3.27784
2.11,0,0,18.940080,13.519303,0.00335,0.00102,0.00062,0.00136,0.00065,0.00100,0.00058,0.00075,0.00017,0.09459,3.27706
2.12,0,0,18.927498,13.444727,0.00312,0.00076,0.00062,0.00185,0.00067,0.00115,0.00059,0.00055,0.00015,0.09477,3.27728
2.13,0,0,18.944976,13.351977,0.00323,0.00157,0.00062,0.00185,0.00072,0.00109,0.00060,0.00082,0.00031,0.09546,3.27728
2.14,0,0,18.860154,13.184565,0.00249,0.00196,0.00068,0.00133,0.00078,0.00089,0.00064,0.00079,0.00026,0.09580,3.27755
2.15,0,0,18.783409,13.067083,0.00175,0.00116,0.00061,0.00133,0.00080,0.00090,0.00065,0.00072,0.00013,0.09590,3.27716
2.16,0,0,18.643609,12.970059,0.00180,0.00079,0.00059,0.00151,0.00118,0.00099,0.00060,0.00085,0.00015,0.09590,3.27688
2.17,0,0,18.556210,12.879251,0.00231,0.00126,0.00065,0.00200,0.00114,0.00116,0.00063,0.00102,0.00000,0.09583,3.27678
2.18,0,0,18.374452,12.747440,0.00244,0.00131,0.00063,0.00186,0.00086,0.00111,0.00069,0.00112,0.00000,0.09537,3.27738
2.19,0,0,18.261525,12.664041,0.00247,0.00164,0.00062,0.00188,0.00109,0.00113,0.00071,0.00087,0.00015,0.09564,3.27711
2.20,0,0,18.106745,12.580841,0.00287,0.00172,0.00063,0.00191,0.00130,0.00120,0.00076,0.00064,0.00028,0.09657,3.27681
2.21,0,0,18.028559,12.469433,0.00209,0.00159,0.00060,0.00129,0.00101,0.00105,0.00068,0.00047,0.00011,0.09803,3.27784
2.22,0,0,17.929333,12.379002,0.00155,0.00194,0.00065,0.00065,0.00077,0.00085,0.00057,0.00066,-0.00002,0.09783,3.27711
2.23,0,0,17.831004,12.280515,0.00169,0.00125,0.00068,0.00157,0.00116,0.00082,0.00060,0.00081,0.00004,0.09688,3.27734
2.24,0,0,17.736479,12.187055,0.00160,0.00172,0.00066,0.00157,0.00107,0.00084,0.00068,0.00069,0.00013,0.09594,3.27740
2.25,0,0,17.586062,12.083239,0.00162,0.00240,0.00059,0.00060,0.00091,0.00066,0.00078,0.00055,0.00006,0.09530,3.27683
2.26,0,0,17.474416,12.005850,0.00150,0.00176,0.00054,0.00056,0.00082,0.00060,0.00074,0.00071,0.00017,0.09588,3.27672
2.27,0,0,17.365931,11.935480,0.00116,0.00169,0.00059,0.00054,0.00065,0.00068,0.00075,0.00069,0.00015,0.09556,3.27727
2.28,0,0,17.280891,11.860002,0.00142,0.00336,0.00056,0.00060,0.00067,0.00078,0.00114,0.00060,0.00013,0.09520,3.27730
2.29,0,1,17.199515,11.800606,0.00347,0.00869,0.00085,0.00075,0.00067,0.00113,0.00157,0.00111,0.00000,0.09503,3.27688
2.30,0,0,17.017875,11.834543,0.00518,0.01017,0.00176,0.00077,0.00064,0.00125,0.00148,0.00135,0.00011,0.09520,3.27740
2.31,0,0,16.873424,12.102677,0.00357,0.00573,0.00310,0.00069,0.00056,0.00088,0.00139,0.00143,0.00013,0.09517,3.27747
2.32,0,0,16.759100,12.440738,0.00295,0.00314,0.00415,0.00068,0.00062,0.00075,0.00163,0.00144,0.00000,0.09533,3.27735
2.33,0,0,16.694210,12.704408,0.00239,0.00209,0.00453,0.00063,0.00072,0.00072,0.00255,0.00106,0.00017,0.09552,3.27659
2.34,0,0,16.578573,12.990336,0.00182,0.00202,0.00362,0.00061,0.00078,0.00082,0.00529,0.00110,0.00044,0.09575,3.27760
2.35,0,0,16.497327,13.215855,0.00174,0.00151,0.00311,0.00058,0.00088,0.00084,0.00859,0.00147,0.00031,0.09585,3.27782
2.36,0,0,16.409144,13.441060,0.00065,0.00074,0.00310,0.00053,0.00085,0.00069,0.00965,0.00137,0.00017,0.09611,3.27720
2.37,0,0,16.284864,13.670306,0.00060,0.00075,0.00201,0.00058,0.00090,0.00070,0.00990,0.00222,0.00004,0.09612,3.27739
2.38,0,0,16.200694,13.971102,0.00060,0.00059,0.00115,0.00055,0.00126,0.00072,0.01307,0.00247,0.00028,0.09602,3.27672
2.39,0,0,16.090968,14.192966,0.00066,0.00051,0.00096,0.00049,0.00139,0.00064,0.01698,0.00158,0.00013,0.09593,3.27705
2.40,0,0,15.992737,14.505230,0.00079,0.00057,0.00111,0.00052,0.00161,0.00057,0.01601,0.00165,0.00000,0.09562,3.27662
2.41,0,0,15.871587,14.619400,0.00084,0.00063,0.00119,0.00070,0.00188,0.00068,0.00905,0.00161,-0.00011,0.09567,3.27717
2.42,1,0,15.793028,14.965901,0.00085,0.00063,0.00172,0.00109,0.00145,0.00113,0.00294,0.00101,0.00000,0.09588,3.27756
2.43,0,0,15.720231,15.046969,0.00205,0.00104,0.00143,0.00128,0.00085,0.00129,0.00247,0.00055,0.00015,0.09572,3.27668
2.44,0,0,15.733340,14.935404,0.00346,0.00130,0.00065,0.00146,0.00062,0.00134,0.00192,0.00057,0.00000,0.09598,3.27779
2.45,0,0,16.011473,14.773858,0.00414,0.00134,0.00074,0.00121,0.00060,0.00157,0.00107,0.00056,0.00013,0.09670,3.27693
2.46,0,0,16.569783,14.676989,0.00409,0.00112,0.00069,0.00085,0.00074,0.00141,0.00103,0.00055,0.00015,0.09646,3.27727
2.47,0,0,16.978539,14.578146,0.00382,0.00071,0.00063,0.00091,0.00073,0.00111,0.00096,0.00052,0.00017,0.09608,3.27686
2.48,0,0,17.372480,14.453812,0.00369,0.00068,0.00074,0.00083,0.00069,0.00103,0.00101,0.00049,-0.00022,0.09590,3.27769
2.49,0,0,17.811061,14.354517,0.00408,0.00091,0.00075,0.00080,0.00066,0.00106,0.00091,0.00056,0.00013,0.09613,3.27727
2.50,0,0,17.988072,14.226604,0.00461,0.00098,0.00073,0.00086,0.00066,0.00102,0.00086,0.00058,0.00028,0.09554,3.27682
2.51,0,0,18.191473,14.112555,0.00525,0.00072,0.00073,0.00099,0.00081,0.00113,0.00085,0.00055,0.00011,0.09464,3.27749
2.52,0,0,18.440896,13.962742,0.00467,0.00068,0.00070,0.00090,0.00093,0.00107,0.00075,0.00053,0.00002,0.09393,3.27729
2.53,0,0,18.671298,13.787767,0.00357,0.00078,0.00071,0.00089,0.00099,0.00096,0.00083,0.00053,0.00026,0.09382,3.27698
2.54,0,0,18.832873,13.664597,0.00399,0.00088,0.00067,0.00093,0.00103,0.00097,0.00087,0.00054,0.00017,0.09406,3.27772
2.55,0,0,18.854973,13.575646,0.00389,0.00093,0.00065,0.00080,0.00083,0.00093,0.00068,0.00055,0.00002,0.09475,3.27755
2.56,0,0,18.914996,13.473570,0.00330,0.00091,0.00066,0.00077,0.00076,0.00102,0.00068,0.00054,0.00013,0.09485,3.27672
2.57,0,0,18.936212,13.411592,0.00293,0.00080,0.00068,0.00076,0.00103,0.00114,0.00069,0.00053,0.00015,0.09454,3.27762
2.58,0,0,18.905871,13.247083,0.00263,0.00104,0.00062,0.00075,0.00110,0.00115,0.00062,0.00074,0.00000,0.09436,3.27772
2.59,0,0,18.802701,13.074957,0.00291,0.00207,0.00059,0.00077,0.00120,0.00105,0.00062,0.00091,0.00000,0.09449,3.27721
2.60,0,0,18.676538,13.021542,0.00354,0.00214,0.00062,0.00091,0.00129,0.00104,0.00064,0.00066,0.00017,0.09546,3.27835
2.61,0,0,18.497644,12.940581,0.00240,0.00117,0.00063,0.00084,0.00129,0.00097,0.00060,0.00066,0.00026,0.09595,3.27735
2.62,0,0,18.387611,12.852092,0.00190,0.00125,0.00065,0.00080,0.00138,0.00107,0.00063,0.00112,0.00024,0.09544,3.27711
2.63,0,0,18.266935,12.762939,0.00198,0.00159,0.00061,0.00085,0.00159,0.00113,0.00068,0.00123,0.00002,0.09471,3.27739
2.64,0,0,18.109262,12.681328,0.00147,0.00206,0.00061,0.00083,0.00138,0.00100,0.00071,0.00103,0.00013,0.09499,3.27720
2.65,0,0,17.987332,12.590556,0.00233,0.00224,0.00066,0.00081,0.00085,0.00090,0.00063,0.00083,0.00013,0.09562,3.27776
2.66,0,0,17.905674,12.446762,0.00246,0.00216,0.00062,0.00067,0.00062,0.00071,0.00086,0.00069,-0.00002,0.09593,3.27762
2.67,0,0,17.796298,12.368595,0.00187,0.00159,0.00058,0.00072,0.00063,0.00075,0.00093,0.00077,0.00002,0.09595,3.27767
2.68,0,0,17.711331,12.327670,0.00177,0.00112,0.00065,0.00075,0.00069,0.00082,0.00066,0.00067,-0.00017,0.09531,3.27732
2.69,0,0,17.665473,12.230445,0.00240,0.00135,0.00067,0.00059,0.00070,0.00074,0.00083,0.00051,0.00013,0.09406,3.27672
2.70,0,0,17.524265,12.139844,0.00209,0.00210,0.00061,0.00051,0.00062,0.00067,0.00089,0.00053,0.00028,0.09462,3.27711
2.71,0,0,17.361637,12.051335,0.00212,0.00379,0.00057,0.00057,0.00058,0.00067,0.00072,0.00053,0.00013,0.09538,3.27742
2.72,0,0,17.262545,11.969815,0.00434,0.00664,0.00059,0.00066,0.00060,0.00089,0.00116,0.00079,-0.00011,0.09532,3.27697
2.73,0,1,17.151273,11.944355,0.00540,0.00812,0.00074,0.00070,0.00074,0.00101,0.00166,0.00106,-0.00013,0.09502,3.27711
2.74,0,0,17.024184,11.969459,0.00581,0.00767,0.00186,0.00078,0.00102,0.00094,0.00165,0.00122,0.00013,0.09499,3.27786
2.75,0,0,16.913311,12.169583,0.00483,0.00695,0.00376,0.00080,0.00122,0.00089,0.00216,0.00154,0.00028,0.09536,3.27762
2.76,0,0,16.828515,12.455461,0.00366,0.00541,0.00481,0.00072,0.00109,0.00086,0.00299,0.00151,0.00011,0.09585,3.27700
2.77,0,0,16.654063,12.750737,0.00275,0.00328,0.00395,0.00061,0.00086,0.00082,0.00395,0.00130,0.00000,0.09643,3.27685
2.78,0,0,16.568809,13.014119,0.00120,0.00145,0.00342,0.00058,0.00101,0.00074,0.00649,0.00162,0.00026,0.09684,3.27703
2.79,0,0,16.473495,13.280946,0.00073,0.00073,0.00267,0.00057,0.00103,0.00066,0.00866,0.00196,0.00013,0.09677,3.27749
2.80,0,0,16.408924,13.615191,0.00063,0.00069,0.00159,0.00051,0.00110,0.00066,0.01286,0.00178,0.00013,0.09616,3.27752
2.81,0,0,16.324785,13.924721,0.00065,0.00066,0.00140,0.00053,0.00138,0.00064,0.01367,0.00176,-0.00002,0.09654,3.27776
2.82,0,0,16.237243,14.371574,0.00071,0.00056,0.00113,0.00054,0.00164,0.00061,0.01173,0.00184,0.00028,0.09654,3.27768
2.83,0,0,16.135854,14.755106,0.00078,0.00054,0.00109,0.00067,0.00152,0.00065,0.01080,0.00146,-0.00011,0.09631,3.27670
2.84,0,0,16.036540,15.035731,0.00095,0.00059,0.00117,0.00076,0.00113,0.00085,0.00623,0.00092,0.00013,0.09581,3.27711
2.85,1,0,15.955157,15.167737,0.00118,0.00065,0.00143,0.00078,0.00091,0.00110,0.00233,0.00069,0.00002,0.09554,3.27737
2.86,0,0,15.899509,15.163246,0.00166,0.00069,0.00106,0.00123,0.00079,0.00115,0.00251,0.00062,0.00017,0.09575,3.27752
2.87,0,0,15.967693,14.983624,0.00247,0.00096,0.00062,0.00144,0.00080,0.00108,0.00226,0.00056,0.00011,0.09593,3.27770
2.88,0,0,16.256398,14.896203,0.00318,0.00112,0.00066,0.00113,0.00069,0.00099,0.00101,0.00055,0.00002,0.09593,3.27689
2.89,0,0,16.768862,14.803284,0.00261,0.00106,0.00079,0.00089,0.00058,0.00092,0.00122,0.00052,0.00015,0.09620,3.27764
2.90,0,0,17.245427,14.646253,0.00309,0.00113,0.00082,0.00081,0.00057,0.00098,0.00096,0.00052,0.00000,0.09597,3.27764
2.91,0,0,17.630840,14.534347,0.00374,0.00092,0.00070,0.00088,0.00063,0.00096,0.00071,0.00052,0.00002,0.09586,3.27617
2.92,0,0,18.075236,14.447132,0.00308,0.00059,0.00068,0.00084,0.00068,0.00091,0.00074,0.00051,0.00013,0.09629,3.27740
2.93,0,0,18.330907,14.345885,0.00339,0.00078,0.00069,0.00095,0.00061,0.00113,0.00071,0.00054,0.00015,0.09651,3.27764
2.94,0,0,18.532491,14.183244,0.00363,0.00089,0.00073,0.00096,0.00058,0.00117,0.00072,0.00053,-0.00011,0.09580,3.27752
2.95,0,0,18.720298,14.104909,0.00407,0.00073,0.00071,0.00074,0.00058,0.00091,0.00075,0.00051,0.00004,0.09523,3.27752
2.96,0,0,18.795683,13.944818,0.00444,0.00105,0.00068,0.00078,0.00055,0.00088,0.00072,0.00058,0.00002,0.09515,3.27709
2.97,0,0,18.801809,13.775039,0.00441,0.00103,0.00076,0.00079,0.00059,0.00104,0.00062,0.00055,0.00026,0.09510,3.27757
2.98,0,0,18.824020,13.669376,0.00380,0.00068,0.00069,0.00091,0.00080,0.00107,0.00059,0.00066,0.00017,0.09525,3.27732
2.99,0,0,18.808169,13.636119,0.00380,0.00075,0.00062,0.00085,0.00141,0.00108,0.00061,0.00081,0.00015,0.09511,3.27735
3.00,0,0,18.852956,13.505489,0.00374,0.00101,0.00076,0.00098,0.00192,0.00104,0.00067,0.00065,-0.00002,0.09559,3.27676
3.01,0,0,18.927242,13.368465,0.00315,0.00144,0.00078,0.00112,0.00149,0.00093,0.00068,0.00057,0.00002,0.09609,3.27737
3.02,0,0,18.978071,13.193317,0.00318,0.00164,0.00065,0.00175,0.00111,0.00101,0.00063,0.00064,0.00013,0.09625,3.27795
3.03,0,0,19.050256,13.148670,0.00316,0.00192,0.00069,0.00203,0.00113,0.00097,0.00060,0.00063,0.00017,0.09640,3.27730
3.04,0,0,19.066898,13.031028,0.00258,0.00210,0.00070,0.00194,0.00126,0.00099,0.00063,0.00079,0.00026,0.09633,3.27693
3.05,0,0,19.028666,12.923500,0.00244,0.00187,0.00066,0.00335,0.00151,0.00106,0.00065,0.00084,0.00015,0.09546,3.27694
3.06,0,0,18.913944,12.833544,0.00271,0.00216,0.00064,0.00327,0.00186,0.00102,0.00065,0.00081,0.00020,0.09501,3.27805
3.07,0,0,18.827802,12.702478,0.00215,0.00166,0.00065,0.00357,0.00243,0.00117,0.00075,0.00107,-0.00011,0.09518,3.27739
3.08,0,0,18.699072,12.586048,0.00145,0.00093,0.00060,0.00348,0.00253,0.00118,0.00079,0.00160,0.00026,0.09604,3.27723
3.09,0,0,18.554572,12.485437,0.00206,0.00184,0.00056,0.00193,0.00229,0.00120,0.00069,0.00133,-0.00013,0.09620,3.27667
3.10,0,0,18.416812,12.398553,0.00251,0.00256,0.00075,0.00145,0.00148,0.00103,0.00075,0.00061,0.00013,0.09645,3.27754
3.11,0,0,18.341962,12.298302,0.00191,0.00226,0.00076,0.00090,0.00120,0.00080,0.00082,0.00062,0.00026,0.09662,3.27739
3.12,0,0,18.256013,12.221952,0.00185,0.00262,0.00062,0.00060,0.00118,0.00075,0.00071,0.00091,0.00015,0.09557,3.27723
3.13,0,0,18.142075,12.135733,0.00168,0.00238,0.00058,0.00067,0.00100,0.00072,0.00070,0.00085,-0.00011,0.09442,3.27665
3.14,0,0,18.034056,12.076387,0.00134,0.00208,0.00057,0.00065,0.00092,0.00071,0.00083,0.00066,0.00011,0.09479,3.27743
3.15,0,0,17.837900,11.999035,0.00126,0.00225,0.00058,0.00058,0.00082,0.00071,0.00094,0.00074,0.00015,0.09523,3.27760
3.16,0,0,17.710034,11.958317,0.00116,0.00232,0.00055,0.00060,0.00082,0.00069,0.00077,0.00075,0.00015,0.09448,3.27690
3.17,0,0,17.643660,11.862785,0.00146,0.00302,0.00056,0.00055,0.00058,0.00073,0.00086,0.00075,0.00028,0.09328,3.27758
3.18,0,1,17.518248,11.820458,0.00263,0.00660,0.00092,0.00083,0.00073,0.00102,0.00160,0.00131,0.00002,0.09299,3.27723
3.19,0,0,17.388724,11.822530,0.00385,0.00931,0.00214,0.00092,0.00116,0.00101,0.00212,0.00169,0.00000,0.09377,3.27676
3.20,0,0,17.273340,12.101965,0.00364,0.00614,0.00277,0.00067,0.00115,0.00078,0.00178,0.00146,-0.00002,0.09493,3.27815
3.21,0,0,17.164301,12.560393,0.00290,0.00321,0.00361,0.00062,0.00087,0.00083,0.00267,0.00138,0.00028,0.09529,3.27715
3.22,0,0,17.113648,12.883335,0.00218,0.00296,0.00389,0.00062,0.00082,0.00089,0.00381,0.00125,0.00015,0.09525,3.27798
3.23,0,0,16.939739,13.091287,0.00172,0.00234,0.00283,0.00059,0.00087,0.00084,0.00523,0.00142,0.00009,0.09488,3.27776
3.24,0,0,16.788306,13.295069,0.00127,0.00133,0.00303,0.00059,0.00091,0.00076,0.00635,0.00170,0.00002,0.09414,3.27703
3.25,0,0,16.651629,13.545023,0.00068,0.00083,0.00332,0.00055,0.00096,0.00067,0.00828,0.00172,0.00015,0.09357,3.27693
3.26,0,0,16.586137,13.815357,0.00064,0.00073,0.00254,0.00057,0.00100,0.00065,0.01041,0.00190,0.00015,0.09358,3.27720
3.27,0,0,16.497139,14.016157,0.00067,0.00073,0.00206,0.00055,0.00078,0.00067,0.01074,0.00194,0.00015,0.09377,3.27689
3.28,0,0,16.440918,14.299178,0.00066,0.00057,0.00160,0.00054,0.00081,0.00069,0.01200,0.00222,0.00015,0.09411,3.27723
3.29,0,0,16.355993,14.488685,0.00068,0.00059,0.00099,0.00053,0.00108,0.00065,0.01524,0.00217,0.00015,0.09387,3.27693
3.30,0,0,16.292098,14.673415,0.00080,0.00059,0.00092,0.00051,0.00131,0.00062,0.01581,0.00182,-0.00002,0.09435,3.27722
3.31,0,0,16.172592,14.910066,0.00085,0.00060,0.00075,0.00064,0.00139,0.00066,0.01052,0.00129,0.00011,0.09541,3.27713
3.32,1,0,16.047004,15.082166,0.00082,0.00060,0.00085,0.00106,0.00156,0.00096,0.00646,0.00096,0.00002,0.09531,3.27709
3.33,0,0,15.968469,15.188084,0.00104,0.00112,0.00107,0.00148,0.00135,0.00131,0.00444,0.00114,0.00002,0.09462,3.27710
3.34,0,0,15.847771,15.078505,0.00194,0.00116,0.00091,0.00140,0.00079,0.00141,0.00209,0.00083,0.00042,0.09300,3.27759
3.35,0,0,15.780872,14.958478,0.00372,0.00090,0.00094,0.00109,0.00058,0.00124,0.00091,0.00051,-0.00011,0.09609,3.27730
3.36,0,0,15.845121,14.845130,0.00362,0.00094,0.00096,0.00099,0.00056,0.00106,0.00110,0.00051,0.00039,0.09719,3.27735
3.37,0,0,16.143512,14.703741,0.00269,0.00072,0.00066,0.00128,0.00062,0.00110,0.00099,0.00050,0.00000,0.09589,3.27717
3.38,0,0,16.764203,14.566932,0.00293,0.00066,0.00063,0.00133,0.00065,0.00106,0.00071,0.00054,-0.00011,0.09589,3.27747
3.39,0,0,17.225162,14.456682,0.00339,0.00068,0.00079,0.00106,0.00062,0.00096,0.00090,0.00056,-0.00013,0.09492,3.27725
3.40,0,0,17.640640,14.353026,0.00323,0.00068,0.00076,0.00098,0.00060,0.00101,0.00096,0.00052,0.00002,0.09411,3.27744
3.41,0,0,17.960086,14.269076,0.00383,0.00065,0.00063,0.00093,0.00063,0.00090,0.00076,0.00052,-0.00002,0.09397,3.27727
3.42,0,0,18.235835,14.149115,0.00450,0.00072,0.00076,0.00095,0.00058,0.00089,0.00064,0.00055,-0.00024,0.09434,3.27767
3.43,0,0,18.438626,14.083152,0.00392,0.00072,0.00074,0.00108,0.00060,0.00111,0.00076,0.00054,-0.00013,0.09440,3.27695
3.44,0,0,18.582819,13.923322,0.00320,0.00074,0.00059,0.00083,0.00067,0.00098,0.00078,0.00054,-0.00013,0.09450,3.27757
3.45,0,0,18.713467,13.749696,0.00297,0.00077,0.00060,0.00070,0.00086,0.00081,0.00071,0.00051,0.00013,0.09394,3.27717
3.46,0,0,18.771327,13.663582,0.00385,0.00073,0.00063,0.00079,0.00086,0.00092,0.00072,0.00052,-0.00002,0.09380,3.27740
3.47,0,0,18.793240,13.592757,0.00375,0.00076,0.00060,0.00085,0.00063,0.00096,0.00068,0.00055,0.00000,0.09410,3.27730
3.48,0,0,18.839540,13.489609,0.00309,0.00098,0.00058,0.00088,0.00065,0.00102,0.00066,0.00050,0.00031,0.09418,3.27695
3.49,0,0,18.865750,13.349638,0.00267,0.00093,0.00060,0.00099,0.00077,0.00102,0.00069,0.00054,0.00002,0.09413,3.27768
3.50,0,0,18.970226,13.204576,0.00299,0.00104,0.00058,0.00118,0.00086,0.00100,0.00063,0.00071,0.00011,0.09384,3.27642
3.51,0,0,18.972556,13.149985,0.00324,0.00217,0.00059,0.00114,0.00087,0.00103,0.00068,0.00080,-0.00013,0.09370,3.27711
3.52,0,0,18.880964,13.022440,0.00240,0.00193,0.00067,0.00102,0.00090,0.00110,0.00077,0.00070,-0.00002,0.09376,3.27734
3.53,0,0,18.690396,12.900220,0.00161,0.00106,0.00069,0.00167,0.00115,0.00116,0.00087,0.00073,0.00000,0.09436,3.27716
3.54,0,0,18.525134,12.788503,0.00214,0.00185,0.00063,0.00222,0.00130,0.00103,0.00080,0.00111,0.00017,0.09520,3.27743
3.55,0,0,18.400082,12.710170,0.00254,0.00212,0.00059,0.00151,0.00112,0.00093,0.00070,0.00096,-0.00011,0.09600,3.27698
3.56,0,0,18.241041,12.590999,0.00244,0.00211,0.00060,0.00157,0.00115,0.00090,0.00074,0.00082,0.00002,0.09645,3.27762
3.57,0,0,18.129010,12.479601,0.00273,0.00201,0.00060,0.00156,0.00101,0.00090,0.00065,0.00081,0.00017,0.09649,3.27738
3.58,0,0,18.020500,12.326803,0.00193,0.00154,0.00063,0.00085,0.00091,0.00082,0.00068,0.00055,0.00004,0.09664,3.27682
3.59,0,0,17.896756,12.262028,0.00195,0.00174,0.00066,0.00077,0.00127,0.00082,0.00075,0.00068,-0.00004,0.09677,3.27730
3.60,0,0,17.811226,12.207857,0.00226,0.00183,0.00062,0.00067,0.00096,0.00078,0.00065,0.00068,-0.00013,0.09608,3.27693
3.61,0,0,17.754219,12.095131,0.00152,0.00165,0.00061,0.00063,0.00077,0.00070,0.00100,0.00061,0.00024,0.09540,3.27737
3.62,0,0,17.655518,12.028244,0.00139,0.00262,0.00061,0.00062,0.00079,0.00076,0.00107,0.00078,-0.00011,0.09537,3.27722
3.63,0,0,17.492838,11.974955,0.00213,0.00440,0.00061,0.00064,0.00057,0.00089,0.00081,0.00086,0.00009,0.09539,3.27661
3.64,0,1,17.452191,11.967103,0.00299,0.00689,0.00081,0.00075,0.00065,0.00100,0.00134,0.00099,0.00000,0.09486,3.27705
3.65,0,0,17.297423,12.024071,0.00418,0.00683,0.00153,0.00086,0.00070,0.00091,0.00202,0.00110,0.00002,0.09410,3.27744
3.66,0,0,17.117792,12.199089,0.00370,0.00558,0.00360,0.00082,0.00088,0.00084,0.00238,0.00140,0.00015,0.09398,3.27718
3.67,0,0,16.990793,12.580798,0.00307,0.00551,0.00404,0.00073,0.00101,0.00086,0.00333,0.00184,0.00000,0.09442,3.27786
3.68,0,0,16.909753,12.857063,0.00331,0.00494,0.00394,0.00072,0.00093,0.00088,0.00411,0.00171,0.00015,0.09521,3.27767
3.69,0,0,16.815623,13.074750,0.00275,0.00311,0.00478,0.00067,0.00102,0.00077,0.00561,0.00143,0.00015,0.09599,3.27708
3.70,0,0,16.769168,13.296544,0.00168,0.00135,0.00364,0.00058,0.00102,0.00067,0.00678,0.00154,0.00015,0.09607,3.27649
3.71,0,0,16.715114,13.608075,0.00071,0.00096,0.00231,0.00058,0.00088,0.00069,0.01027,0.00150,-0.00011,0.09535,3.27735
3.72,0,0,16.564771,13.915797,0.00066,0.00054,0.00176,0.00057,0.00108,0.00070,0.01443,0.00155,0.00013,0.09534,3.27734
3.73,0,0,16.486252,14.181600,0.00071,0.00056,0.00127,0.00051,0.00153,0.00072,0.01373,0.00181,0.00013,0.09562,3.27797
3.74,0,0,16.392079,14.531754,0.00073,0.00054,0.00104,0.00049,0.00162,0.00068,0.01471,0.00149,0.00000,0.09546,3.27766
3.75,0,0,16.280993,14.919592,0.00068,0.00060,0.00097,0.00062,0.00137,0.00088,0.01164,0.00114,0.00013,0.09465,3.27721
3.76,0,0,16.185758,15.063993,0.00085,0.00067,0.00090,0.00087,0.00130,0.00098,0.00552,0.00099,0.00015,0.09439,3.27748
3.77,1,0,16.095573,15.143916,0.00096,0.00079,0.00111,0.00113,0.00109,0.00097,0.00319,0.00084,0.00002,0.09473,3.27748
3.78,0,0,16.092016,15.101460,0.00231,0.00122,0.00095,0.00150,0.00082,0.00125,0.00144,0.00076,0.00044,0.09579,3.27676
3.79,0,0,16.014292,15.010472,0.00343,0.00116,0.00070,0.00129,0.00070,0.00129,0.00085,0.00059,-0.00009,0.09677,3.27710
3.80,0,0,15.938133,14.914920,0.00385,0.00098,0.00071,0.00114,0.00060,0.00131,0.00075,0.00055,0.00000,0.09718,3.27794
3.81,0,0,16.560957,14.822358,0.00408,0.00093,0.00069,0.00115,0.00057,0.00115,0.00107,0.00048,0.00017,0.09766,3.27745
3.82,0,0,17.055982,14.731101,0.00322,0.00067,0.00072,0.00081,0.00057,0.00082,0.00114,0.00050,-0.00013,0.09715,3.27721
3.83,0,0,17.543519,14.594949,0.00257,0.00064,0.00070,0.00086,0.00069,0.00083,0.00089,0.00055,0.00002,0.09618,3.27757
3.84,0,0,17.941249,14.503410,0.00282,0.00061,0.00067,0.00089,0.00085,0.00097,0.00088,0.00054,0.00002,0.09550,3.27750
3.85,0,0,18.453030,14.378812,0.00285,0.00061,0.00065,0.00081,0.00077,0.00107,0.00075,0.00054,0.00000,0.09525,3.27667
3.86,0,0,18.739851,14.282576,0.00222,0.00066,0.00066,0.00093,0.00065,0.00105,0.00063,0.00056,0.00015,0.09523,3.27660
3.87,0,0,18.828128,14.168168,0.00334,0.00071,0.00077,0.00092,0.00063,0.00100,0.00069,0.00055,0.00015,0.09515,3.27672
3.88,0,0,18.855005,14.027907,0.00408,0.00067,0.00070,0.00074,0.00061,0.00092,0.00067,0.00052,0.00002,0.09554,3.27662
3.89,0,0,18.912573,13.901301,0.00469,0.00062,0.00061,0.00086,0.00065,0.00092,0.00059,0.00049,0.00037,0.09581,3.27744
3.90,0,0,18.941763,13.799613,0.00469,0.00064,0.00067,0.00102,0.00101,0.00099,0.00063,0.00055,-0.00004,0.09587,3.27779
3.91,0,0,18.960263,13.696545,0.00361,0.00066,0.00065,0.00097,0.00108,0.00094,0.00068,0.00059,0.00000,0.09603,3.27789
3.92,0,0,18.979417,13.580327,0.00358,0.00076,0.00062,0.00104,0.00105,0.00098,0.00074,0.00055,0.00000,0.09602,3.27784
3.93,0,0,19.004450,13.437020,0.00279,0.00077,0.00062,0.00109,0.00136,0.00100,0.00075,0.00049,0.00028,0.09543,3.27682
3.94,0,0,19.009550,13.350222,0.00287,0.00148,0.00077,0.00088,0.00099,0.00090,0.00069,0.00052,0.00000,0.09504,3.27718
3.95,0,0,18.963640,13.222584,0.00286,0.00219,0.00075,0.00161,0.00088,0.00119,0.00071,0.00057,0.00000,0.09522,3.27758
3.96,0,0,19.027482,13.121002,0.00298,0.00216,0.00065,0.00184,0.00121,0.00115,0.00067,0.00058,0.00004,0.09531,3.27747
3.97,0,0,19.104152,12.986836,0.00313,0.00180,0.00071,0.00167,0.00132,0.00106,0.00065,0.00054,0.00000,0.09567,3.27784
3.98,0,0,19.034970,12.901896,0.00250,0.00150,0.00066,0.00274,0.00136,0.00116,0.00077,0.00067,0.00028,0.09557,3.27728
3.99,0,0,18.918045,12.781826,0.00280,0.00147,0.00065,0.00280,0.00188,0.00106,0.00078,0.00098,-0.00002,0.09497,3.27747
4.00,0,0,18.806837,12.671990,0.00236,0.00109,0.00066,0.00360,0.00221,0.00110,0.00071,0.00102,0.00028,0.09464,3.27740
4.01,0,0,18.671640,12.534926,0.00186,0.00086,0.00064,0.00372,0.00201,0.00103,0.00072,0.00108,0.00000,0.09492,3.27677
4.02,0,0,18.513586,12.450851,0.00191,0.00158,0.00066,0.00281,0.00185,0.00109,0.00067,0.00101,-0.00002,0.09542,3.27711
4.03,0,0,18.421477,12.299591,0.00266,0.00190,0.00066,0.00192,0.00158,0.00101,0.00061,0.00063,0.00000,0.09672,3.27708
4.04,0,0,18.327291,12.215354,0.00289,0.00159,0.00055,0.00076,0.00169,0.00097,0.00070,0.00064,0.00011,0.09697,3.27711
4.05,0,0,18.204328,12.143945,0.00185,0.00195,0.00056,0.00068,0.00125,0.00095,0.00080,0.00069,0.00013,0.09584,3.27710
4.06,0,0,18.093418,12.068118,0.00142,0.00195,0.00059,0.00057,0.00110,0.00077,0.00070,0.00062,0.00017,0.09506,3.27684
4.07,0,0,17.948061,11.982896,0.00137,0.00224,0.00053,0.00058,0.00139,0.00069,0.00065,0.00066,-0.00009,0.09481,3.27752
4.08,0,0,17.861998,11.897504,0.00113,0.00276,0.00057,0.00056,0.00095,0.00063,0.00069,0.00067,-0.00002,0.09515,3.27718
4.09,0,0,17.729435,11.871158,0.00176,0.00502,0.00073,0.00063,0.00073,0.00098,0.00131,0.00086,0.00013,0.09493,3.27740
4.10,0,1,17.581281,11.849742,0.00352,0.00843,0.00160,0.00074,0.00082,0.00124,0.00175,0.00120,-0.00004,0.09427,3.27674
4.11,0,0,17.474634,12.005593,0.00414,0.00717,0.00319,0.00080,0.00083,0.00137,0.00145,0.00114,0.00002,0.09376,3.27711
4.12,0,0,17.381575,12.352618,0.00304,0.00440,0.00394,0.00071,0.00077,0.00115,0.00204,0.00094,0.00011,0.09382,3.27700
4.13,0,0,17.298828,12.840292,0.00200,0.00475,0.00415,0.00060,0.00074,0.00074,0.00379,0.00097,0.00028,0.09435,3.27791
4.14,0,0,17.153533,13.124826,0.00184,0.00347,0.00405,0.00057,0.00072,0.00071,0.00494,0.00106,0.00026,0.09539,3.27741
4.15,0,0,17.016753,13.377246,0.00272,0.00248,0.00407,0.00061,0.00083,0.00070,0.00538,0.00160,0.00024,0.09590,3.27724
4.16,0,0,16.905282,13.594429,0.00251,0.00322,0.00471,0.00066,0.00097,0.00072,0.00939,0.00191,0.00002,0.09576,3.27715
4.17,0,0,16.819542,13.839724,0.00118,0.00173,0.00366,0.00059,0.00111,0.00075,0.01303,0.00181,0.00015,0.09509,3.27730
4.18,0,0,16.725440,14.154301,0.00065,0.00062,0.00210,0.00052,0.00120,0.00075,0.01337,0.00167,0.00026,0.09438,3.27687
4.19,0,0,16.655230,14.378716,0.00068,0.00055,0.00141,0.00053,0.00131,0.00068,0.01295,0.00155,-0.00013,0.09457,3.27713
4.20,0,0,16.570064,14.773899,0.00067,0.00049,0.00112,0.00055,0.00170,0.00066,0.01100,0.00148,0.00000,0.09490,3.27771
4.21,0,0,16.497003,15.110134,0.00073,0.00051,0.00114,0.00059,0.00197,0.00067,0.01067,0.00154,0.00002,0.09501,3.27786
4.22,0,0,16.389479,15.311879,0.00079,0.00061,0.00117,0.00084,0.00185,0.00078,0.00973,0.00131,0.00028,0.09441,3.27752
4.23,1,0,16.301498,15.454809,0.00093,0.00092,0.00127,0.00101,0.00120,0.00103,0.00444,0.00081,0.00013,0.09369,3.27766
4.24,0,0,16.201310,15.432268,0.00216,0.00111,0.00104,0.00123,0.00079,0.00110,0.00125,0.00069,0.00002,0.09363,3.27754
4.25,0,0,16.095720,15.315043,0.00356,0.00127,0.00067,0.00146,0.00071,0.00111,0.00114,0.00056,0.00026,0.09532,3.27654
4.26,0,0,16.150540,15.206754,0.00371,0.00154,0.00068,0.00144,0.00058,0.00126,0.00080,0.00051,0.00013,0.09683,3.27761
4.27,0,0,16.516475,15.088303,0.00330,0.00114,0.00072,0.00132,0.00060,0.00109,0.00087,0.00050,0.00013,0.09706,3.27781
4.28,0,0,17.083067,15.000207,0.00281,0.00067,0.00075,0.00098,0.00063,0.00086,0.00112,0.00052,0.00015,0.09663,3.27752
4.29,0,0,17.582357,14.870676,0.00260,0.00067,0.00078,0.00086,0.00066,0.00093,0.00118,0.00056,0.00011,0.09598,3.27770
4.30,0,0,18.021560,14.783676,0.00372,0.00066,0.00065,0.00085,0.00084,0.00093,0.00102,0.00064,0.00000,0.09545,3.27728
4.31,0,0,18.547930,14.660597,0.00481,0.00069,0.00057,0.00093,0.00086,0.00113,0.00082,0.00062,0.00011,0.09514,3.27699
4.32,0,0,18.780138,14.575488,0.00384,0.00073,0.00064,0.00096,0.00071,0.00113,0.00068,0.00058,-0.00009,0.09497,3.27698
4.33,0,0,18.885088,14.431824,0.00402,0.00075,0.00069,0.00089,0.00070,0.00114,0.00059,0.00054,0.00020,0.09524,3.27727
4.34,0,0,18.970375,14.312544,0.00466,0.00076,0.00072,0.00087,0.00068,0.00110,0.00062,0.00052,0.00017,0.09495,3.27742
4.35,0,0,19.002797,14.156925,0.00389,0.00089,0.00076,0.00079,0.00068,0.00110,0.00072,0.00056,0.00013,0.09524,3.27718
4.36,0,0,18.985902,14.046060,0.00318,0.00086,0.00069,0.00094,0.00080,0.00144,0.00076,0.00055,0.00028,0.09602,3.27757
4.37,0,0,18.990376,13.908069,0.00292,0.00063,0.00063,0.00096,0.00087,0.00121,0.00075,0.00057,0.00028,0.09609,3.27731
4.38,0,0,19.002928,13.793247,0.00400,0.00067,0.00064,0.00086,0.00075,0.00090,0.00066,0.00056,0.00011,0.09571,3.27711
4.39,0,0,19.011878,13.643774,0.00292,0.00075,0.00065,0.00085,0.00076,0.00114,0.00065,0.00057,-0.00026,0.09560,3.27730
4.40,0,0,19.085941,13.578140,0.00246,0.00112,0.00062,0.00081,0.00081,0.00114,0.00063,0.00064,0.00015,0.09600,3.27701
4.41,0,0,19.109660,13.433271,0.00270,0.00112,0.00062,0.00209,0.00153,0.00095,0.00061,0.00068,0.00013,0.09615,3.27806
4.42,0,0,19.075384,13.311578,0.00318,0.00152,0.00064,0.00272,0.00152,0.00107,0.00068,0.00061,0.00026,0.09680,3.27696
4.43,0,0,19.062794,13.184496,0.00361,0.00233,0.00066,0.00254,0.00133,0.00120,0.00067,0.00064,0.00009,0.09711,3.27724
4.44,0,0,18.990989,13.112915,0.00247,0.00213,0.00062,0.00256,0.00168,0.00122,0.00062,0.00090,0.00011,0.09703,3.27757
4.45,0,0,18.890834,13.005356,0.00235,0.00147,0.00061,0.00276,0.00133,0.00123,0.00068,0.00080,0.00015,0.09684,3.27703
4.46,0,0,18.766394,12.907496,0.00211,0.00148,0.00067,0.00339,0.00130,0.00128,0.00071,0.00092,0.00024,0.09702,3.27789
4.47,0,0,18.686732,12.811525,0.00256,0.00149,0.00075,0.00257,0.00114,0.00109,0.00067,0.00096,0.00015,0.09657,3.27755
4.48,0,0,18.507431,12.696620,0.00241,0.00144,0.00073,0.00285,0.00106,0.00100,0.00063,0.00074,0.00015,0.09622,3.27764
4.49,0,0,18.391828,12.603629,0.00201,0.00127,0.00066,0.00284,0.00114,0.00094,0.00060,0.00099,0.00017,0.09601,3.27754
4.50,0,0,18.296351,12.492727,0.00271,0.00151,0.00064,0.00132,0.00120,0.00083,0.00070,0.00085,0.00017,0.09669,3.27635
4.51,0,0,18.155942,12.391917,0.00281,0.00201,0.00063,0.00085,0.00139,0.00087,0.00067,0.00054,-0.00009,0.09680,3.27757
4.52,0,0,18.076050,12.312284,0.00218,0.00124,0.00056,0.00085,0.00105,0.00086,0.00065,0.00082,0.00000,0.09709,3.27676
4.53,0,0,18.006456,12.243872,0.00153,0.00120,0.00053,0.00069,0.00095,0.00079,0.00066,0.00084,0.00000,0.09658,3.27791
4.54,0,0,17.901953,12.133457,0.00150,0.00216,0.00052,0.00064,0.00092,0.00078,0.00079,0.00056,0.00002,0.09589,3.27694
4.55,0,0,17.748422,12.029755,0.00166,0.00351,0.00055,0.00061,0.00060,0.00089,0.00093,0.00054,0.00000,0.09550,3.27721
4.56,0,1,17.613664,11.975502,0.00260,0.00607,0.00098,0.00063,0.00072,0.00107,0.00170,0.00098,0.00002,0.09504,3.27740
4.57,0,0,17.558340,12.077462,0.00417,0.00925,0.00221,0.00081,0.00085,0.00134,0.00180,0.00137,0.00026,0.09487,3.27720
4.58,0,0,17.457499,12.350875,0.00356,0.00929,0.00369,0.00088,0.00107,0.00109,0.00164,0.00152,0.00002,0.09434,3.27750
4.59,0,0,17.321875,12.822741,0.00228,0.00568,0.00415,0.00073,0.00099,0.00072,0.00290,0.00132,0.00000,0.09405,3.27634
4.60,0,0,17.191956,13.043917,0.00200,0.00258,0.00329,0.00062,0.00071,0.00078,0.00407,0.00111,0.00006,0.09397,3.27728
4.61,0,0,17.049091,13.221356,0.00197,0.00338,0.00345,0.00074,0.00093,0.00085,0.00608,0.00154,0.00000,0.09486,3.27754
4.62,0,0,16.928107,13.348858,0.00176,0.00360,0.00408,0.00071,0.00109,0.00085,0.00917,0.00162,0.00011,0.09556,3.27728
4.63,0,0,16.805753,13.535190,0.00127,0.00250,0.00355,0.00065,0.00108,0.00081,0.01189,0.00209,0.00015,0.09576,3.27711
4.64,0,0,16.725748,13.815024,0.00076,0.00184,0.00228,0.00062,0.00123,0.00077,0.01506,0.00296,0.00000,0.09570,3.27749
4.65,0,0,16.636610,14.024152,0.00064,0.00104,0.00212,0.00059,0.00124,0.00076,0.01688,0.00313,0.00028,0.09549,3.27628
4.66,0,0,16.546213,14.275454,0.00070,0.00082,0.00205,0.00058,0.00128,0.00071,0.01811,0.00302,0.00028,0.09543,3.27671
4.67,0,0,16.475652,14.467662,0.00072,0.00048,0.00124,0.00049,0.00123,0.00063,0.01514,0.00280,-0.00022,0.09553,3.27740
4.68,0,0,16.363288,14.625952,0.00074,0.00055,0.00097,0.00052,0.00132,0.00065,0.01422,0.00216,0.00000,0.09559,3.27667
4.69,0,0,16.238727,14.805933,0.00076,0.00055,0.00074,0.00052,0.00144,0.00065,0.01818,0.00180,0.00015,0.09498,3.27671
4.70,1,0,16.109506,14.956913,0.00074,0.00062,0.00093,0.00081,0.00125,0.00076,0.01087,0.00141,0.00013,0.09459,3.27677
4.71,0,0,16.020428,15.075849,0.00097,0.00071,0.00115,0.00106,0.00088,0.00098,0.00259,0.00085,0.00013,0.09472,3.27718
4.72,0,0,15.917062,15.038792,0.00227,0.00089,0.00101,0.00142,0.00071,0.00116,0.00150,0.00076,-0.00015,0.09485,3.27708
4.73,0,0,15.838118,14.922540,0.00377,0.00107,0.00071,0.00152,0.00066,0.00126,0.00100,0.00057,-0.00011,0.09515,3.27684
4.74,0,0,15.806511,14.782930,0.00308,0.00082,0.00065,0.00103,0.00059,0.00101,0.00092,0.00049,0.00026,0.09551,3.27721
4.75,0,0,15.973749,14.684621,0.00292,0.00057,0.00064,0.00086,0.00064,0.00094,0.00088,0.00051,0.00017,0.09516,3.27782
4.76,0,0,16.556011,14.580466,0.00316,0.00060,0.00065,0.00114,0.00077,0.00114,0.00083,0.00049,0.00002,0.09486,3.27703
4.77,0,0,17.039453,14.469932,0.00274,0.00062,0.00068,0.00099,0.00077,0.00105,0.00105,0.00046,0.00011,0.09474,3.27641
4.78,0,0,17.488987,14.375238,0.00347,0.00061,0.00070,0.00071,0.00068,0.00096,0.00104,0.00053,0.00002,0.09480,3.27749
4.79,0,0,17.796648,14.255914,0.00349,0.00062,0.00072,0.00079,0.00076,0.00102,0.00082,0.00055,0.00000,0.09498,3.27708
4.80,0,0,18.094127,14.138568,0.00320,0.00060,0.00067,0.00083,0.00098,0.00100,0.00073,0.00050,0.00002,0.09477,3.27762
4.81,0,0,18.577921,13.963920,0.00318,0.00064,0.00058,0.00088,0.00128,0.00107,0.00076,0.00052,0.00013,0.09345,3.27747
4.82,0,0,18.770887,13.860273,0.00306,0.00069,0.00061,0.00075,0.00107,0.00112,0.00077,0.00051,0.00002,0.09242,3.27801
4.83,0,0,18.855443,13.742692,0.00249,0.00065,0.00065,0.00068,0.00075,0.00092,0.00075,0.00055,-0.00002,0.09184,3.27713
4.84,0,0,18.922548,13.641142,0.00218,0.00063,0.00062,0.00089,0.00113,0.00095,0.00077,0.00056,0.00011,0.09272,3.27748
4.85,0,0,18.922779,13.505816,0.00275,0.00063,0.00057,0.00094,0.00115,0.00112,0.00069,0.00053,0.00000,0.09332,3.27623
4.86,0,0,18.891340,13.416560,0.00249,0.00065,0.00060,0.00218,0.00109,0.00117,0.00077,0.00057,0.00017,0.09354,3.27769
4.87,0,0,18.943022,13.333358,0.00278,0.00068,0.00061,0.00211,0.00100,0.00105,0.00078,0.00058,0.00026,0.09389,3.27734
4.88,0,0,18.967594,13.177066,0.00325,0.00087,0.00067,0.00070,0.00061,0.00080,0.00067,0.00053,0.00042,0.09406,3.27718
4.89,0,0,19.030811,13.067223,0.00264,0.00123,0.00075,0.00070,0.00064,0.00079,0.00072,0.00050,0.00004,0.09441,3.27748
4.90,0,0,19.059239,12.954262,0.00226,0.00100,0.00070,0.00091,0.00083,0.00099,0.00071,0.00072,0.00002,0.09460,3.27721
4.91,0,0,19.070164,12.868696,0.00152,0.00069,0.00060,0.00097,0.00121,0.00136,0.00067,0.00091,0.00013,0.09489,3.27671
4.92,0,0,18.984532,12.756384,0.00153,0.00142,0.00064,0.00220,0.00137,0.00131,0.00065,0.00108,0.00011,0.09481,3.27792
4.93,0,0,18.856507,12.693214,0.00177,0.00137,0.00065,0.00208,0.00161,0.00096,0.00067,0.00094,0.00000,0.09453,3.27669
4.94,0,0,18.738270,12.560771,0.00171,0.00073,0.00058,0.00218,0.00144,0.00100,0.00068,0.00065,0.00015,0.09406,3.27739
4.95,0,0,18.604865,12.475823,0.00222,0.00119,0.00058,0.00230,0.00139,0.00107,0.00069,0.00093,0.00015,0.09394,3.27728
4.96,0,0,18.482171,12.376253,0.00197,0.00174,0.00060,0.00236,0.00149,0.00105,0.00073,0.00116,0.00017,0.09410,3.27771
4.97,0,0,18.354451,12.280704,0.00173,0.00195,0.00058,0.00234,0.00118,0.00098,0.00066,0.00092,-0.00009,0.09418,3.27728
4.98,0,0,18.220798,12.201126,0.00238,0.00195,0.00056,0.00069,0.00120,0.00079,0.00062,0.00061,0.00026,0.09447,3.27779
4.99,0,0,18.128034,12.108409,0.00237,0.00168,0.00056,0.00070,0.00122,0.00076,0.00066,0.00054,0.00002,0.09488,3.27721
5.00,0,0,17.999083,12.000380,0.00172,0.00166,0.00060,0.00081,0.00103,0.00076,0.00066,0.00076,0.00000,0.09515,3.27754
5.01,0,0,17.896234,11.913476,0.00128,0.00136,0.00061,0.00071,0.00080,0.00070,0.00069,0.00076,0.00033,0.09496,3.27786
5.02,0,0,17.778906,11.814712,0.00118,0.00110,0.00060,0.00078,0.00115,0.00083,0.00065,0.00076,-0.00013,0.09440,3.27747
5.03,0,0,17.720919,11.724086,0.00135,0.00107,0.00060,0.00073,0.00100,0.00083,0.00066,0.00074,0.00015,0.09394,3.27679
5.04,0,0,17.533603,11.623108,0.00165,0.00236,0.00056,0.00060,0.00062,0.00069,0.00077,0.00055,0.00000,0.09330,3.27681
5.05,0,1,17.454343,11.567083,0.00318,0.00584,0.00075,0.00070,0.00063,0.00103,0.00105,0.00083,0.00013,0.09280,3.27711
5.06,0,0,17.291468,11.563242,0.00538,0.01070,0.00110,0.00085,0.00062,0.00135,0.00146,0.00103,0.00000,0.09302,3.27768
5.07,0,0,17.208703,11.724417,0.00472,0.01030,0.00253,0.00081,0.00073,0.00124,0.00182,0.00127,0.00002,0.09339,3.27720
5.08,0,0,17.129389,12.120016,0.00315,0.00611,0.00364,0.00074,0.00101,0.00095,0.00189,0.00121,0.00015,0.09392,3.27777
5.09,0,0,16.972591,12.468593,0.00353,0.00542,0.00344,0.00076,0.00092,0.00079,0.00229,0.00100,0.00015,0.09437,3.27769
5.10,0,0,16.843211,12.800087,0.00284,0.00392,0.00311,0.00066,0.00071,0.00078,0.00475,0.00124,0.00002,0.09490,3.27728
5.11,0,0,16.797428,13.081624,0.00200,0.00205,0.00381,0.00058,0.00081,0.00070,0.00704,0.00115,0.00013,0.09506,3.27799
5.12,0,0,16.697215,13.355952,0.00137,0.00108,0.00396,0.00057,0.00095,0.00077,0.00830,0.00163,0.00028,0.09485,3.27714
5.13,0,0,16.592948,13.635956,0.00060,0.00054,0.00303,0.00054,0.00112,0.00075,0.01077,0.00168,0.00000,0.09470,3.27747
5.14,0,0,16.498302,13.967113,0.00062,0.00053,0.00203,0.00050,0.00157,0.00068,0.01368,0.00212,0.00000,0.09449,3.27769
5.15,0,0,16.421641,14.394024,0.00066,0.00057,0.00103,0.00052,0.00151,0.00069,0.01559,0.00225,0.00002,0.09421,3.27743
5.16,0,0,16.321374,14.776092,0.00079,0.00058,0.00096,0.00072,0.00147,0.00069,0.01545,0.00157,0.00039,0.09357,3.27709
5.17,0,0,16.248954,14.997590,0.00084,0.00053,0.00109,0.00086,0.00185,0.00072,0.01122,0.00143,0.00006,0.09314,3.27747
5.18,1,0,16.124788,15.162195,0.00084,0.00056,0.00111,0.00114,0.00136,0.00104,0.00683,0.00114,0.00015,0.09385,3.27745
5.19,0,0,16.041651,15.216746,0.00125,0.00095,0.00092,0.00142,0.00077,0.00146,0.00350,0.00083,-0.00026,0.09493,3.27811
5.20,0,0,15.997990,15.129738,0.00313,0.00114,0.00063,0.00142,0.00061,0.00126,0.00081,0.00055,0.00002,0.09591,3.27779
5.21,0,0,16.041548,15.022812,0.00423,0.00112,0.00060,0.00126,0.00060,0.00098,0.00095,0.00053,0.00000,0.09658,3.27748
5.22,0,0,16.469918,14.938715,0.00421,0.00100,0.00061,0.00114,0.00061,0.00105,0.00096,0.00054,0.00000,0.09626,3.27674
5.23,0,0,17.048531,14.834885,0.00435,0.00077,0.00075,0.00096,0.00058,0.00097,0.00076,0.00053,0.00015,0.09570,3.27758
5.24,0,0,17.550984,14.708481,0.00292,0.00088,0.00081,0.00068,0.00059,0.00085,0.00073,0.00053,0.00013,0.09567,3.27775
5.25,0,0,17.958367,14.613537,0.00316,0.00085,0.00070,0.00069,0.00065,0.00092,0.00083,0.00054,-0.00011,0.09622,3.27736
5.26,0,0,18.415835,14.482779,0.00426,0.00076,0.00070,0.00084,0.00069,0.00105,0.00085,0.00050,0.00013,0.09609,3.27699
5.27,0,0,18.792418,14.319916,0.00393,0.00091,0.00063,0.00098,0.00079,0.00115,0.00082,0.00051,-0.00011,0.09561,3.27817
5.28,0,0,18.930758,14.122703,0.00333,0.00084,0.00063,0.00094,0.00107,0.00113,0.00076,0.00056,0.00000,0.09488,3.27752
5.29,0,0,18.995681,14.046608,0.00332,0.00072,0.00065,0.00082,0.00102,0.00095,0.00072,0.00057,0.00013,0.09510,3.27749
5.30,0,0,19.084524,13.955369,0.00336,0.00079,0.00059,0.00084,0.00102,0.00097,0.00071,0.00057,-0.00007,0.09564,3.27770
5.31,0,0,19.145323,13.861820,0.00321,0.00078,0.00056,0.00085,0.00097,0.00106,0.00070,0.00054,0.00015,0.09639,3.27795
5.32,0,0,19.197738,13.715257,0.00469,0.00081,0.00058,0.00092,0.00066,0.00102,0.00068,0.00050,0.00017,0.09689,3.27724
5.33,0,0,19.268936,13.604055,0.00438,0.00147,0.00062,0.00096,0.00063,0.00093,0.00063,0.00052,0.00015,0.09659,3.27725
5.34,0,0,19.301808,13.536831,0.00341,0.00144,0.00062,0.00093,0.00064,0.00092,0.00063,0.00057,0.00006,0.09594,3.27721
5.35,0,0,19.295730,13.438023,0.00303,0.00131,0.00058,0.00107,0.00075,0.00108,0.00066,0.00053,0.00031,0.09585,3.27741
5.36,0,0,19.301222,13.302365,0.00264,0.00176,0.00057,0.00096,0.00083,0.00107,0.00065,0.00061,-0.00011,0.09564,3.27706
5.37,0,0,19.330359,13.195389,0.00201,0.00161,0.00059,0.00096,0.00098,0.00096,0.00062,0.00065,0.00002,0.09556,3.27767
5.38,0,0,19.203987,13.100332,0.00125,0.00117,0.00060,0.00099,0.00134,0.00099,0.00059,0.00066,0.00000,0.09551,3.27706
5.39,0,0,19.059098,12.984668,0.00208,0.00119,0.00066,0.00088,0.00139,0.00106,0.00065,0.00082,0.00011,0.09528,3.27735
5.40,0,0,18.916601,12.885963,0.00185,0.00114,0.00068,0.00090,0.00134,0.00107,0.00070,0.00087,0.00004,0.09537,3.27669
5.41,0,0,18.832929,12.789893,0.00139,0.00165,0.00060,0.00102,0.00155,0.00115,0.00063,0.00086,0.00015,0.09547,3.27830
5.42,0,0,18.795132,12.707128,0.00245,0.00242,0.00062,0.00105,0.00131,0.00110,0.00065,0.00070,0.00002,0.09534,3.27764
5.43,0,0,18.668838,12.557049,0.00242,0.00160,0.00061,0.00082,0.00143,0.00095,0.00072,0.00055,0.00031,0.09564,3.27672
5.44,0,0,18.536636,12.429596,0.00223,0.00120,0.00065,0.00082,0.00175,0.00097,0.00061,0.00070,0.00017,0.09666,3.27738
5.45,0,0,18.336932,12.321002,0.00247,0.00160,0.00068,0.00088,0.00119,0.00090,0.00060,0.00067,0.00002,0.09698,3.27773
5.46,0,0,18.232733,12.251610,0.00165,0.00153,0.00060,0.00074,0.00092,0.00081,0.00065,0.00056,0.00028,0.09719,3.27689
5.47,0,0,18.177540,12.196280,0.00100,0.00100,0.00055,0.00071,0.00102,0.00080,0.00071,0.00078,0.00000,0.09712,3.27701
5.48,0,0,18.085056,12.084129,0.00129,0.00114,0.00057,0.00069,0.00112,0.00083,0.00067,0.00077,0.00042,0.09627,3.27744
5.49,0,0,18.004467,12.014526,0.00147,0.00170,0.00056,0.00067,0.00117,0.00079,0.00063,0.00058,-0.00013,0.09519,3.27764
5.50,0,0,17.912394,11.922189,0.00116,0.00142,0.00059,0.00065,0.00091,0.00076,0.00069,0.00057,0.00028,0.09516,3.27691
5.51,0,0,17.790697,11.831145,0.00159,0.00320,0.00062,0.00063,0.00066,0.00093,0.00082,0.00072,0.00002,0.09571,3.27769
5.52,0,1,17.636840,11.829986,0.00286,0.00741,0.00073,0.00067,0.00058,0.00110,0.00113,0.00110,-0.00011,0.09563,3.27718
5.53,0,0,17.517400,11.841076,0.00432,0.00823,0.00171,0.00076,0.00070,0.00108,0.00159,0.00114,0.00004,0.09503,3.27703
5.54,0,0,17.438067,12.030719,0.00434,0.00530,0.00327,0.00074,0.00079,0.00087,0.00182,0.00089,0.00015,0.09431,3.27741
5.55,0,0,17.298463,12.473029,0.00293,0.00357,0.00464,0.00069,0.00088,0.00071,0.00289,0.00139,0.00015,0.09407,3.27770
5.56,0,0,17.196323,12.839374,0.00239,0.00424,0.00567,0.00077,0.00097,0.00082,0.00389,0.00156,-0.00004,0.09476,3.27709
5.57,0,0,17.027927,13.112763,0.00232,0.00300,0.00481,0.00073,0.00087,0.00083,0.00393,0.00147,0.00028,0.09635,3.27747
5.58,0,0,16.922115,13.348047,0.00181,0.00192,0.00401,0.00067,0.00080,0.00102,0.00606,0.00169,-0.00009,0.09714,3.27730
5.59,0,0,16.770150,13.581336,0.00110,0.00272,0.00414,0.00070,0.00100,0.00103,0.01008,0.00188,0.00013,0.09663,3.27774
5.60,0,0,16.691900,13.817459,0.00068,0.00246,0.00284,0.00065,0.00130,0.00073,0.01416,0.00230,0.00000,0.09572,3.27727
5.61,0,0,16.587515,13.948129,0.00069,0.00155,0.00173,0.00060,0.00153,0.00078,0.01602,0.00238,-0.00002,0.09506,3.27687
5.62,0,0,16.517225,14.217933,0.00062,0.00088,0.00130,0.00060,0.00140,0.00079,0.01726,0.00247,0.00028,0.09494,3.27782
5.63,0,0,16.415141,14.399566,0.00060,0.00061,0.00125,0.00059,0.00151,0.00074,0.01829,0.00246,0.00013,0.09557,3.27664
5.64,0,0,16.296699,14.542609,0.00073,0.00064,0.00117,0.00057,0.00147,0.00081,0.01373,0.00189,0.00011,0.09499,3.27655
5.65,1,0,16.218325,14.663767,0.00075,0.00065,0.00094,0.00074,0.00107,0.00081,0.00855,0.00119,0.00004,0.09431,3.27744
5.66,0,0,16.098282,14.705416,0.00080,0.00071,0.00094,0.00123,0.00092,0.00091,0.00468,0.00081,0.00026,0.09406,3.27730
5.67,0,0,16.005287,14.647936,0.00208,0.00075,0.00080,0.00131,0.00075,0.00111,0.00144,0.00062,0.00000,0.09512,3.27752
5.68,0,0,15.923084,14.537273,0.00317,0.00067,0.00071,0.00088,0.00063,0.00103,0.00101,0.00054,0.00037,0.09612,3.27699
5.69,0,0,15.844908,14.408593,0.00318,0.00063,0.00073,0.00096,0.00071,0.00101,0.00073,0.00053,0.00002,0.09595,3.27830
5.70,0,0,15.869730,14.316569,0.00231,0.00065,0.00067,0.00116,0.00083,0.00109,0.00077,0.00057,0.00015,0.09512,3.27686
5.71,0,0,16.220179,14.189929,0.00220,0.00064,0.00068,0.00109,0.00090,0.00096,0.00082,0.00054,-0.00011,0.09498,3.27713
5.72,0,0,16.852524,14.106025,0.00387,0.00066,0.00080,0.00081,0.00076,0.00082,0.00079,0.00052,0.00031,0.09529,3.27644
5.73,0,0,17.299996,14.012397,0.00428,0.00067,0.00077,0.00067,0.00062,0.00077,0.00077,0.00051,0.00017,0.09625,3.27718
5.74,0,0,17.626355,13.856314,0.00319,0.00063,0.00090,0.00069,0.00086,0.00077,0.00073,0.00048,0.00017,0.09607,3.27708
5.75,0,0,17.904485,13.712007,0.00296,0.00063,0.00088,0.00076,0.00120,0.00089,0.00072,0.00049,0.00042,0.09520,3.27762
5.76,0,0,18.253279,13.592453,0.00339,0.00063,0.00061,0.00091,0.00163,0.00093,0.00087,0.00057,0.00015,0.09411,3.27745
5.77,0,0,18.558728,13.496447,0.00327,0.00069,0.00064,0.00107,0.00194,0.00100,0.00088,0.00060,-0.00013,0.09346,3.27708
5.78,0,0,18.736279,13.379619,0.00306,0.00070,0.00070,0.00096,0.00165,0.00103,0.00078,0.00055,0.00006,0.09391,3.27755
5.79,0,0,18.798867,13.251909,0.00353,0.00059,0.00078,0.00077,0.00134,0.00103,0.00068,0.00050,0.00004,0.09449,3.27730
5.80,0,0,18.843935,13.159170,0.00327,0.00054,0.00077,0.00081,0.00143,0.00105,0.00066,0.00048,0.00039,0.09496,3.27701
5.81,0,0,18.883521,13.046549,0.00170,0.00062,0.00070,0.00081,0.00123,0.00104,0.00070,0.00052,0.00013,0.09477,3.27774
5.82,0,0,18.908653,12.923292,0.00188,0.00074,0.00071,0.00095,0.00128,0.00103,0.00067,0.00056,0.00031,0.09449,3.27669
5.83,0,0,18.902858,12.787439,0.00241,0.00120,0.00068,0.00091,0.00113,0.00082,0.00070,0.00053,0.00031,0.09413,3.27713
5.84,0,0,18.949879,12.712642,0.00241,0.00156,0.00063,0.00093,0.00076,0.00089,0.00071,0.00051,0.00002,0.09478,3.27718
5.85,0,0,18.965618,12.598816,0.00184,0.00141,0.00063,0.00102,0.00116,0.00096,0.00069,0.00051,0.00015,0.09538,3.27701
5.86,0,0,18.920635,12.515648,0.00183,0.00128,0.00059,0.00090,0.00141,0.00081,0.00065,0.00053,0.00017,0.09568,3.27647
5.87,0,0,18.813517,12.413646,0.00221,0.00101,0.00060,0.00078,0.00139,0.00082,0.00062,0.00052,0.00024,0.09537,3.27735
5.88,0,0,18.714120,12.323897,0.00180,0.00074,0.00066,0.00079,0.00131,0.00085,0.00067,0.00050,0.00013,0.09501,3.27728
5.89,0,0,18.548846,12.244998,0.00177,0.00133,0.00068,0.00110,0.00120,0.00094,0.00073,0.00075,0.00000,0.09496,3.27731
5.90,0,0,18.464104,12.154291,0.00174,0.00131,0.00068,0.00115,0.00134,0.00100,0.00070,0.00079,0.00024,0.09497,3.27665
5.91,0,0,18.340901,12.056317,0.00161,0.00091,0.00062,0.00096,0.00134,0.00091,0.00068,0.00074,0.00028,0.09498,3.27705
5.92,0,0,18.201722,11.956624,0.00164,0.00094,0.00060,0.00081,0.00116,0.00078,0.00061,0.00123,0.00011,0.09502,3.27778
5.93,0,0,18.095617,11.838187,0.00219,0.00123,0.00057,0.00079,0.00128,0.00073,0.00069,0.00103,-0.00011,0.09476,3.27735
5.94,0,0,17.981960,11.726710,0.00213,0.00149,0.00052,0.00086,0.00102,0.00082,0.00071,0.00052,-0.00009,0.09532,3.27777
5.95,0,0,17.852405,11.619046,0.00145,0.00125,0.00057,0.00082,0.00104,0.00086,0.00059,0.00053,-0.00011,0.09647,3.27806
5.96,0,0,17.761542,11.524875,0.00165,0.00205,0.00059,0.00075,0.00103,0.00073,0.00073,0.00059,0.00002,0.09661,3.27710
5.97,0,0,17.659843,11.474287,0.00161,0.00281,0.00060,0.00059,0.00066,0.00068,0.00079,0.00074,0.00011,0.09668,3.27764
5.98,0,1,17.540692,11.412240,0.00287,0.00538,0.00085,0.00074,0.00064,0.00100,0.00133,0.00100,0.00013,0.09590,3.27705
5.99,0,0,17.438598,11.451890,0.00468,0.00776,0.00187,0.00078,0.00073,0.00113,0.00185,0.00119,0.00026,0.09479,3.27695
6.00,0,0,17.266189,11.728704,0.00526,0.00678,0.00318,0.00067,0.00084,0.00092,0.00158,0.00133,0.00002,0.09449,3.27767
6.01,0,0,17.200218,12.242442,0.00417,0.00531,0.00354,0.00064,0.00093,0.00078,0.00282,0.00164,0.00013,0.09498,3.27744
6.02,0,0,17.069705,12.578704,0.00310,0.00548,0.00369,0.00060,0.00091,0.00079,0.00326,0.00150,0.00002,0.09511,3.27788
6.03,0,0,16.953151,12.842307,0.00388,0.00531,0.00386,0.00060,0.00083,0.00086,0.00288,0.00136,0.00015,0.09535,3.27715
6.04,0,0,16.855764,13.093046,0.00335,0.00349,0.00429,0.00067,0.00086,0.00084,0.00389,0.00141,0.00000,0.09558,3.27754
6.05,0,0,16.746090,13.244560,0.00262,0.00315,0.00423,0.00067,0.00077,0.00081,0.00535,0.00119,0.00011,0.09565,3.27682
6.06,0,0,16.655200,13.431047,0.00244,0.00317,0.00367,0.00062,0.00075,0.00077,0.00643,0.00151,0.00039,0.09545,3.27718
6.07,0,0,16.544120,13.630988,0.00191,0.00182,0.00296,0.00056,0.00079,0.00078,0.00624,0.00163,0.00002,0.09551,3.27718
6.08,0,0,16.472509,13.837332,0.00127,0.00069,0.00221,0.00048,0.00088,0.00071,0.01103,0.00132,0.00028,0.09610,3.27747
6.09,0,0,16.367304,14.076349,0.00064,0.00057,0.00164,0.00049,0.00129,0.00066,0.01329,0.00116,0.00015,0.09635,3.27774
6.10,0,0,16.300555,14.369470,0.00062,0.00054,0.00098,0.00052,0.00157,0.00068,0.01444,0.00107,0.00015,0.09594,3.27769
6.11,0,0,16.218447,14.768522,0.00079,0.00055,0.00094,0.00068,0.00180,0.00067,0.01423,0.00095,0.00015,0.09549,3.27689
6.12,0,0,16.095617,15.122566,0.00094,0.00057,0.00122,0.00100,0.00158,0.00096,0.00723,0.00070,0.00013,0.09465,3.27718
6.13,1,0,16.007887,15.270579,0.00087,0.00067,0.00130,0.00106,0.00121,0.00120,0.00547,0.00070,0.00015,0.09440,3.27701
6.14,0,0,15.986970,15.216941,0.00162,0.00085,0.00082,0.00100,0.00120,0.00118,0.00372,0.00072,0.00046,0.09476,3.27713
6.15,0,0,16.113602,15.054830,0.00349,0.00096,0.00057,0.00118,0.00083,0.00141,0.00104,0.00059,-0.00009,0.09521,3.27772
6.16,0,0,16.570435,14.950548,0.00299,0.00102,0.00071,0.00115,0.00063,0.00128,0.00089,0.00054,0.00013,0.09614,3.27703
6.17,0,0,16.944617,14.854255,0.00198,0.00085,0.00072,0.00107,0.00070,0.00105,0.00068,0.00055,0.00015,0.09747,3.27747
6.18,0,0,17.319753,14.746199,0.00233,0.00059,0.00063,0.00108,0.00068,0.00096,0.00078,0.00049,0.00004,0.09720,3.27760
6.19,0,0,17.655393,14.611291,0.00275,0.00057,0.00068,0.00090,0.00060,0.00099,0.00088,0.00048,0.00017,0.09667,3.27748
6.20,0,0,17.939009,14.504677,0.00334,0.00063,0.00070,0.00080,0.00068,0.00105,0.00078,0.00051,0.00013,0.09582,3.27784
6.21,0,0,18.232504,14.432049,0.00304,0.00062,0.00068,0.00092,0.00070,0.00100,0.00064,0.00051,0.00017,0.09487,3.27766
6.22,0,0,18.429206,14.288521,0.00291,0.00081,0.00070,0.00096,0.00058,0.00101,0.00068,0.00054,0.00004,0.09477,3.27779
6.23,0,0,18.643761,14.106046,0.00403,0.00084,0.00069,0.00083,0.00055,0.00093,0.00066,0.00054,0.00004,0.09488,3.27756
6.24,0,0,18.787683,14.003177,0.00430,0.00076,0.00064,0.00075,0.00066,0.00092,0.00064,0.00054,0.00013,0.09523,3.27728
6.25,0,0,18.898498,13.907868,0.00472,0.00076,0.00072,0.00078,0.00092,0.00086,0.00069,0.00051,0.00026,0.09521,3.27721
6.26,0,0,18.940427,13.770676,0.00459,0.00091,0.00091,0.00076,0.00105,0.00096,0.00075,0.00051,0.00011,0.09516,3.27701
6.27,0,0,18.935274,13.678255,0.00326,0.00093,0.00082,0.00076,0.00092,0.00096,0.00070,0.00056,-0.00011,0.09508,3.27719
6.28,0,0,18.942819,13.588946,0.00257,0.00089,0.00067,0.00094,0.00103,0.00096,0.00066,0.00062,0.00013,0.09485,3.27727
6.29,0,0,18.912589,13.458897,0.00268,0.00083,0.00066,0.00089,0.00108,0.00101,0.00070,0.00068,0.00026,0.09480,3.27695
6.30,0,0,18.864529,13.311154,0.00283,0.00136,0.00076,0.00137,0.00120,0.00096,0.00074,0.00062,0.00015,0.09517,3.27776
6.31,0,0,18.882113,13.188998,0.00330,0.00172,0.00074,0.00136,0.00102,0.00091,0.00075,0.00052,-0.00013,0.09511,3.27709
6.32,0,0,18.912362,13.134297,0.00365,0.00164,0.00070,0.00079,0.00077,0.00092,0.00070,0.00050,0.00015,0.09484,3.27784
6.33,0,0,18.952607,12.986286,0.00282,0.00138,0.00068,0.00178,0.00097,0.00113,0.00067,0.00063,0.00024,0.09467,3.27691
6.34,0,0,19.007635,12.899601,0.00252,0.00127,0.00055,0.00187,0.00079,0.00118,0.00059,0.00075,-0.00011,0.09499,3.27756
6.35,0,0,19.059598,12.796110,0.00164,0.00136,0.00057,0.00199,0.00071,0.00112,0.00063,0.00081,0.00002,0.09506,3.27730
6.36,0,0,19.094530,12.678351,0.00167,0.00115,0.00060,0.00268,0.00175,0.00116,0.00067,0.00092,-0.00013,0.09470,3.27713
6.37,0,0,18.989225,12.570657,0.00245,0.00133,0.00064,0.00369,0.00219,0.00131,0.00071,0.00116,0.00015,0.09435,3.27715
6.38,0,0,18.868648,12.432786,0.00197,0.00114,0.00070,0.00292,0.00161,0.00133,0.00078,0.00120,0.00000,0.09450,3.27744
6.39,0,0,18.772510,12.336163,0.00210,0.00098,0.00072,0.00152,0.00164,0.00117,0.00066,0.00102,0.00013,0.09569,3.27706
6.40,0,0,18.601389,12.240107,0.00276,0.00154,0.00067,0.00236,0.00184,0.00115,0.00065,0.00101,0.00039,0.09665,3.27718
6.41,0,0,18.413573,12.158057,0.00281,0.00199,0.00065,0.00158,0.00161,0.00102,0.00078,0.00083,0.00000,0.09633,3.27759
6.42,0,0,18.323562,12.066476,0.00262,0.00196,0.00064,0.00081,0.00140,0.00099,0.00083,0.00062,0.00026,0.09558,3.27681
6.43,0,0,18.267215,11.963811,0.00265,0.00245,0.00067,0.00075,0.00148,0.00103,0.00076,0.00067,0.00017,0.09472,3.27742
6.44,0,0,18.145546,11.864756,0.00238,0.00208,0.00067,0.00065,0.00146,0.00084,0.00067,0.00062,0.00004,0.09432,3.27705
6.45,0,0,18.033636,11.787379,0.00181,0.00236,0.00056,0.00067,0.00104,0.00069,0.00078,0.00069,-0.00011,0.09511,3.27715
6.46,0,0,17.939756,11.697813,0.00141,0.00250,0.00060,0.00058,0.00080,0.00067,0.00092,0.00099,-0.00004,0.09554,3.27737
6.47,0,0,17.809420,11.655681,0.00124,0.00210,0.00062,0.00064,0.00115,0.00074,0.00080,0.00116,0.00002,0.09472,3.27739
6.48,0,0,17.702950,11.578527,0.00147,0.00366,0.00057,0.00065,0.00109,0.00090,0.00089,0.00086,0.00011,0.09398,3.27754
6.49,0,1,17.560892,11.503216,0.00258,0.00623,0.00126,0.00074,0.00083,0.00122,0.00143,0.00101,0.00013,0.09396,3.27718
6.50,0,0,17.479597,11.534031,0.00393,0.00787,0.00195,0.00084,0.00102,0.00124,0.00163,0.00153,0.00015,0.09420,3.27769
6.51,0,0,17.344595,11.788503,0.00372,0.00639,0.00315,0.00077,0.00099,0.00089,0.00158,0.00145,0.00002,0.09456,3.27761
6.52,0,0,17.241299,12.236397,0.00341,0.00585,0.00457,0.00077,0.00093,0.00074,0.00208,0.00111,0.00028,0.09475,3.27728
6.53,0,0,17.177401,12.569185,0.00311,0.00559,0.00427,0.00069,0.00082,0.00078,0.00197,0.00102,0.00000,0.09459,3.27782
6.54,0,0,17.037685,12.813346,0.00315,0.00490,0.00354,0.00063,0.00074,0.00079,0.00198,0.00113,0.00024,0.09485,3.27664
6.55,0,0,16.882826,13.011556,0.00270,0.00447,0.00359,0.00069,0.00081,0.00082,0.00267,0.00132,0.00011,0.09515,3.27767
6.56,0,0,16.783277,13.148276,0.00240,0.00300,0.00486,0.00067,0.00086,0.00077,0.00482,0.00161,-0.00011,0.09581,3.27722
6.57,0,0,16.692417,13.270951,0.00246,0.00302,0.00500,0.00064,0.00090,0.00075,0.00596,0.00155,0.00026,0.09537,3.27854
6.58,0,0,16.582376,13.455710,0.00142,0.00232,0.00347,0.00057,0.00082,0.00076,0.00728,0.00150,0.00035,0.09474,3.27699
6.59,0,0,16.512952,13.619632,0.00066,0.00069,0.00246,0.00050,0.00084,0.00073,0.00932,0.00145,0.00011,0.09404,3.27720
6.60,0,0,16.430125,13.805974,0.00062,0.00067,0.00198,0.00056,0.00076,0.00072,0.00870,0.00117,0.00002,0.09388,3.27689
6.61,0,0,16.364818,14.036070,0.00058,0.00060,0.00136,0.00057,0.00087,0.00070,0.01154,0.00111,0.00024,0.09417,3.27740
6.62,0,0,16.255598,14.306948,0.00064,0.00054,0.00087,0.00051,0.00133,0.00071,0.01540,0.00124,0.00026,0.09496,3.27764
6.63,0,0,16.139331,14.681206,0.00069,0.00053,0.00084,0.00064,0.00155,0.00070,0.01394,0.00112,0.00013,0.09454,3.27701
6.64,0,0,16.014153,15.044791,0.00078,0.00061,0.00105,0.00092,0.00134,0.00092,0.00689,0.00103,0.00000,0.09378,3.27769
6.65,1,0,15.942085,15.167780,0.00099,0.00085,0.00119,0.00096,0.00125,0.00121,0.00164,0.00084,0.00002,0.09383,3.27690
6.66,0,0,15.934659,15.139080,0.00161,0.00084,0.00173,0.00090,0.00103,0.00117,0.00100,0.00055,0.00004,0.09451,3.27722
6.67,0,0,16.099713,15.046253,0.00308,0.00083,0.00155,0.00107,0.00076,0.00104,0.00102,0.00056,0.00011,0.09576,3.27762
6.68,0,0,16.593109,14.967436,0.00332,0.00087,0.00064,0.00103,0.00069,0.00097,0.00099,0.00055,0.00017,0.09648,3.27734
6.69,0,0,17.037383,14.853413,0.00229,0.00063,0.00078,0.00092,0.00081,0.00090,0.00097,0.00051,0.00011,0.09618,3.27698
6.70,0,0,17.470689,14.728193,0.00209,0.00058,0.00077,0.00103,0.00100,0.00095,0.00103,0.00053,-0.00013,0.09488,3.27784
6.71,0,0,17.897083,14.640554,0.00232,0.00064,0.00069,0.00090,0.00111,0.00094,0.00114,0.00054,0.00022,0.09394,3.27705
6.72,0,0,18.246134,14.542330,0.00238,0.00065,0.00064,0.00081,0.00123,0.00100,0.00103,0.00053,0.00015,0.09343,3.27723
6.73,0,0,18.616327,14.408890,0.00249,0.00060,0.00057,0.00082,0.00112,0.00099,0.00085,0.00054,0.00013,0.09367,3.27720
6.74,0,0,18.818060,14.297214,0.00341,0.00073,0.00074,0.00071,0.00079,0.00085,0.00082,0.00050,0.00017,0.09410,3.27688
6.75,0,0,18.938679,14.130305,0.00359,0.00074,0.00077,0.00068,0.00072,0.00101,0.00068,0.00050,0.00002,0.09387,3.27689
6.76,0,0,18.936891,14.058934,0.00332,0.00064,0.00074,0.00081,0.00080,0.00127,0.00074,0.00052,0.00031,0.09347,3.27747
6.77,0,0,18.913294,13.963059,0.00351,0.00072,0.00070,0.00088,0.00068,0.00131,0.00073,0.00054,0.00002,0.09437,3.27774
6.78,0,0,18.828886,13.780429,0.00271,0.00074,0.00067,0.00086,0.00077,0.00119,0.00065,0.00052,0.00002,0.09505,3.27669
6.79,0,0,18.829476,13.676845,0.00331,0.00069,0.00082,0.00086,0.00096,0.00102,0.00076,0.00049,0.00000,0.09485,3.27705
6.80,0,0,18.840466,13.579248,0.00367,0.00069,0.00083,0.00089,0.00094,0.00102,0.00066,0.00050,0.00017,0.09454,3.27750
6.81,0,0,18.871469,13.473059,0.00329,0.00071,0.00072,0.00084,0.00086,0.00108,0.00059,0.00058,0.00015,0.09439,3.27767
6.82,0,0,18.891094,13.350742,0.00317,0.00068,0.00068,0.00074,0.00079,0.00088,0.00067,0.00061,-0.00026,0.09412,3.27735
6.83,0,0,18.972516,13.203125,0.00295,0.00107,0.00084,0.00068,0.00087,0.00085,0.00071,0.00062,0.00033,0.09454,3.27681
6.84,0,0,18.955858,13.116560,0.00235,0.00108,0.00089,0.00066,0.00115,0.00100,0.00075,0.00061,0.00015,0.09513,3.27696
6.85,0,0,18.862778,12.988211,0.00224,0.00064,0.00072,0.00072,0.00104,0.00094,0.00068,0.00053,0.00013,0.09482,3.27744
6.86,0,0,18.741204,12.874290,0.00247,0.00096,0.00069,0.00082,0.00104,0.00086,0.00058,0.00076,0.00002,0.09452,3.27728
6.87,0,0,18.608936,12.787578,0.00210,0.00105,0.00071,0.00090,0.00109,0.00090,0.00061,0.00079,0.00015,0.09421,3.27735
6.88,0,0,18.425580,12.678822,0.00229,0.00088,0.00068,0.00085,0.00111,0.00102,0.00063,0.00082,0.00017,0.09501,3.27702
6.89,0,0,18.295424,12.570240,0.00220,0.00108,0.00061,0.00081,0.00115,0.00090,0.00068,0.00113,0.00031,0.09596,3.27734
6.90,0,0,18.171625,12.470918,0.00172,0.00127,0.00064,0.00087,0.00141,0.00091,0.00069,0.00101,0.00000,0.09614,3.27737
6.91,0,0,18.120474,12.363275,0.00115,0.00107,0.00067,0.00082,0.00161,0.00098,0.00071,0.00080,0.00044,0.09604,3.27790
6.92,0,0,17.980364,12.283078,0.00193,0.00146,0.00062,0.00072,0.00135,0.00088,0.00073,0.00063,0.00011,0.09545,3.27759
6.93,0,0,17.866313,12.176395,0.00209,0.00138,0.00060,0.00076,0.00108,0.00082,0.00064,0.00054,0.00015,0.09575,3.27721
6.94,0,0,17.750824,12.057251,0.00133,0.00119,0.00058,0.00070,0.00104,0.00076,0.00061,0.00054,-0.00009,0.09657,3.27777
6.95,0,0,17.627700,11.990151,0.00142,0.00121,0.00055,0.00066,0.00126,0.00070,0.00072,0.00052,0.00017,0.09667,3.27735
6.96,0,0,17.531726,11.931738,0.00143,0.00091,0.00057,0.00065,0.00129,0.00066,0.00070,0.00066,0.00028,0.09645,3.27716
6.97,0,0,17.437277,11.765037,0.00136,0.00165,0.00059,0.00059,0.00099,0.00068,0.00065,0.00068,0.00026,0.09604,3.27727
6.98,0,0,17.289827,11.695959,0.00125,0.00203,0.00057,0.00062,0.00074,0.00070,0.00076,0.00071,0.00024,0.09553,3.27785
6.99,0,1,17.210827,11.640320,0.00207,0.00702,0.00063,0.00075,0.00073,0.00114,0.00133,0.00097,0.00015,0.09517,3.27701
7.00,0,0,17.128751,11.616555,0.00262,0.00942,0.00104,0.00077,0.00073,0.00149,0.00199,0.00108,0.00015,0.09493,3.27710
7.01,0,0,16.982002,11.804418,0.00354,0.00507,0.00239,0.00071,0.00087,0.00135,0.00184,0.00130,0.00000,0.09478,3.27744
7.02,0,0,16.843217,12.256977,0.00333,0.00365,0.00407,0.00066,0.00096,0.00099,0.00225,0.00133,0.00015,0.09456,3.27736
7.03,0,0,16.771449,12.710696,0.00195,0.00266,0.00476,0.00061,0.00086,0.00082,0.00362,0.00120,0.00004,0.09446,3.27831
7.04,0,0,16.675909,12.996294,0.00173,0.00212,0.00413,0.00062,0.00085,0.00080,0.00448,0.00120,0.00011,0.09452,3.27713
7.05,0,0,16.557254,13.315914,0.00154,0.00159,0.00377,0.00057,0.00092,0.00067,0.00716,0.00117,0.00022,0.09491,3.27744
7.06,0,0,16.484026,13.610223,0.00124,0.00056,0.00294,0.00052,0.00100,0.00064,0.01274,0.00182,0.00013,0.09531,3.27706
7.07,0,0,16.428517,14.001739,0.00075,0.00057,0.00149,0.00052,0.00145,0.00068,0.01215,0.00204,0.00015,0.09523,3.27740
7.08,0,0,16.311013,14.433473,0.00067,0.00060,0.00104,0.00059,0.00187,0.00068,0.01099,0.00131,0.00031,0.09449,3.27676
7.09,0,0,16.239493,14.931256,0.00078,0.00059,0.00100,0.00065,0.00213,0.00077,0.00940,0.00096,0.00015,0.09413,3.27738
7.10,0,0,16.123352,15.223376,0.00098,0.00063,0.00142,0.00076,0.00160,0.00105,0.00433,0.00083,0.00015,0.09442,3.27749
7.11,1,0,16.064779,15.432597,0.00110,0.00066,0.00144,0.00098,0.00093,0.00121,0.00217,0.00066,0.00002,0.09471,3.27721
7.12,0,0,16.092159,15.283516,0.00194,0.00077,0.00110,0.00108,0.00092,0.00101,0.00096,0.00059,0.00000,0.09506,3.27759
7.13,0,0,16.477331,15.160800,0.00317,0.00092,0.00073,0.00124,0.00078,0.00103,0.00089,0.00050,0.00026,0.09556,3.27703
7.14,0,0,16.960604,15.074665,0.00332,0.00111,0.00068,0.00111,0.00066,0.00132,0.00085,0.00051,0.00004,0.09595,3.27666
7.15,0,0,17.358496,14.965451,0.00266,0.00092,0.00068,0.00077,0.00067,0.00111,0.00084,0.00057,0.00013,0.09728,3.27720
7.16,0,0,17.765216,14.852526,0.00275,0.00062,0.00072,0.00071,0.00060,0.00088,0.00085,0.00055,-0.00009,0.09755,3.27776
7.17,0,0,18.099517,14.735855,0.00340,0.00060,0.00071,0.00078,0.00055,0.00094,0.00079,0.00052,0.00000,0.09698,3.27694
7.18,0,0,18.584125,14.630581,0.00293,0.00061,0.00057,0.00098,0.00085,0.00103,0.00070,0.00052,0.00004,0.09622,3.27669
7.19,0,0,18.672672,14.531696,0.00215,0.00068,0.00062,0.00088,0.00102,0.00106,0.00073,0.00057,0.00015,0.09584,3.27770
7.20,0,0,18.751732,14.397027,0.00327,0.00073,0.00063,0.00065,0.00084,0.00090,0.00079,0.00057,0.00033,0.09563,3.27720
7.21,0,0,18.848011,14.236024,0.00407,0.00073,0.00067,0.00073,0.00077,0.00099,0.00095,0.00052,-0.00013,0.09584,3.27691
7.22,0,0,18.891389,14.107003,0.00320,0.00067,0.00064,0.00073,0.00075,0.00103,0.00086,0.00051,0.00026,0.09676,3.27799
7.23,0,0,18.944762,13.997950,0.00328,0.00069,0.00067,0.00086,0.00076,0.00096,0.00076,0.00054,-0.00007,0.09723,3.27738
7.24,0,0,18.944762,13.870283,0.00321,0.00065,0.00068,0.00095,0.00137,0.00102,0.00075,0.00059,0.00013,0.09655,3.27780
7.25,0,0,18.991655,13.748341,0.00341,0.00071,0.00059,0.00078,0.00148,0.00096,0.00065,0.00057,0.00015,0.09557,3.27850
7.26,0,0,19.006649,13.610674,0.00346,0.00072,0.00057,0.00090,0.00108,0.00095,0.00059,0.00056,0.00009,0.09550,3.27735
7.27,0,0,19.044104,13.521639,0.00274,0.00071,0.00063,0.00092,0.00099,0.00095,0.00061,0.00058,0.00011,0.09585,3.27737
7.28,0,0,19.118672,13.439555,0.00250,0.00076,0.00061,0.00172,0.00088,0.00101,0.00072,0.00059,0.00013,0.09637,3.27703
7.29,0,0,19.203100,13.333530,0.00230,0.00082,0.00055,0.00360,0.00086,0.00111,0.00066,0.00060,0.00002,0.09646,3.27810
7.30,0,0,19.180201,13.221341,0.00187,0.00092,0.00061,0.00345,0.00113,0.00108,0.00064,0.00091,0.00000,0.09608,3.27668
7.31,0,0,19.096667,13.105321,0.00128,0.00096,0.00066,0.00148,0.00142,0.00091,0.00073,0.00092,0.00002,0.09622,3.27733
7.32,0,0,18.938051,12.961814,0.00202,0.00119,0.00067,0.00137,0.00156,0.00114,0.00074,0.00098,0.00013,0.09712,3.27724
7.33,0,0,18.847078,12.847171,0.00286,0.00153,0.00063,0.00320,0.00197,0.00130,0.00063,0.00114,0.00026,0.09733,3.27689
7.34,0,0,18.738670,12.775563,0.00244,0.00117,0.00062,0.00434,0.00201,0.00111,0.00063,0.00104,0.00013,0.09747,3.27682
7.35,0,0,18.592954,12.712361,0.00213,0.00118,0.00064,0.00285,0.00221,0.00096,0.00072,0.00125,0.00013,0.09698,3.27688
7.36,0,0,18.524905,12.585042,0.00243,0.00202,0.00065,0.00115,0.00181,0.00082,0.00074,0.00100,0.00004,0.09550,3.27720
7.37,0,0,18.431277,12.477831,0.00266,0.00180,0.00067,0.00152,0.00122,0.00088,0.00083,0.00057,0.00013,0.09519,3.27698
7.38,0,0,18.328272,12.365980,0.00231,0.00151,0.00064,0.00145,0.00098,0.00086,0.00076,0.00050,0.00037,0.09559,3.27698
7.39,0,0,18.223262,12.298217,0.00196,0.00158,0.00057,0.00065,0.00062,0.00077,0.00059,0.00045,0.00015,0.09552,3.27717
7.40,0,0,18.096180,12.230731,0.00144,0.00102,0.00056,0.00060,0.00092,0.00079,0.00066,0.00048,0.00015,0.09535,3.27668
7.41,0,0,17.974893,12.127165,0.00106,0.00108,0.00058,0.00054,0.00090,0.00080,0.00076,0.00055,-0.00011,0.09534,3.27696
7.42,0,0,17.854687,12.031398,0.00130,0.00200,0.00057,0.00054,0.00056,0.00076,0.00075,0.00060,0.00044,0.09484,3.27727
7.43,0,0,17.714796,11.968724,0.00131,0.00248,0.00056,0.00052,0.00052,0.00071,0.00067,0.00073,0.00017,0.09487,3.27779
7.44,0,0,17.598877,11.896405,0.00192,0.00625,0.00058,0.00072,0.00073,0.00090,0.00136,0.00115,0.00017,0.09516,3.27656
7.45,0,1,17.484863,11.845934,0.00322,0.00914,0.00188,0.00088,0.00107,0.00106,0.00229,0.00178,0.00044,0.09570,3.27713
7.46,0,0,17.371706,11.994130,0.00408,0.00671,0.00336,0.00087,0.00104,0.00106,0.00226,0.00158,0.00002,0.09545,3.27738
7.47,0,0,17.288454,12.342088,0.00417,0.00502,0.00361,0.00088,0.00099,0.00103,0.00281,0.00142,-0.00024,0.09481,3.27715
7.48,0,0,17.164065,12.824402,0.00319,0.00398,0.00326,0.00071,0.00087,0.00084,0.00323,0.00137,0.00015,0.09450,3.27739
7.49,0,0,17.027066,13.060457,0.00264,0.00414,0.00322,0.00062,0.00077,0.00076,0.00400,0.00112,0.00000,0.09501,3.27802
7.50,0,0,16.918043,13.270855,0.00259,0.00303,0.00360,0.00064,0.00092,0.00074,0.00508,0.00133,0.00013,0.09550,3.27693
7.51,0,0,16.822154,13.447723,0.00211,0.00118,0.00405,0.00059,0.00100,0.00072,0.00726,0.00159,0.00026,0.09559,3.27717
7.52,0,0,16.734652,13.625629,0.00168,0.00184,0.00389,0.00064,0.00096,0.00076,0.00836,0.00152,-0.00013,0.09536,3.27760
7.53,0,0,16.642412,13.839264,0.00115,0.00141,0.00266,0.00062,0.00086,0.00076,0.00892,0.00137,0.00017,0.09465,3.27745
7.54,0,0,16.537406,14.052399,0.00070,0.00070,0.00234,0.00053,0.00086,0.00073,0.01312,0.00196,0.00042,0.09449,3.27717
7.55,0,0,16.428235,14.265758,0.00066,0.00068,0.00191,0.00053,0.00102,0.00070,0.01572,0.00225,0.00015,0.09440,3.27769
7.56,0,0,16.309601,14.648258,0.00065,0.00060,0.00094,0.00056,0.00154,0.00075,0.01677,0.00179,0.00015,0.09475,3.27789
7.57,0,0,16.231105,14.982134,0.00073,0.00062,0.00102,0.00066,0.00169,0.00078,0.01483,0.00143,-0.00002,0.09480,3.27709
7.58,0,0,16.126444,15.043631,0.00074,0.00059,0.00130,0.00078,0.00144,0.00085,0.00771,0.00097,0.00039,0.09451,3.27770
7.59,1,0,16.033384,15.420383,0.00101,0.00091,0.00171,0.00098,0.00106,0.00100,0.00207,0.00066,0.00015,0.09416,3.27713
7.60,0,0,15.999679,15.353764,0.00201,0.00097,0.00142,0.00143,0.00090,0.00102,0.00094,0.00063,-0.00024,0.09451,3.27730
7.61,0,0,16.173445,15.232335,0.00325,0.00072,0.00077,0.00134,0.00081,0.00085,0.00081,0.00055,0.00017,0.09568,3.27772
