"Time","25 toey (cm)","17 Hipy (cm)"
0.000,8.888223,10.540237
0.001,8.889840,10.547794
0.002,8.891457,10.555350
0.003,8.893084,10.562964
0.004,8.894717,10.570615
0.005,8.896350,10.578265
0.006,8.897984,10.585916
0.007,8.900084,10.593592
0.008,8.902477,10.601285
0.009,8.904871,10.608977
0.010,8.907265,10.616671
0.011,8.909765,10.624353
0.012,8.912333,10.632030
0.013,8.914901,10.639707
0.014,8.917468,10.647384
0.015,8.920041,10.654901
0.016,8.922617,10.662318
0.017,8.925194,10.669735
0.018,8.927770,10.677153
0.019,8.930379,10.684436
0.020,8.933009,10.691634
0.021,8.935638,10.698833
0.022,8.938269,10.706031
0.023,8.941084,10.712753
0.024,8.944016,10.719176
0.025,8.946947,10.725599
0.026,8.949879,10.732021
0.027,8.952755,10.737983
0.028,8.955596,10.743652
0.029,8.958436,10.749323
0.030,8.961277,10.754993
0.031,8.963954,10.760249
0.032,8.966529,10.765244
0.033,8.969103,10.770239
0.034,8.971677,10.775233
0.035,8.974301,10.779744
0.036,8.976958,10.783950
0.037,8.979615,10.788156
0.038,8.982272,10.792362
0.039,8.984292,10.796290
0.040,8.985912,10.800045
0.041,8.987533,10.803800
0.042,8.989152,10.807554
0.043,8.989940,10.810692
0.044,8.990203,10.813442
0.045,8.990467,10.816192
0.046,8.990730,10.818941
0.047,8.990389,10.820875
0.048,8.989666,10.822295
0.049,8.988944,10.823716
0.050,8.988221,10.825136
0.051,8.986514,10.825847
0.052,8.984188,10.826110
0.053,8.981861,10.826373
0.054,8.979535,10.826636
0.055,8.976331,10.826308
0.056,8.972575,10.825609
0.057,8.968820,10.824909
0.058,8.965064,10.824209
0.059,8.960879,10.822972
0.060,8.956426,10.821397
0.061,8.951971,10.819822
0.062,8.947517,10.818247
0.063,8.942931,10.816291
0.064,8.938263,10.814094
0.065,8.933595,10.811897
0.066,8.928926,10.809700
0.067,8.923997,10.806964
0.068,8.918902,10.803888
0.069,8.913808,10.800814
0.070,8.908713,10.797738
0.071,8.903464,10.794067
0.072,8.898118,10.790023
0.073,8.892773,10.785979
0.074,8.887426,10.781935
0.075,8.882148,10.777515
0.076,8.876913,10.772861
0.077,8.871677,10.768205
0.078,8.866442,10.763550
0.079,8.861219,10.758465
0.080,8.856005,10.753110
0.081,8.850790,10.747755
0.082,8.845575,10.742399
0.083,8.840250,10.736852
0.084,8.834855,10.731182
0.085,8.829460,10.725513
0.086,8.824065,10.719844
0.087,8.818722,10.713995
0.088,8.813411,10.708033
0.089,8.808100,10.702071
0.090,8.802789,10.696110
0.091,8.797522,10.690010
0.092,8.792281,10.683824
0.093,8.787042,10.677637
0.094,8.781802,10.671451
0.095,8.776603,10.665241
0.096,8.771428,10.659017
0.097,8.766254,10.652792
0.098,8.761080,10.646567
0.099,8.756819,10.640417
0.100,8.753130,10.634313
0.101,8.749442,10.628208
0.102,8.745754,10.622105
0.103,8.743039,10.616240
0.104,8.740937,10.610526
0.105,8.738834,10.604813
0.106,8.736732,10.599099
0.107,8.735506,10.593784
0.108,8.734830,10.588720
0.109,8.734155,10.583657
0.110,8.733479,10.578593
0.111,8.733190,10.573876
0.112,8.733143,10.569378
0.113,8.733097,10.564878
0.114,8.733050,10.560380
0.115,8.733335,10.556113
0.116,8.733829,10.551992
0.117,8.734324,10.547873
0.118,8.734818,10.543752
0.119,8.735419,10.539889
0.120,8.736086,10.536189
0.121,8.736753,10.532489
0.122,8.737421,10.528789
0.123,8.738390,10.525266
0.124,8.739549,10.521856
0.125,8.740706,10.518446
0.126,8.741865,10.515036
0.127,8.744544,10.511687
0.128,8.748178,10.508378
0.129,8.751812,10.505068
0.130,8.755446,10.501759
0.131,8.759519,10.498598
0.132,8.763866,10.495533
0.133,8.768214,10.492468
0.134,8.772562,10.489403
0.135,8.774030,10.486306
0.136,8.773686,10.483190
0.137,8.773343,10.480074
0.138,8.773000,10.476957
0.139,8.772626,10.473790
0.140,8.772232,10.470591
0.141,8.771838,10.467391
0.142,8.771444,10.464191
0.143,8.771080,10.460855
0.144,8.770733,10.457433
0.145,8.770386,10.454011
0.146,8.770039,10.450588
0.147,8.769729,10.446969
0.148,8.769444,10.443226
0.149,8.769158,10.439484
0.150,8.768873,10.435740
0.151,8.768865,10.431829
0.152,8.769030,10.427812
0.153,8.769196,10.423795
0.154,8.769361,10.419777
0.155,8.769788,10.415615
0.156,8.770377,10.411362
0.157,8.770967,10.407109
0.158,8.771557,10.402856
0.159,8.772264,10.398441
0.160,8.773043,10.393925
0.161,8.773822,10.389409
0.162,8.774602,10.384892
0.163,8.775275,10.380305
0.164,8.775883,10.375672
0.165,8.776489,10.371040
0.166,8.777097,10.366408
0.167,8.777184,10.361737
0.168,8.776944,10.357042
0.169,8.776705,10.352347
0.170,8.776465,10.347652
0.171,8.776155,10.343063
0.172,8.775801,10.338540
0.173,8.775446,10.334017
0.174,8.775091,10.329494
0.175,8.774772,10.325130
0.176,8.774474,10.320868
0.177,8.774176,10.316604
0.178,8.773878,10.312341
0.179,8.773853,10.308336
0.180,8.774002,10.304496
0.181,8.774150,10.300655
0.182,8.774298,10.296815
0.183,8.774333,10.293216
0.184,8.774299,10.289768
0.185,8.774263,10.286321
0.186,8.774228,10.282873
0.187,8.772904,10.279724
0.188,8.770769,10.276762
0.189,8.768635,10.273801
0.190,8.766500,10.270839
0.191,8.764277,10.268214
0.192,8.762001,10.265803
0.193,8.759725,10.263391
0.194,8.757447,10.260980
0.195,8.758183,10.259109
0.196,8.760811,10.257579
0.197,8.763439,10.256049
0.198,8.766067,10.254519
0.199,8.768816,10.253387
0.200,8.771642,10.252507
0.201,8.774467,10.251627
0.202,8.777292,10.250747
0.203,8.780293,10.250339
0.204,8.783403,10.250228
0.205,8.786514,10.250116
0.206,8.789624,10.250006
0.207,8.793322,10.250586
0.208,8.797388,10.251600
0.209,8.801455,10.252615
0.210,8.805522,10.253630
0.211,8.809437,10.255214
0.212,8.813255,10.257154
0.213,8.817074,10.259095
0.214,8.820892,10.261036
0.215,8.824402,10.263313
0.216,8.827717,10.265801
0.217,8.831032,10.268290
0.218,8.834346,10.270778
0.219,8.837522,10.273726
0.220,8.840610,10.276961
0.221,8.843697,10.280198
0.222,8.846785,10.283434
0.223,8.849882,10.286945
0.224,8.852984,10.290628
0.225,8.856088,10.294312
0.226,8.859190,10.297996
0.227,8.862375,10.301989
0.228,8.865612,10.306176
0.229,8.868848,10.310363
0.230,8.872085,10.314550
0.231,8.874926,10.318837
0.232,8.877518,10.323187
0.233,8.880111,10.327537
0.234,8.882703,10.331886
0.235,8.884894,10.336417
0.236,8.886835,10.341063
0.237,8.888775,10.345708
0.238,8.890716,10.350353
0.239,8.892324,10.354992
0.240,8.893724,10.359627
0.241,8.895125,10.364262
0.242,8.896525,10.368896
0.243,8.897902,10.373640
0.244,8.899261,10.378451
0.245,8.900621,10.383264
0.246,8.901981,10.388075
0.247,8.903234,10.393054
0.248,8.904419,10.398139
0.249,8.905604,10.403223
0.250,8.906790,10.408307
0.251,8.907843,10.413482
0.252,8.908811,10.418714
0.253,8.909780,10.423944
0.254,8.910748,10.429176
0.255,8.911784,10.434461
0.256,8.912861,10.439778
0.257,8.913939,10.445096
0.258,8.915015,10.450415
0.259,8.916070,10.455984
0.260,8.917111,10.461712
0.261,8.918152,10.467440
0.262,8.919193,10.473167
0.263,8.919983,10.478977
0.264,8.920615,10.484838
0.265,8.921247,10.490700
0.266,8.921880,10.496561
0.267,8.921950,10.502420
0.268,8.921668,10.508280
0.269,8.921386,10.514139
0.270,8.921103,10.519999
0.271,8.921185,10.526068
0.272,8.921494,10.532268
0.273,8.921804,10.538467
0.274,8.922114,10.544667
0.275,8.922683,10.551055
0.276,8.923413,10.557561
0.277,8.924145,10.564067
0.278,8.924875,10.570574
0.279,8.925758,10.577168
0.280,8.926736,10.583816
0.281,8.927713,10.590465
0.282,8.928691,10.597113
0.283,8.929559,10.603850
0.284,8.930357,10.610644
0.285,8.931154,10.617438
0.286,8.931952,10.624232
0.287,8.932903,10.631121
0.288,8.933949,10.638068
0.289,8.934996,10.645017
0.290,8.936042,10.651964
0.291,8.937659,10.659027
0.292,8.939635,10.666163
0.293,8.941611,10.673299
0.294,8.943587,10.680435
0.295,8.945773,10.687606
0.296,8.948090,10.694799
0.297,8.950406,10.701992
0.298,8.952723,10.709186
0.299,8.956808,10.716440
0.300,8.962004,10.723735
0.301,8.967200,10.731030
0.302,8.972397,10.738324
0.303,8.977639,10.745680
0.304,8.982911,10.753075
0.305,8.988183,10.760469
0.306,8.993455,10.767864
0.307,8.998776,10.775120
0.308,9.004129,10.782289
0.309,9.009482,10.789456
0.310,9.014834,10.796625
0.311,9.020588,10.803620
0.312,9.026593,10.810506
0.313,9.032598,10.817392
0.314,9.038603,10.824279
0.315,9.044846,10.830994
0.316,9.051240,10.837601
0.317,9.057633,10.844208
0.318,9.064027,10.850816
0.319,9.070410,10.857105
0.320,9.076787,10.863196
0.321,9.083163,10.869287
0.322,9.089540,10.875379
0.323,9.096107,10.881153
0.324,9.102797,10.886728
0.325,9.109485,10.892304
0.326,9.116174,10.897880
0.327,9.122709,10.903025
0.328,9.129149,10.907899
0.329,9.135590,10.912773
0.330,9.142030,10.917647
0.331,9.147255,10.921926
0.332,9.151716,10.925831
0.333,9.156178,10.929735
0.334,9.160638,10.933640
0.335,9.163887,10.937056
0.336,9.166375,10.940163
0.337,9.168862,10.943271
0.338,9.171350,10.946378
0.339,9.172118,10.949030
0.340,9.171805,10.951397
0.341,9.171493,10.953763
0.342,9.171180,10.956129
0.343,9.170004,10.958008
0.344,9.168286,10.959579
0.345,9.166569,10.961151
0.346,9.164850,10.962723
0.347,9.162671,10.963662
0.348,9.160202,10.964204
0.349,9.157733,10.964746
0.350,9.155263,10.965287
0.351,9.152422,10.965183
0.352,9.149347,10.964673
0.353,9.146272,10.964164
0.354,9.143197,10.963654
0.355,9.139787,10.962468
0.356,9.136166,10.960857
0.357,9.132545,10.959247
0.358,9.128923,10.957636
0.359,9.123439,10.955438
0.360,9.116783,10.952871
0.361,9.110127,10.950304
0.362,9.103472,10.947738
0.363,9.096588,10.944633
0.364,9.089562,10.941190
0.365,9.082536,10.937747
0.366,9.075510,10.934304
0.367,9.068290,10.930493
0.368,9.060948,10.926451
0.369,9.053606,10.922409
0.370,9.046265,10.918367
0.371,9.038255,10.913954
0.372,9.029826,10.909307
0.373,9.021398,10.904658
0.374,9.012969,10.900011
0.375,9.003956,10.894947
0.376,8.994576,10.889621
0.377,8.985197,10.884295
0.378,8.975817,10.878968
0.379,8.966293,10.873336
0.380,8.956680,10.867510
0.381,8.947066,10.861685
0.382,8.937452,10.855860
0.383,8.927623,10.849835
0.384,8.917658,10.843685
0.385,8.907693,10.837536
0.386,8.897727,10.831386
0.387,8.887698,10.825104
0.388,8.877629,10.818740
0.389,8.867559,10.812375
0.390,8.857491,10.806011
0.391,8.848211,10.799517
0.392,8.839430,10.792941
0.393,8.830648,10.786365
0.394,8.821867,10.779789
0.395,8.814078,10.773110
0.396,8.806913,10.766369
0.397,8.799748,10.759627
0.398,8.792583,10.752886
0.399,8.786942,10.746015
0.400,8.782259,10.739061
0.401,8.777575,10.732109
0.402,8.772893,10.725156
0.403,8.769189,10.718152
0.404,8.766102,10.711117
0.405,8.763014,10.704081
0.406,8.759927,10.697045
0.407,8.757419,10.690131
0.408,8.755276,10.683295
0.409,8.753133,10.676458
0.410,8.750989,10.669621
0.411,8.748965,10.662985
0.412,8.747015,10.656473
0.413,8.745065,10.649961
0.414,8.743114,10.643451
0.415,8.741434,10.637126
0.416,8.739923,10.630919
0.417,8.738411,10.624711
0.418,8.736900,10.618504
0.419,8.735543,10.612364
0.420,8.734283,10.606267
0.421,8.733024,10.600169
0.422,8.731764,10.594072
0.423,8.730792,10.588063
0.424,8.730002,10.582110
0.425,8.729212,10.576158
0.426,8.728422,10.570205
0.427,8.727801,10.564384
0.428,8.727287,10.558644
0.429,8.726774,10.552905
0.430,8.726260,10.547166
0.431,8.726027,10.541681
0.432,8.725970,10.536357
0.433,8.725914,10.531034
0.434,8.725858,10.525709
0.435,8.726004,10.520595
0.436,8.726277,10.515611
0.437,8.726551,10.510628
0.438,8.726824,10.505644
0.439,8.727275,10.500716
0.440,8.727839,10.495823
0.441,8.728401,10.490930
0.442,8.728964,10.486036
0.443,8.729633,10.481212
0.444,8.730371,10.476430
0.445,8.731107,10.471649
0.446,8.731844,10.466867
0.447,8.732755,10.462090
0.448,8.733775,10.457314
0.449,8.734797,10.452538
0.450,8.735817,10.447762
0.451,8.736782,10.443052
0.452,8.737712,10.438385
0.453,8.738642,10.433717
0.454,8.739573,10.429049
0.455,8.740471,10.424391
0.456,8.741350,10.419738
0.457,8.742229,10.415085
0.458,8.743108,10.410431
0.459,8.743923,10.405805
0.460,8.744699,10.401195
0.461,8.745475,10.396584
0.462,8.746250,10.391973
0.463,8.747008,10.387400
0.464,8.747756,10.382849
0.465,8.748504,10.378297
0.466,8.749251,10.373746
0.467,8.750035,10.369214
0.468,8.750840,10.364694
0.469,8.751646,10.360173
0.470,8.752451,10.355654
0.471,8.753432,10.351132
0.472,8.754523,10.346610
0.473,8.755614,10.342089
0.474,8.756705,10.337566
0.475,8.757909,10.333106
0.476,8.759181,10.328685
0.477,8.760454,10.324264
0.478,8.761727,10.319842
0.479,8.763128,10.315631
0.480,8.764609,10.311552
0.481,8.766091,10.307473
0.482,8.767572,10.303394
0.483,8.768991,10.299546
0.484,8.770369,10.295844
0.485,8.771747,10.292142
0.486,8.773125,10.288440
0.487,8.774467,10.285015
0.488,8.775784,10.281766
0.489,8.777103,10.278516
0.490,8.778421,10.275267
0.491,8.779798,10.272331
0.492,8.781210,10.269592
0.493,8.782621,10.266853
0.494,8.784034,10.264114
0.495,8.785480,10.261783
0.496,8.786950,10.259706
0.497,8.788420,10.257628
0.498,8.789889,10.255552
0.499,8.791354,10.253986
0.500,8.792815,10.252743
0.501,8.794277,10.251499
0.502,8.795738,10.250255
0.503,8.797178,10.249363
0.504,8.798604,10.248692
0.505,8.800031,10.248020
0.506,8.801456,10.247349
0.507,8.802850,10.247003
0.508,8.804224,10.246861
0.509,8.805597,10.246718
0.510,8.806972,10.246576
0.511,8.808425,10.246734
0.512,8.809929,10.247077
0.513,8.811433,10.247421
0.514,8.812936,10.247766
0.515,8.814575,10.248541
0.516,8.816300,10.249589
0.517,8.818025,10.250636
0.518,8.819749,10.251684
0.519,8.821624,10.253257
0.520,8.823593,10.255160
0.521,8.825563,10.257064
0.522,8.827533,10.258967
0.523,8.829553,10.261402
0.524,8.831606,10.264172
0.525,8.833658,10.266942
0.526,8.835711,10.269711
0.527,8.837736,10.272955
0.528,8.839745,10.276497
0.529,8.841754,10.280039
0.530,8.843762,10.283580
0.531,8.845607,10.287568
0.532,8.847348,10.291836
0.533,8.849090,10.296103
0.534,8.850830,10.300372
0.535,8.852466,10.304995
0.536,8.854034,10.309840
0.537,8.855604,10.314686
0.538,8.857173,10.319532
0.539,8.858580,10.324656
0.540,8.859884,10.329955
0.541,8.861190,10.335255
0.542,8.862494,10.340553
0.543,8.863705,10.345972
0.544,8.864857,10.351466
0.545,8.866008,10.356960
0.546,8.867159,10.362453
0.547,8.868320,10.368034
0.548,8.869486,10.373669
0.549,8.870653,10.379304
0.550,8.871819,10.384938
0.551,8.872885,10.390504
0.552,8.873886,10.396027
0.553,8.874887,10.401548
0.554,8.875889,10.407071
0.555,8.876848,10.412460
0.556,8.877783,10.417766
0.557,8.878716,10.423071
0.558,8.879651,10.428377
0.559,8.880557,10.433600
0.560,8.881445,10.438771
0.561,8.882334,10.443943
0.562,8.883222,10.449115
0.563,8.884088,10.454323
0.564,8.884938,10.459554
0.565,8.885789,10.464785
0.566,8.886640,10.470016
0.567,8.887394,10.475245
0.568,8.888088,10.480474
0.569,8.888783,10.485701
0.570,8.889477,10.490929
0.571,8.890105,10.496133
0.572,8.890692,10.501323
0.573,8.891278,10.506513
0.574,8.891865,10.511703
0.575,8.892355,10.516772
0.576,8.892786,10.521766
0.577,8.893216,10.526759
0.578,8.893647,10.531753
0.579,8.893929,10.536448
0.580,8.894116,10.540956
0.581,8.894304,10.545465
0.582,8.894492,10.549973
0.583,8.894553,10.554238
0.584,8.894534,10.558350
0.585,8.894515,10.562462
0.586,8.894497,10.566573
0.587,8.894300,10.570453
0.588,8.893991,10.574185
0.589,8.893682,10.577919
0.590,8.893373,10.581652
0.591,8.892986,10.585304
0.592,8.892551,10.588905
0.593,8.892118,10.592507
0.594,8.891683,10.596108
0.595,8.891139,10.599551
0.596,8.890528,10.602894
0.597,8.889916,10.606236
0.598,8.889305,10.609579
0.599,8.888561,10.612815
0.600,8.887736,10.615984
0.601,8.886910,10.619153
0.602,8.886085,10.622321
0.603,8.885221,10.625522
0.604,8.884336,10.628740
0.605,8.883449,10.631960
0.606,8.882563,10.635179
0.607,8.881578,10.638373
0.608,8.880533,10.641553
0.609,8.879489,10.644733
0.610,8.878444,10.647913
0.611,8.877346,10.651252
0.612,8.876215,10.654690
0.613,8.875084,10.658129
0.614,8.873954,10.661567
0.615,8.872767,10.665141
0.616,8.871547,10.668801
0.617,8.870326,10.672462
0.618,8.869105,10.676122
0.619,8.867858,10.679722
0.620,8.866593,10.683285
0.621,8.865329,10.686848
0.622,8.864064,10.690411
0.623,8.862782,10.693948
0.624,8.861488,10.697470
0.625,8.860195,10.700991
0.626,8.858902,10.704513
0.627,8.857943,10.707955
0.628,8.857194,10.711350
0.629,8.856446,10.714745
0.630,8.855698,10.718139
0.631,8.856425,10.721273
0.632,8.858081,10.724244
0.633,8.859735,10.727215
0.634,8.861391,10.730186
0.635,8.865395,10.732884
0.636,8.870874,10.735412
0.637,8.876353,10.737940
0.638,8.881833,10.740468
0.639,8.887478,10.742624
0.640,8.893226,10.744548
0.641,8.898974,10.746470
0.642,8.904722,10.748394
0.643,8.910488,10.749876
0.644,8.916265,10.751081
0.645,8.922041,10.752286
0.646,8.927817,10.753490
0.647,8.933139,10.754222
0.648,8.938173,10.754656
0.649,8.943209,10.755089
0.650,8.948243,10.755523
0.651,8.951140,10.755338
0.652,8.952693,10.754765
0.653,8.954246,10.754190
0.654,8.955798,10.753617
0.655,8.957138,10.752508
0.656,8.958344,10.751062
0.657,8.959549,10.749617
0.658,8.960754,10.748171
0.659,8.961055,10.746161
0.660,8.960786,10.743797
0.661,8.960517,10.741434
0.662,8.960248,10.739070
0.663,8.959373,10.736190
0.664,8.958118,10.732985
0.665,8.956864,10.729780
0.666,8.955609,10.726575
0.667,8.954173,10.723036
0.668,8.952622,10.719285
0.669,8.951073,10.715535
0.670,8.949522,10.711785
0.671,8.947912,10.707656
0.672,8.946264,10.703287
0.673,8.944615,10.698919
0.674,8.942967,10.694551
0.675,8.941264,10.689917
0.676,8.939526,10.685115
0.677,8.937788,10.680314
0.678,8.936049,10.675512
0.679,8.934171,10.670589
0.680,8.932202,10.665588
0.681,8.930234,10.660588
0.682,8.928267,10.655588
0.683,8.926200,10.650443
0.684,8.924071,10.645207
0.685,8.921943,10.639971
0.686,8.919814,10.634735
0.687,8.917412,10.629411
0.688,8.914836,10.624030
0.689,8.912260,10.618649
0.690,8.909684,10.613270
0.691,8.905663,10.607895
0.692,8.900734,10.602525
0.693,8.895805,10.597154
0.694,8.890877,10.591784
0.695,8.883560,10.586397
0.696,8.874743,10.581002
0.697,8.865927,10.575607
0.698,8.857110,10.570212
0.699,8.848039,10.564821
0.700,8.838807,10.559432
0.701,8.829576,10.554044
0.702,8.820344,10.548655
0.703,8.811112,10.543386
0.704,8.801880,10.538195
0.705,8.792648,10.533002
0.706,8.783416,10.527810
0.707,8.774547,10.522717
0.708,8.765905,10.517685
0.709,8.757264,10.512654
0.710,8.748623,10.507623
0.711,8.741961,10.502824
0.712,8.736544,10.498170
0.713,8.731127,10.493516
0.714,8.725709,10.488863
0.715,8.720568,10.484434
0.716,8.715600,10.480147
0.717,8.710633,10.475862
0.718,8.705666,10.471575
0.719,8.701733,10.467587
0.720,8.698450,10.463785
0.721,8.695168,10.459984
0.722,8.691885,10.456182
0.723,8.689244,10.452537
0.724,8.687007,10.448989
0.725,8.684770,10.445442
0.726,8.682532,10.441895
0.727,8.680586,10.438435
0.728,8.678822,10.435029
0.729,8.677058,10.431623
0.730,8.675295,10.428218
0.731,8.673587,10.424845
0.732,8.671913,10.421493
0.733,8.670239,10.418139
0.734,8.668566,10.414787
0.735,8.666986,10.411382
0.736,8.665465,10.407943
0.737,8.663944,10.404505
0.738,8.662423,10.401066
0.739,8.661064,10.397642
0.740,8.659808,10.394227
0.741,8.658552,10.390813
0.742,8.657296,10.387398
0.743,8.656181,10.383976
0.744,8.655153,10.380549
0.745,8.654126,10.377124
0.746,8.653099,10.373697
0.747,8.652142,10.370336
0.748,8.651227,10.367015
0.749,8.650313,10.363694
0.750,8.649400,10.360373
0.751,8.648470,10.357057
0.752,8.647531,10.353743
0.753,8.646591,10.350429
0.754,8.645651,10.347114
0.755,8.644683,10.343857
0.756,8.643698,10.340636
0.757,8.642712,10.337416
0.758,8.641726,10.334195
0.759,8.640823,10.331159
0.760,8.639972,10.328239
0.761,8.639120,10.325320
0.762,8.638268,10.322401
0.763,8.637444,10.319631
0.764,8.636638,10.316956
0.765,8.635831,10.314280
0.766,8.635024,10.311604
0.767,8.634451,10.309106
0.768,8.634026,10.306721
0.769,8.633600,10.304335
0.770,8.633175,10.301950
0.771,8.632921,10.299659
0.772,8.632775,10.297427
0.773,8.632629,10.295197
0.774,8.632483,10.292966
0.775,8.632360,10.290894
0.776,8.632249,10.288921
0.777,8.632138,10.286949
0.778,8.632028,10.284976
0.779,8.632034,10.283239
0.780,8.632114,10.281651
0.781,8.632195,10.280063
0.782,8.632275,10.278475
0.783,8.632974,10.277252
0.784,8.634063,10.276259
0.785,8.635152,10.275267
0.786,8.636241,10.274274
0.787,8.637434,10.273522
0.788,8.638692,10.272922
0.789,8.639950,10.272322
0.790,8.641208,10.271722
0.791,8.642649,10.271370
0.792,8.644205,10.271173
0.793,8.645761,10.270977
0.794,8.647318,10.270781
0.795,8.649035,10.270890
0.796,8.650851,10.271191
0.797,8.652668,10.271491
0.798,8.654486,10.271791
0.799,8.656418,10.272243
0.800,8.658423,10.272789
0.801,8.660429,10.273335
0.802,8.662434,10.273880
0.803,8.664509,10.274588
0.804,8.666628,10.275397
0.805,8.668747,10.276207
0.806,8.670865,10.277017
0.807,8.673064,10.278023
0.808,8.675314,10.279153
0.809,8.677563,10.280282
0.810,8.679812,10.281412
0.811,8.682195,10.282854
0.812,8.684660,10.284492
0.813,8.687126,10.286131
0.814,8.689592,10.287769
0.815,8.692152,10.289651
0.816,8.694770,10.291686
0.817,8.697388,10.293721
0.818,8.700006,10.295755
0.819,8.702671,10.298120
0.820,8.705365,10.300692
0.821,8.708059,10.303264
0.822,8.710753,10.305835
0.823,8.713477,10.308618
0.824,8.716220,10.311532
0.825,8.718964,10.314446
0.826,8.721706,10.317361
0.827,8.724590,10.320498
0.828,8.727562,10.323775
0.829,8.730535,10.327052
0.830,8.733507,10.330329
0.831,8.736617,10.333824
0.832,8.739813,10.337457
0.833,8.743009,10.341089
0.834,8.746204,10.344722
0.835,8.749623,10.348577
0.836,8.753182,10.352571
0.837,8.756741,10.356565
0.838,8.760300,10.360559
0.839,8.763778,10.364640
0.840,8.767205,10.368774
0.841,8.770633,10.372910
0.842,8.774061,10.377044
0.843,8.776836,10.381067
0.844,8.779202,10.385020
0.845,8.781567,10.388974
0.846,8.783933,10.392927
0.847,8.786145,10.396878
0.848,8.788261,10.400827
0.849,8.790379,10.404777
0.850,8.792495,10.408726
0.851,8.794489,10.412585
0.852,8.796407,10.416387
0.853,8.798324,10.420188
0.854,8.800241,10.423989
0.855,8.802089,10.427745
0.856,8.803891,10.431471
0.857,8.805694,10.435197
0.858,8.807496,10.438923
0.859,8.809188,10.442671
0.860,8.810810,10.446432
0.861,8.812432,10.450193
0.862,8.814054,10.453955
0.863,8.815589,10.457694
0.864,8.817068,10.461421
0.865,8.818548,10.465147
0.866,8.820027,10.468874
0.867,8.821408,10.472500
0.868,8.822726,10.476063
0.869,8.824045,10.479625
0.870,8.825363,10.483188
0.871,8.826521,10.486680
0.872,8.827577,10.490129
0.873,8.828632,10.493577
0.874,8.829689,10.497025
0.875,8.830684,10.500499
0.876,8.831639,10.503987
0.877,8.832596,10.507476
0.878,8.833551,10.510964
0.879,8.834495,10.514363
0.880,8.835429,10.517707
0.881,8.836364,10.521049
0.882,8.837299,10.524393
0.883,8.838194,10.527758
0.884,8.839064,10.531137
0.885,8.839934,10.534515
0.886,8.840804,10.537893
0.887,8.841472,10.541257
0.888,8.842012,10.544611
0.889,8.842553,10.547965
0.890,8.843094,10.551319
0.891,8.843530,10.554666
0.892,8.843900,10.558008
0.893,8.844270,10.561351
0.894,8.844640,10.564693
0.895,8.844677,10.568004
0.896,8.844505,10.571293
0.897,8.844333,10.574582
0.898,8.844161,10.577872
0.899,8.843899,10.581127
0.900,8.843581,10.584360
0.901,8.843264,10.587594
0.902,8.842946,10.590827
0.903,8.842580,10.594127
0.904,8.842185,10.597468
0.905,8.841789,10.600809
0.906,8.841394,10.604151
0.907,8.840961,10.607485
0.908,8.840501,10.610815
0.909,8.840042,10.614144
0.910,8.839583,10.617475
0.911,8.838965,10.620895
0.912,8.838248,10.624372
0.913,8.837531,10.627850
0.914,8.836813,10.631327
0.915,8.835912,10.634828
0.916,8.834893,10.638345
0.917,8.833876,10.641862
0.918,8.832857,10.645379
0.919,8.831884,10.649002
0.920,8.830940,10.652694
0.921,8.829995,10.656384
0.922,8.829051,10.660075
0.923,8.828115,10.663857
0.924,8.827182,10.667694
0.925,8.826249,10.671532
0.926,8.825316,10.675370
0.927,8.825489,10.679267
0.928,8.826356,10.683202
0.929,8.827222,10.687137
0.930,8.828089,10.691072
0.931,8.829676,10.694913
0.932,8.831715,10.698694
0.933,8.833754,10.702476
0.934,8.835793,10.706257
0.935,8.839164,10.709897
0.936,8.843370,10.713450
0.937,8.847578,10.717003
0.938,8.851785,10.720555
0.939,8.856424,10.723929
0.940,8.861337,10.727192
0.941,8.866248,10.730454
0.942,8.871160,10.733717
0.943,8.876616,10.736678
0.944,8.882416,10.739450
0.945,8.888215,10.742223
0.946,8.894014,10.744995
0.947,8.900139,10.747446
0.948,8.906468,10.749694
0.949,8.912797,10.751943
0.950,8.919127,10.754190
0.951,8.925625,10.756208
0.952,8.932230,10.758082
0.953,8.938834,10.759955
0.954,8.945439,10.761829
0.955,8.952044,10.763459
0.956,8.958650,10.764936
0.957,8.965255,10.766415
0.958,8.971860,10.767892
0.959,8.978312,10.769073
0.960,8.984668,10.770070
0.961,8.991023,10.771066
0.962,8.997379,10.772062
0.963,9.002305,10.772668
0.964,9.006331,10.773028
0.965,9.010359,10.773388
0.966,9.014385,10.773748
0.967,9.017324,10.773706
0.968,9.019579,10.773411
0.969,9.021834,10.773115
0.970,9.024089,10.772820
0.971,9.025110,10.772016
0.972,9.025354,10.770891
0.973,9.025599,10.769766
0.974,9.025845,10.768641
0.975,9.025609,10.767020
0.976,9.025070,10.765087
0.977,9.024532,10.763153
0.978,9.023994,10.761220
0.979,9.022952,10.758635
0.980,9.021593,10.755639
0.981,9.020235,10.752645
0.982,9.018876,10.749649
0.983,9.017327,10.746129
0.984,9.015658,10.742277
0.985,9.013989,10.738426
0.986,9.012321,10.734575
0.987,9.009450,10.730303
0.988,9.005823,10.725765
0.989,9.002196,10.721228
0.990,8.998569,10.716690
0.991,8.994222,10.711944
0.992,8.989421,10.707066
0.993,8.984619,10.702188
0.994,8.979818,10.697310
0.995,8.973686,10.692340
0.996,8.966717,10.687310
0.997,8.959748,10.682281
0.998,8.952779,10.677251
0.999,8.945246,10.672087
1.000,8.937358,10.666839
1.001,8.929470,10.661591
1.002,8.921583,10.656342
1.003,8.913087,10.651094
1.004,8.904209,10.645847
1.005,8.895331,10.640600
1.006,8.886453,10.635353
1.007,8.877221,10.630096
1.008,8.867767,10.624834
1.009,8.858313,10.619573
1.010,8.848859,10.614310
1.011,8.839227,10.609067
1.012,8.829483,10.603837
1.013,8.819739,10.598606
1.014,8.809997,10.593375
1.015,8.800227,10.588058
1.016,8.790441,10.582687
1.017,8.780655,10.577315
1.018,8.770869,10.571944
1.019,8.761220,10.566606
1.020,8.751657,10.561287
1.021,8.742093,10.555968
1.022,8.732531,10.550650
1.023,8.724541,10.545426
1.024,8.717541,10.540263
1.025,8.710541,10.535100
1.026,8.703541,10.529937
1.027,8.697697,10.524899
1.028,8.692579,10.519938
1.029,8.687462,10.514978
1.030,8.682344,10.510018
1.031,8.678543,10.505250
1.032,8.675569,10.500601
1.033,8.672594,10.495952
1.034,8.669620,10.491302
1.035,8.667077,10.486830
1.036,8.664805,10.482469
1.037,8.662534,10.478107
1.038,8.660262,10.473745
1.039,8.658366,10.469667
1.040,8.656706,10.465768
1.041,8.655046,10.461868
1.042,8.653385,10.457968
1.043,8.651943,10.454304
1.044,8.650639,10.450788
1.045,8.649333,10.447271
1.046,8.648028,10.443754
1.047,8.646894,10.440446
1.048,8.645867,10.437267
1.049,8.644840,10.434089
1.050,8.643814,10.430910
1.051,8.642938,10.427786
1.052,8.642158,10.424696
1.053,8.641376,10.421606
1.054,8.640596,10.418517
1.055,8.639933,10.415458
1.056,8.639342,10.412418
1.057,8.638751,10.409379
1.058,8.638161,10.406339
1.059,8.637745,10.403324
1.060,8.637439,10.400326
1.061,8.637133,10.397326
1.062,8.636827,10.394328
1.063,8.636523,10.391346
1.064,8.636222,10.388373
1.065,8.635921,10.385402
1.066,8.635620,10.382430
1.067,8.635381,10.379567
1.068,8.635181,10.376773
1.069,8.634981,10.373979
1.070,8.634782,10.371184
1.071,8.634632,10.368355
1.072,8.634515,10.365504
1.073,8.634398,10.362653
1.074,8.634280,10.359801
1.075,8.634354,10.357125
1.076,8.634549,10.354560
1.077,8.634744,10.351995
1.078,8.634938,10.349428
1.079,8.635256,10.346994
1.080,8.635650,10.344644
1.081,8.636044,10.342292
1.082,8.636437,10.339941
1.083,8.636786,10.337626
1.084,8.637105,10.335333
1.085,8.637424,10.333040
1.086,8.637745,10.330748
1.087,8.637971,10.328440
1.088,8.638139,10.326121
1.089,8.638307,10.323803
1.090,8.638474,10.321485
1.091,8.638720,10.319190
1.092,8.639013,10.316909
1.093,8.639306,10.314629
1.094,8.639600,10.312347
1.095,8.640108,10.310096
1.096,8.640750,10.307863
1.097,8.641393,10.305631
1.098,8.642035,10.303398
1.099,8.642974,10.301198
1.100,8.644100,10.299018
1.101,8.645226,10.296838
1.102,8.646353,10.294658
1.103,8.647716,10.292483
1.104,8.649226,10.290312
1.105,8.650738,10.288140
1.106,8.652248,10.285969
1.107,8.653900,10.283818
1.108,8.655640,10.281682
1.109,8.657380,10.279546
1.110,8.659120,10.277410
1.111,8.660908,10.275422
1.112,8.662726,10.273528
1.113,8.664545,10.271635
1.114,8.666364,10.269741
1.115,8.668157,10.268019
1.116,8.669933,10.266404
1.117,8.671710,10.264789
1.118,8.673487,10.263174
1.119,8.675325,10.261820
1.120,8.677202,10.260630
1.121,8.679079,10.259439
1.122,8.680956,10.258250
1.123,8.682994,10.257289
1.124,8.685132,10.256473
1.125,8.687270,10.255656
1.126,8.689408,10.254840
1.127,8.691652,10.254242
1.128,8.693963,10.253780
1.129,8.696274,10.253319
1.130,8.698586,10.252857
1.131,8.700902,10.252647
1.132,8.703221,10.252595
1.133,8.705542,10.252543
1.134,8.707862,10.252492
1.135,8.710131,10.252558
1.136,8.712367,10.252697
1.137,8.714603,10.252836
1.138,8.716840,10.252976
1.139,8.719138,10.253256
1.140,8.721476,10.253625
1.141,8.723812,10.253994
1.142,8.726150,10.254363
1.143,8.728566,10.255128
1.144,8.731031,10.256141
1.145,8.733498,10.257154
1.146,8.735964,10.258168
1.147,8.738570,10.259487
1.148,8.741264,10.260999
1.149,8.743959,10.262510
1.150,8.746654,10.264021
1.151,8.749396,10.265875
1.152,8.752170,10.267944
1.153,8.754943,10.270014
1.154,8.757716,10.272083
1.155,8.760399,10.274491
1.156,8.763026,10.277111
1.157,8.765653,10.279732
1.158,8.768280,10.282351
1.159,8.770617,10.285227
1.160,8.772773,10.288261
1.161,8.774929,10.291296
1.162,8.777084,10.294331
1.163,8.778954,10.297723
1.164,8.780643,10.301341
1.165,8.782331,10.304959
1.166,8.784019,10.308578
1.167,8.785567,10.312459
1.168,8.787026,10.316507
1.169,8.788486,10.320556
1.170,8.789945,10.324604
1.171,8.791376,10.328901
1.172,8.792789,10.333356
1.173,8.794202,10.337811
1.174,8.795614,10.342265
1.175,8.797018,10.346823
1.176,8.798416,10.351444
1.177,8.799813,10.356067
1.178,8.801211,10.360688
1.179,8.802543,10.365358
1.180,8.803833,10.370058
1.181,8.805122,10.374758
1.182,8.806413,10.379458
1.183,8.807689,10.384249
1.184,8.808955,10.389096
1.185,8.810222,10.393945
1.186,8.811488,10.398792
1.187,8.812637,10.403800
1.188,8.813713,10.408908
1.189,8.814788,10.414017
1.190,8.815864,10.419125
1.191,8.816872,10.424429
1.192,8.817838,10.429855
1.193,8.818805,10.435282
1.194,8.819771,10.440708
1.195,8.820716,10.446284
1.196,8.821649,10.451956
1.197,8.822580,10.457626
1.198,8.823513,10.463298
1.199,8.824234,10.469063
1.200,8.824823,10.474887
1.201,8.825412,10.480711
1.202,8.826001,10.486536
1.203,8.826371,10.492323
1.204,8.826605,10.498087
1.205,8.826838,10.503850
1.206,8.827071,10.509614
1.207,8.827407,10.515379
1.208,8.827808,10.521145
1.209,8.828209,10.526911
1.210,8.828610,10.532677
1.211,8.828888,10.538348
1.212,8.829087,10.543959
1.213,8.829288,10.549570
1.214,8.829487,10.555182
1.215,8.829432,10.560715
1.216,8.829219,10.566200
1.217,8.829005,10.571685
1.218,8.828792,10.577170
1.219,8.828550,10.582512
1.220,8.828294,10.587762
1.221,8.828036,10.593013
1.222,8.827779,10.598264
1.223,8.828623,10.603308
1.224,8.830160,10.608221
1.225,8.831697,10.613135
1.226,8.833234,10.618049
1.227,8.835629,10.622776
1.228,8.838562,10.627386
1.229,8.841496,10.631996
1.230,8.844430,10.636606
1.231,8.847407,10.640964
1.232,8.850412,10.645163
1.233,8.853417,10.649362
1.234,8.856422,10.653561
1.235,8.859442,10.657638
1.236,8.862470,10.661637
1.237,8.865499,10.665637
1.238,8.868526,10.669637
1.239,8.872505,10.673670
1.240,8.877080,10.677724
1.241,8.881655,10.681777
1.242,8.886230,10.685831
1.243,8.892043,10.689823
1.244,8.898635,10.693777
1.245,8.905227,10.697731
1.246,8.911819,10.701685
1.247,8.919358,10.705346
1.248,8.927495,10.708825
1.249,8.935632,10.712303
1.250,8.943769,10.715781
1.251,8.952676,10.718988
1.252,8.962070,10.722025
1.253,8.971462,10.725061
1.254,8.980855,10.728098
1.255,8.990139,10.730895
1.256,8.999353,10.733542
1.257,9.008569,10.736190
1.258,9.017783,10.738837
1.259,9.026676,10.741313
1.260,9.035367,10.743679
1.261,9.044058,10.746046
1.262,9.052749,10.748412
1.263,9.060670,10.750463
1.264,9.068106,10.752315
1.265,9.075541,10.754167
1.266,9.082977,10.756018
1.267,9.089774,10.757613
1.268,9.096168,10.759048
1.269,9.102562,10.760481
1.270,9.108955,10.761915
1.271,9.114494,10.763124
1.272,9.119495,10.764190
1.273,9.124496,10.765257
1.274,9.129498,10.766323
1.275,9.132220,10.767034
1.276,9.133509,10.767519
1.277,9.134798,10.768004
1.278,9.136086,10.768490
1.279,9.137169,10.768565
1.280,9.138121,10.768383
1.281,9.139072,10.768200
1.282,9.140025,10.768018
1.283,9.139216,10.767221
1.284,9.137300,10.766039
1.285,9.135385,10.764857
1.286,9.133469,10.763675
1.287,9.130251,10.761937
1.288,9.126215,10.759850
1.289,9.122179,10.757763
1.290,9.118143,10.755675
1.291,9.113844,10.753309
1.292,9.109379,10.750767
1.293,9.104915,10.748225
1.294,9.100450,10.745684
1.295,9.095759,10.742898
1.296,9.090926,10.739960
1.297,9.086094,10.737021
1.298,9.081261,10.734082
1.299,9.075508,10.730818
1.300,9.069179,10.727349
1.301,9.062848,10.723880
1.302,9.056518,10.720410
1.303,9.048772,10.716494
1.304,9.040136,10.712295
1.305,9.031501,10.708096
1.306,9.022864,10.703897
1.307,9.013277,10.699498
1.308,9.003091,10.694975
1.309,8.992905,10.690451
1.310,8.982718,10.685927
1.311,8.971731,10.681167
1.312,8.960240,10.676258
1.313,8.948750,10.671349
1.314,8.937259,10.666439
1.315,8.925867,10.661369
1.316,8.914538,10.656198
1.317,8.903210,10.651027
1.318,8.891881,10.645855
1.319,8.880911,10.640495
1.320,8.870167,10.635018
1.321,8.859422,10.629540
1.322,8.848678,10.624063
1.323,8.838706,10.618536
1.324,8.829220,10.612978
1.325,8.819734,10.607419
1.326,8.810247,10.601861
1.327,8.801109,10.596360
1.328,8.792192,10.590897
1.329,8.783273,10.585433
1.330,8.774355,10.579969
1.331,8.766293,10.574535
1.332,8.758769,10.569120
1.333,8.751245,10.563704
1.334,8.743722,10.558290
1.335,8.738644,10.552959
1.336,8.735102,10.547683
1.337,8.731560,10.542406
1.338,8.728018,10.537129
1.339,8.724725,10.532105
1.340,8.721589,10.527241
1.341,8.718453,10.522376
1.342,8.715317,10.517511
1.343,8.712847,10.513047
1.344,8.710796,10.508836
1.345,8.708745,10.504623
1.346,8.706694,10.500412
1.347,8.704984,10.496531
1.348,8.703487,10.492857
1.349,8.701991,10.489183
1.350,8.700495,10.485510
1.351,8.699090,10.481985
1.352,8.697742,10.478554
1.353,8.696396,10.475122
1.354,8.695048,10.471691
1.355,8.693831,10.468345
1.356,8.692697,10.465053
1.357,8.691562,10.461760
1.358,8.690427,10.458467
1.359,8.689167,10.455184
1.360,8.687827,10.451907
1.361,8.686488,10.448630
1.362,8.685148,10.445354
1.363,8.683928,10.442324
1.364,8.682785,10.439449
1.365,8.681641,10.436575
1.366,8.680496,10.433701
1.367,8.679392,10.430913
1.368,8.678313,10.428178
1.369,8.677234,10.425444
1.370,8.676155,10.422709
1.371,8.675054,10.419942
1.372,8.673938,10.417155
1.373,8.672823,10.414368
1.374,8.671707,10.411580
1.375,8.670527,10.408737
1.376,8.669306,10.405859
1.377,8.668084,10.402980
1.378,8.666862,10.400102
1.379,8.665717,10.397124
1.380,8.664620,10.394084
1.381,8.663523,10.391044
1.382,8.662425,10.388003
1.383,8.661350,10.384888
1.384,8.660290,10.381726
1.385,8.659229,10.378565
1.386,8.658168,10.375403
1.387,8.657214,10.372153
1.388,8.656327,10.368849
1.389,8.655441,10.365544
1.390,8.654554,10.362240
1.391,8.653768,10.358930
1.392,8.653045,10.355616
1.393,8.652321,10.352303
1.394,8.651598,10.348989
1.395,8.651025,10.345724
1.396,8.650545,10.342489
1.397,8.650066,10.339255
1.398,8.649588,10.336020
1.399,8.649136,10.332754
1.400,8.648701,10.329468
1.401,8.648266,10.326181
1.402,8.647831,10.322895
1.403,8.647404,10.319705
1.404,8.646981,10.316574
1.405,8.646558,10.313444
1.406,8.646135,10.310314
1.407,8.645783,10.307344
1.408,8.645475,10.304475
1.409,8.645167,10.301605
1.410,8.644860,10.298736
1.411,8.644654,10.295978
1.412,8.644513,10.293289
1.413,8.644372,10.290601
1.414,8.644231,10.287912
1.415,8.644315,10.285351
1.416,8.644541,10.282869
1.417,8.644766,10.280388
1.418,8.644992,10.277906
1.419,8.645518,10.275637
1.420,8.646235,10.273499
1.421,8.646952,10.271361
1.422,8.647669,10.269224
1.423,8.648713,10.267190
1.424,8.649962,10.265220
1.425,8.651213,10.263249
1.426,8.652462,10.261279
1.427,8.654253,10.259554
1.428,8.656383,10.257981
1.429,8.658513,10.256409
1.430,8.660644,10.254836
1.431,8.662965,10.253524
1.432,8.665405,10.252374
1.433,8.667847,10.251225
1.434,8.670288,10.250074
1.435,8.672857,10.249159
1.436,8.675507,10.248389
1.437,8.678156,10.247621
1.438,8.680806,10.246851
1.439,8.683517,10.246357
1.440,8.686269,10.246035
1.441,8.689020,10.245713
1.442,8.691771,10.245391
1.443,8.694680,10.245276
1.444,8.697689,10.245293
1.445,8.700698,10.245309
1.446,8.703707,10.245325
1.447,8.706730,10.245547
1.448,8.709762,10.245898
1.449,8.712792,10.246250
1.450,8.715824,10.246601
1.451,8.718818,10.247049
1.452,8.721788,10.247559
1.453,8.724758,10.248069
1.454,8.727729,10.248578
1.455,8.730788,10.249235
1.456,8.733903,10.249985
1.457,8.737019,10.250735
1.458,8.740133,10.251485
1.459,8.743267,10.252522
1.460,8.746413,10.253736
1.461,8.749559,10.254952
1.462,8.752706,10.256167
1.463,8.755929,10.257592
1.464,8.759202,10.259149
1.465,8.762475,10.260704
1.466,8.765747,10.262260
1.467,8.769012,10.264094
1.468,8.772272,10.266103
1.469,8.775533,10.268110
1.470,8.778792,10.270119
1.471,8.782013,10.272428
1.472,8.785209,10.274925
1.473,8.788404,10.277423
1.474,8.791599,10.279921
1.475,8.794561,10.282445
1.476,8.797377,10.284986
1.477,8.800192,10.287528
1.478,8.803007,10.290069
1.479,8.805633,10.292863
1.480,8.808139,10.295815
1.481,8.810645,10.298767
1.482,8.813151,10.301720
1.483,8.815386,10.304900
1.484,8.817451,10.308223
1.485,8.819515,10.311546
1.486,8.821580,10.314870
1.487,8.823114,10.318395
1.488,8.824315,10.322047
1.489,8.825517,10.325699
1.490,8.826717,10.329351
1.491,8.827896,10.333207
1.492,8.829060,10.337193
1.493,8.830224,10.341177
1.494,8.831388,10.345161
1.495,8.832510,10.349324
1.496,8.833606,10.353598
1.497,8.834702,10.357872
1.498,8.835797,10.362145
1.499,8.836743,10.366568
1.500,8.837594,10.371083
1.501,8.838446,10.375599
1.502,8.839296,10.380115
1.503,8.840086,10.384815
1.504,8.840836,10.389632
1.505,8.841585,10.394449
1.506,8.842335,10.399265
1.507,8.843142,10.404202
1.508,8.843985,10.409211
1.509,8.844828,10.414222
1.510,8.845672,10.419231
1.511,8.846445,10.424305
1.512,8.847175,10.429419
1.513,8.847904,10.434532
1.514,8.848634,10.439645
1.515,8.849124,10.444775
1.516,8.849463,10.449913
1.517,8.849803,10.455052
1.518,8.850142,10.460191
1.519,8.850409,10.465216
1.520,8.850627,10.470168
1.521,8.850845,10.475121
1.522,8.851064,10.480074
1.523,8.851167,10.484919
1.524,8.851197,10.489695
1.525,8.851228,10.494472
1.526,8.851258,10.499248
1.527,8.851228,10.503810
1.528,8.851160,10.508237
1.529,8.851092,10.512665
1.530,8.851025,10.517093
1.531,8.850866,10.521245
1.532,8.850651,10.525225
1.533,8.850436,10.529204
1.534,8.850221,10.533184
1.535,8.850019,10.537203
1.536,8.849825,10.541245
1.537,8.849630,10.545288
1.538,8.849437,10.549331
1.539,8.849137,10.553102
1.540,8.848772,10.556705
1.541,8.848407,10.560307
1.542,8.848042,10.563909
1.543,8.847471,10.567210
1.544,8.846772,10.570324
1.545,8.846072,10.573437
1.546,8.845373,10.576550
1.547,8.844512,10.579377
1.548,8.843550,10.582023
1.549,8.842587,10.584669
1.550,8.841625,10.587315
1.551,8.840477,10.589911
1.552,8.839211,10.592475
1.553,8.837944,10.595039
1.554,8.836678,10.597604
1.555,8.835359,10.600110
1.556,8.834006,10.602579
1.557,8.832655,10.605049
1.558,8.831303,10.607518
1.559,8.830052,10.609850
1.560,8.828865,10.612095
1.561,8.827678,10.614339
1.562,8.826490,10.616584
1.563,8.825384,10.618751
1.564,8.824327,10.620869
1.565,8.823270,10.622987
1.566,8.822213,10.625105
1.567,8.821017,10.627082
1.568,8.819734,10.628970
1.569,8.818450,10.630858
1.570,8.817166,10.632747
1.571,8.815858,10.634581
1.572,8.814533,10.636380
1.573,8.813209,10.638180
1.574,8.811883,10.639980
1.575,8.811003,10.641668
1.576,8.810401,10.643287
1.577,8.809799,10.644904
1.578,8.809197,10.646523
1.579,8.809135,10.648137
1.580,8.809412,10.649749
1.581,8.809689,10.651361
1.582,8.809965,10.652973
1.583,8.810993,10.654461
1.584,8.812494,10.655870
1.585,8.813995,10.657281
1.586,8.815496,10.658690
1.587,8.817369,10.659971
1.588,8.819476,10.661170
1.589,8.821583,10.662369
1.590,8.823689,10.663568
1.591,8.826742,10.664619
1.592,8.830389,10.665578
1.593,8.834036,10.666537
1.594,8.837683,10.667496
1.595,8.842881,10.668283
1.596,8.849054,10.668961
1.597,8.855228,10.669639
1.598,8.861402,10.670317
1.599,8.867932,10.670913
1.600,8.874687,10.671455
1.601,8.881442,10.671998
1.602,8.888197,10.672541
1.603,8.895351,10.672991
1.604,8.902757,10.673381
1.605,8.910162,10.673772
1.606,8.917567,10.674163
1.607,8.924981,10.674393
1.608,8.932401,10.674521
1.609,8.939821,10.674651
1.610,8.947241,10.674780
1.611,8.953701,10.674570
1.612,8.959558,10.674148
1.613,8.965415,10.673725
1.614,8.971272,10.673303
1.615,8.975308,10.672605
1.616,8.978201,10.671733
1.617,8.981093,10.670861
1.618,8.983985,10.669991
1.619,8.985984,10.668887
1.620,8.987422,10.667637
1.621,8.988859,10.666388
1.622,8.990296,10.665138
1.623,8.990513,10.663463
1.624,8.989961,10.661519
1.625,8.989409,10.659575
1.626,8.988857,10.657632
1.627,8.987913,10.655334
1.628,8.986721,10.652815
1.629,8.985530,10.650295
1.630,8.984338,10.647776
1.631,8.983095,10.644902
1.632,8.981821,10.641807
1.633,8.980546,10.638710
1.634,8.979272,10.635614
1.635,8.977621,10.632386
1.636,8.975733,10.629074
1.637,8.973845,10.625763
1.638,8.971958,10.622451
1.639,8.969592,10.619035
1.640,8.966926,10.615551
1.641,8.964259,10.612068
1.642,8.961593,10.608585
1.643,8.958194,10.605121
1.644,8.954335,10.601667
1.645,8.950476,10.598214
1.646,8.946617,10.594762
1.647,8.942408,10.591287
1.648,8.937977,10.587799
1.649,8.933546,10.584311
1.650,8.929115,10.580824
1.651,8.923731,10.577280
1.652,8.917747,10.573702
1.653,8.911763,10.570124
1.654,8.905779,10.566545
1.655,8.898156,10.562905
1.656,8.889503,10.559227
1.657,8.880849,10.555549
1.658,8.872195,10.551870
1.659,8.863226,10.548074
1.660,8.854058,10.544204
1.661,8.844890,10.540334
1.662,8.835722,10.536464
1.663,8.826221,10.532551
1.664,8.816511,10.528611
1.665,8.806801,10.524671
1.666,8.797091,10.520731
1.667,8.787458,10.516721
1.668,8.777875,10.512668
1.669,8.768291,10.508614
1.670,8.758707,10.504560
1.671,8.750188,10.500575
1.672,8.742338,10.496634
1.673,8.734488,10.492691
1.674,8.726638,10.488750
1.675,8.720701,10.484844
1.676,8.715967,10.480962
1.677,8.711232,10.477080
1.678,8.706498,10.473198
1.679,8.702610,10.469406
1.680,8.699253,10.465671
1.681,8.695896,10.461936
1.682,8.692539,10.458200
1.683,8.690284,10.454780
1.684,8.688722,10.451557
1.685,8.687160,10.448335
1.686,8.685597,10.445112
1.687,8.684505,10.442205
1.688,8.683707,10.439496
1.689,8.682909,10.436787
1.690,8.682112,10.434078
1.691,8.681462,10.431643
1.692,8.680906,10.429379
1.693,8.680349,10.427117
1.694,8.679793,10.424854
1.695,8.679294,10.422662
1.696,8.678828,10.420515
1.697,8.678363,10.418367
1.698,8.677897,10.416220
1.699,8.677377,10.414031
1.700,8.676821,10.411818
1.701,8.676265,10.409603
1.702,8.675709,10.407389
1.703,8.675156,10.405007
1.704,8.674603,10.402521
1.705,8.674051,10.400035
1.706,8.673499,10.397548
1.707,8.672936,10.395000
1.708,8.672367,10.392411
1.709,8.671798,10.389824
1.710,8.671228,10.387236
1.711,8.670591,10.384562
1.712,8.669913,10.381833
1.713,8.669234,10.379104
1.714,8.668556,10.376375
1.715,8.667930,10.373559
1.716,8.667336,10.370687
1.717,8.666742,10.367817
1.718,8.666149,10.364946
1.719,8.665592,10.362108
1.720,8.665058,10.359290
1.721,8.664524,10.356473
1.722,8.663990,10.353655
1.723,8.663585,10.350896
1.724,8.663260,10.348173
1.725,8.662934,10.345449
1.726,8.662610,10.342727
1.727,8.662423,10.340163
1.728,8.662323,10.337701
1.729,8.662223,10.335238
1.730,8.662123,10.332776
1.731,8.662177,10.330400
1.732,8.662331,10.328080
1.733,8.662483,10.325759
1.734,8.662636,10.323439
1.735,8.662861,10.321195
1.736,8.663132,10.318998
1.737,8.663402,10.316801
1.738,8.663672,10.314605
1.739,8.664139,10.312424
1.740,8.664729,10.310252
1.741,8.665319,10.308081
1.742,8.665910,10.305909
1.743,8.666689,10.303766
1.744,8.667587,10.301641
1.745,8.668485,10.299518
1.746,8.669383,10.297393
1.747,8.670483,10.295292
1.748,8.671710,10.293206
1.749,8.672937,10.291121
1.750,8.674164,10.289034
1.751,8.675500,10.287054
1.752,8.676903,10.285139
1.753,8.678307,10.283225
1.754,8.679710,10.281311
1.755,8.681490,10.279510
1.756,8.683505,10.277782
1.757,8.685521,10.276054
1.758,8.687536,10.274326
1.759,8.689627,10.272739
1.760,8.691765,10.271240
1.761,8.693903,10.269741
1.762,8.696041,10.268242
1.763,8.698368,10.267059
1.764,8.700814,10.266075
1.765,8.703261,10.265091
1.766,8.705708,10.264107
1.767,8.708218,10.263481
1.768,8.710768,10.263080
1.769,8.713318,10.262678
1.770,8.715868,10.262277
1.771,8.718626,10.262263
1.772,8.721516,10.262494
1.773,8.724405,10.262725
1.774,8.727295,10.262956
1.775,8.730252,10.263542
1.776,8.733253,10.264352
1.777,8.736255,10.265162
1.778,8.739256,10.265972
1.779,8.742274,10.267063
1.780,8.745303,10.268331
1.781,8.748331,10.269598
1.782,8.751360,10.270865
1.783,8.754500,10.272512
1.784,8.757710,10.274398
1.785,8.760920,10.276284
1.786,8.764130,10.278170
1.787,8.767278,10.280385
1.788,8.770388,10.282809
1.789,8.773498,10.285233
1.790,8.776608,10.287657
1.791,8.779607,10.290294
1.792,8.782536,10.293064
1.793,8.785464,10.295835
1.794,8.788393,10.298605
1.795,8.791211,10.301608
1.796,8.793961,10.304757
1.797,8.796710,10.307906
1.798,8.799459,10.311055
1.799,8.801993,10.314470
1.800,8.804394,10.318051
1.801,8.806794,10.321632
1.802,8.809195,10.325213
1.803,8.811450,10.328953
1.804,8.813616,10.332790
1.805,8.815782,10.336628
1.806,8.817946,10.340466
1.807,8.820107,10.344460
1.808,8.822266,10.348554
1.809,8.824423,10.352647
1.810,8.826581,10.356740
1.811,8.828706,10.361063
1.812,8.830810,10.365531
1.813,8.832914,10.369998
1.814,8.835018,10.374466
1.815,8.836709,10.379049
1.816,8.838140,10.383705
1.817,8.839571,10.388361
1.818,8.841002,10.393017
1.819,8.842355,10.397859
1.820,8.843659,10.402817
1.821,8.844963,10.407775
1.822,8.846268,10.412732
1.823,8.847352,10.417873
1.824,8.848298,10.423130
1.825,8.849245,10.428387
1.826,8.850191,10.433643
1.827,8.851016,10.438971
1.828,8.851765,10.444342
1.829,8.852514,10.449713
1.830,8.853263,10.455084
1.831,8.853850,10.460452
1.832,8.854336,10.465818
1.833,8.854821,10.471185
1.834,8.855307,10.476551
1.835,8.855724,10.482024
1.836,8.856098,10.487564
1.837,8.856472,10.493104
1.838,8.856847,10.498645
1.839,8.857157,10.504262
1.840,8.857426,10.509929
1.841,8.857696,10.515595
1.842,8.857965,10.521261
1.843,8.858064,10.526938
1.844,8.858055,10.532622
1.845,8.858047,10.538306
1.846,8.858038,10.543990
1.847,8.858008,10.549632
1.848,8.857965,10.555247
1.849,8.857922,10.560863
1.850,8.857879,10.566478
1.851,8.857786,10.572072
1.852,8.857663,10.577652
1.853,8.857540,10.583232
1.854,8.857418,10.588812
1.855,8.857208,10.594344
1.856,8.856944,10.599847
1.857,8.856680,10.605350
1.858,8.856416,10.610853
1.859,8.856111,10.616187
1.860,8.855781,10.621416
1.861,8.855450,10.626644
1.862,8.855120,10.631873
1.863,8.854892,10.637097
1.864,8.854729,10.642320
1.865,8.854566,10.647542
1.866,8.854403,10.652763
1.867,8.854824,10.657888
1.868,8.855613,10.662951
1.869,8.856401,10.668015
1.870,8.857190,10.673078
1.871,8.857624,10.678093
1.872,8.857835,10.683079
1.873,8.858046,10.688066
1.874,8.858257,10.693051
1.875,8.858464,10.698018
1.876,8.858669,10.702971
1.877,8.858873,10.707926
1.878,8.859078,10.712880
1.879,8.859774,10.717725
1.880,8.860777,10.722501
1.881,8.861780,10.727278
1.882,8.862783,10.732054
1.883,8.864135,10.736642
1.884,8.865705,10.741112
1.885,8.867276,10.745582
1.886,8.868847,10.750051
1.887,8.870331,10.754216
1.888,8.871759,10.758190
1.889,8.873188,10.762163
1.890,8.874617,10.766137
1.891,8.876069,10.769970
1.892,8.877538,10.773715
1.893,8.879006,10.777460
1.894,8.880475,10.781204
1.895,8.883727,10.784633
1.896,8.888102,10.787862
1.897,8.892476,10.791091
1.898,8.896851,10.794320
1.899,8.901560,10.797172
1.900,8.906478,10.799785
1.901,8.911396,10.802398
1.902,8.916314,10.805011
1.903,8.921474,10.807202
1.904,8.926784,10.809128
1.905,8.932094,10.811054
1.906,8.937405,10.812980
1.907,8.942862,10.814459
1.908,8.948410,10.815658
1.909,8.953959,10.816855
1.910,8.959509,10.818053
1.911,8.965717,10.818902
1.912,8.972340,10.819530
1.913,8.978962,10.820160
1.914,8.985584,10.820788
1.915,8.992245,10.821150
1.916,8.998929,10.821342
1.917,9.005613,10.821535
1.918,9.012298,10.821728
1.919,9.013648,10.821677
1.920,9.011644,10.821473
1.921,9.009640,10.821269
1.922,9.007636,10.821065
1.923,9.009648,10.820329
1.924,9.014185,10.819258
1.925,9.018722,10.818187
1.926,9.023259,10.817116
1.927,9.026987,10.815595
1.928,9.030207,10.813790
1.929,9.033426,10.811986
1.930,9.036646,10.810181
1.931,9.037928,10.807938
1.932,9.037991,10.805418
1.933,9.038054,10.802898
1.934,9.038116,10.800379
1.935,9.037115,10.797278
1.936,9.035444,10.793814
1.937,9.033774,10.790349
1.938,9.032104,10.786883
1.939,9.029948,10.782830
1.940,9.027487,10.778408
1.941,9.025026,10.773985
1.942,9.022565,10.769562
1.943,9.019026,10.764597
1.944,9.014810,10.759292
1.945,9.010593,10.753986
1.946,9.006377,10.748680
1.947,9.002008,10.742994
1.948,8.997545,10.737068
1.949,8.993081,10.731142
1.950,8.988618,10.725216
1.951,8.984083,10.719024
1.952,8.979506,10.712666
1.953,8.974927,10.706307
1.954,8.970349,10.699949
1.955,8.963984,10.693624
1.956,8.956493,10.687323
1.957,8.949004,10.681020
1.958,8.941514,10.674718
1.959,8.933764,10.668543
1.960,8.925852,10.662448
1.961,8.917939,10.656354
1.962,8.910027,10.650259
1.963,8.901909,10.644262
1.964,8.893661,10.638327
1.965,8.885415,10.632392
1.966,8.877169,10.626456
1.967,8.868656,10.620704
1.968,8.859978,10.615066
1.969,8.851299,10.609426
1.970,8.842621,10.603788
1.971,8.833267,10.598289
1.972,8.823489,10.592879
1.973,8.813711,10.587468
1.974,8.803933,10.582058
1.975,8.794144,10.576730
1.976,8.784347,10.571453
1.977,8.774549,10.566176
1.978,8.764752,10.560900
1.979,8.760186,10.555799
1.980,8.758908,10.550810
1.981,8.757630,10.545820
1.982,8.756352,10.540831
1.983,8.751130,10.536111
1.984,8.743428,10.531561
1.985,8.735726,10.527011
1.986,8.728024,10.522461
1.987,8.720378,10.518178
1.988,8.712767,10.514063
1.989,8.705156,10.509949
1.990,8.697545,10.505834
1.991,8.691977,10.501798
1.992,8.687690,10.497809
1.993,8.683404,10.493822
1.994,8.679118,10.489835
1.995,8.675896,10.486105
1.996,8.673343,10.482536
1.997,8.670790,10.478969
1.998,8.668236,10.475400
1.999,8.665833,10.472157
2.000,8.663522,10.469120
2.001,8.661212,10.466083
2.002,8.658902,10.463045
2.003,8.657393,10.460327
2.004,8.656385,10.457810
2.005,8.655379,10.455295
2.006,8.654372,10.452778
2.007,8.653713,10.450630
2.008,8.653272,10.448714
2.009,8.652830,10.446798
2.010,8.652389,10.444882
2.011,8.652061,10.443192
2.012,8.651806,10.441644
2.013,8.651550,10.440096
2.014,8.651295,10.438548
2.015,8.651163,10.437037
2.016,8.651110,10.435549
2.017,8.651056,10.434061
2.018,8.651003,10.432573
2.019,8.650966,10.431137
2.020,8.650939,10.429732
2.021,8.650912,10.428328
2.022,8.650886,10.426923
2.023,8.650845,10.425573
2.024,8.650795,10.424257
2.025,8.650744,10.422941
2.026,8.650695,10.421626
2.027,8.650761,10.420337
2.028,8.650899,10.419065
2.029,8.651036,10.417793
2.030,8.651175,10.416521
2.031,8.651313,10.415260
2.032,8.651450,10.414006
2.033,8.651588,10.412753
2.034,8.651726,10.411499
2.035,8.651976,10.410298
2.036,8.652295,10.409129
2.037,8.652615,10.407961
2.038,8.652935,10.406793
2.039,8.653359,10.405671
2.040,8.653850,10.404580
2.041,8.654340,10.403488
2.042,8.654830,10.402397
2.043,8.655223,10.401325
2.044,8.655553,10.400267
2.045,8.655883,10.399208
2.046,8.656213,10.398149
2.047,8.656650,10.397112
2.048,8.657152,10.396089
2.049,8.657655,10.395065
2.050,8.658157,10.394042
2.051,8.658947,10.393031
2.052,8.659916,10.392029
2.053,8.660885,10.391026
2.054,8.661855,10.390023
2.055,8.662976,10.389084
2.056,8.664194,10.388185
2.057,8.665411,10.387286
2.058,8.666629,10.386387
2.059,8.667923,10.385535
2.060,8.669264,10.384715
2.061,8.670606,10.383894
2.062,8.671947,10.383073
2.063,8.673384,10.382260
2.064,8.674881,10.381453
2.065,8.676378,10.380646
2.066,8.677876,10.379838
2.067,8.679497,10.379035
2.068,8.681195,10.378234
2.069,8.682894,10.377434
2.070,8.684592,10.376634
2.071,8.686404,10.375784
2.072,8.688287,10.374903
2.073,8.690168,10.374022
2.074,8.692051,10.373141
2.075,8.693934,10.372260
2.076,8.695818,10.371379
2.077,8.697701,10.370497
2.078,8.699585,10.369616
2.079,8.701468,10.368690
2.080,8.703351,10.367735
2.081,8.705235,10.366780
2.082,8.707118,10.365826
2.083,8.709097,10.364985
2.084,8.711137,10.364215
2.085,8.713177,10.363444
2.086,8.715216,10.362675
2.087,8.717286,10.362129
2.088,8.719377,10.361727
2.089,8.721466,10.361323
2.090,8.723556,10.360920
2.091,8.725704,10.360717
2.092,8.727888,10.360640
2.093,8.730073,10.360562
2.094,8.732258,10.360484
2.095,8.734439,10.360514
2.096,8.736618,10.360610
2.097,8.738798,10.360705
2.098,8.740977,10.360802
2.099,8.743240,10.361018
2.100,8.745557,10.361309
2.101,8.747873,10.361601
2.102,8.750190,10.361892
2.103,8.752671,10.362405
2.104,8.755258,10.363056
2.105,8.757844,10.363708
2.106,8.760430,10.364359
2.107,8.762993,10.365177
2.108,8.765540,10.366100
2.109,8.768086,10.367023
2.110,8.770634,10.367946
2.111,8.773061,10.369018
2.112,8.775412,10.370183
2.113,8.777762,10.371349
2.114,8.780113,10.372515
2.115,8.782322,10.373809
2.116,8.784439,10.375183
2.117,8.786557,10.376557
2.118,8.788675,10.377932
2.119,8.790562,10.379473
2.120,8.792303,10.381118
2.121,8.794044,10.382764
2.122,8.795785,10.384410
2.123,8.797361,10.386218
2.124,8.798833,10.388128
2.125,8.800305,10.390038
2.126,8.801777,10.391949
2.127,8.803104,10.393985
2.128,8.804341,10.396100
2.129,8.805578,10.398216
2.130,8.806814,10.400331
2.131,8.808079,10.402647
2.132,8.809361,10.405089
2.133,8.810642,10.407532
2.134,8.811923,10.409974
2.135,8.813182,10.412555
2.136,8.814425,10.415224
2.137,8.815670,10.417893
2.138,8.816914,10.420563
2.139,8.818063,10.423320
2.140,8.819151,10.426133
2.141,8.820239,10.428946
2.142,8.821327,10.431760
2.143,8.822298,10.434543
2.144,8.823194,10.437306
2.145,8.824089,10.440070
2.146,8.824985,10.442834
2.147,8.825778,10.445396
2.148,8.826506,10.447831
2.149,8.827233,10.450266
2.150,8.827961,10.452701
2.151,8.828601,10.455023
2.152,8.829184,10.457273
2.153,8.829767,10.459525
2.154,8.830351,10.461776
2.155,8.830760,10.463878
2.156,8.831060,10.465885
2.157,8.831361,10.467894
2.158,8.831661,10.469901
2.159,8.832008,10.471896
2.160,8.832387,10.473882
2.161,8.832765,10.475868
2.162,8.833143,10.477854
2.163,8.833239,10.479772
2.164,8.833157,10.481646
2.165,8.833075,10.483520
2.166,8.832993,10.485394
2.167,8.832729,10.487340
2.168,8.832353,10.489331
2.169,8.831976,10.491322
2.170,8.831599,10.493313
2.171,8.831038,10.495410
2.172,8.830360,10.497573
2.173,8.829682,10.499736
2.174,8.829004,10.501899
2.175,8.828141,10.504211
2.176,8.827162,10.506618
2.177,8.826182,10.509023
2.178,8.825203,10.511429
2.179,8.824048,10.514017
2.180,8.822782,10.516721
2.181,8.821515,10.519423
2.182,8.820249,10.522127
2.183,8.818896,10.524940
2.184,8.817491,10.527823
2.185,8.816084,10.530706
2.186,8.814678,10.533589
2.187,8.813329,10.536593
2.188,8.812016,10.539673
2.189,8.810702,10.542753
2.190,8.809389,10.545833
2.191,8.808140,10.548917
2.192,8.806932,10.552003
2.193,8.805724,10.555089
2.194,8.804517,10.558175
2.195,8.803604,10.561137
2.196,8.802876,10.564020
2.197,8.802149,10.566904
2.198,8.801421,10.569788
2.199,8.801278,10.572592
2.200,8.801501,10.575346
2.201,8.801724,10.578100
2.202,8.801949,10.580854
2.203,8.802338,10.583504
2.204,8.802831,10.586087
2.205,8.803325,10.588670
2.206,8.803818,10.591253
2.207,8.804565,10.593702
2.208,8.805472,10.596068
2.209,8.806379,10.598433
2.210,8.807286,10.600800
2.211,8.808606,10.602980
2.212,8.810184,10.605043
2.213,8.811764,10.607107
2.214,8.813343,10.609171
2.215,8.815374,10.611146
2.216,8.817691,10.613066
2.217,8.820007,10.614985
2.218,8.822324,10.616904
2.219,8.825029,10.618630
2.220,8.827980,10.620235
2.221,8.830930,10.621840
2.222,8.833880,10.623446
2.223,8.837778,10.624825
2.224,8.842273,10.626062
2.225,8.846766,10.627299
2.226,8.851260,10.628536
2.227,8.855857,10.629560
2.228,8.860518,10.630447
2.229,8.865180,10.631336
2.230,8.869842,10.632224
2.231,8.874804,10.632759
2.232,8.879955,10.633071
2.233,8.885107,10.633383
2.234,8.890258,10.633695
2.235,8.895215,10.633650
2.236,8.900050,10.633381
2.237,8.904885,10.633112
2.238,8.909720,10.632843
2.239,8.914577,10.632113
2.240,8.919445,10.631095
2.241,8.924314,10.630076
2.242,8.929183,10.629057
2.243,8.934004,10.627678
2.244,8.938795,10.626072
2.245,8.943585,10.624465
2.246,8.948377,10.622859
2.247,8.952266,10.620805
2.248,8.955588,10.618469
2.249,8.958911,10.616133
2.250,8.962234,10.613797
2.251,8.964042,10.611073
2.252,8.964898,10.608104
2.253,8.965755,10.605135
2.254,8.966610,10.602167
2.255,8.966096,10.598886
2.256,8.964721,10.595407
2.257,8.963345,10.591929
2.258,8.961969,10.588451
2.259,8.959738,10.584876
2.260,8.956968,10.581239
2.261,8.954199,10.577602
2.262,8.951429,10.573965
2.263,8.948381,10.570290
2.264,8.945158,10.566591
2.265,8.941935,10.562892
2.266,8.938711,10.559193
2.267,8.935135,10.555660
2.268,8.931337,10.552232
2.269,8.927540,10.548803
2.270,8.923742,10.545376
2.271,8.919552,10.542091
2.272,8.915113,10.538898
2.273,8.910675,10.535706
2.274,8.906237,10.532512
2.275,8.901370,10.529408
2.276,8.896235,10.526361
2.277,8.891099,10.523314
2.278,8.885963,10.520267
2.279,8.880363,10.517281
2.280,8.874470,10.514332
2.281,8.868577,10.511384
2.282,8.862684,10.508435
2.283,8.855896,10.505576
2.284,8.848544,10.502772
2.285,8.841193,10.499969
2.286,8.833841,10.497165
2.287,8.826533,10.494323
2.288,8.819252,10.491457
2.289,8.811971,10.488592
2.290,8.804689,10.485726
2.291,8.797276,10.482875
2.292,8.789778,10.480032
2.293,8.782280,10.477189
2.294,8.774782,10.474346
2.295,8.767624,10.471583
2.296,8.760679,10.468871
2.297,8.753736,10.466159
2.298,8.746791,10.463447
2.299,8.740015,10.460875
2.300,8.733345,10.458390
2.301,8.726676,10.455907
2.302,8.720006,10.453423
2.303,8.713512,10.451063
2.304,8.707129,10.448781
2.305,8.700747,10.446499
2.306,8.694364,10.444217
2.307,8.688845,10.442079
2.308,8.683867,10.440031
2.309,8.678891,10.437984
2.310,8.673914,10.435937
2.311,8.670300,10.434135
2.312,8.667541,10.432489
2.313,8.664782,10.430843
2.314,8.662023,10.429197
2.315,8.660313,10.427829
2.316,8.659264,10.426634
2.317,8.658214,10.425439
2.318,8.657165,10.424245
2.319,8.656504,10.423187
2.320,8.656086,10.422217
2.321,8.655669,10.421247
2.322,8.655252,10.420277
2.323,8.655149,10.419402
2.324,8.655245,10.418588
2.325,8.655340,10.417773
2.326,8.655435,10.416959
2.327,8.655714,10.416082
2.328,8.656108,10.415168
2.329,8.656502,10.414253
2.330,8.656896,10.413338
2.331,8.657243,10.412436
2.332,8.657559,10.411541
2.333,8.657876,10.410645
2.334,8.658193,10.409751
2.335,8.658654,10.408901
2.336,8.659207,10.408079
2.337,8.659760,10.407257
2.338,8.660313,10.406436
2.339,8.660875,10.405630
2.340,8.661443,10.404835
2.341,8.662011,10.404039
2.342,8.662579,10.403244
2.343,8.663170,10.402491
2.344,8.663776,10.401765
2.345,8.664382,10.401038
2.346,8.664989,10.400311
2.347,8.665587,10.399656
2.348,8.666183,10.399045
2.349,8.666779,10.398435
2.350,8.667375,10.397823
2.351,8.667978,10.397270
2.352,8.668587,10.396752
2.353,8.669195,10.396235
2.354,8.669804,10.395718
2.355,8.670444,10.395307
2.356,8.671106,10.394962
2.357,8.671767,10.394619
2.358,8.672429,10.394275
2.359,8.673193,10.393819
2.360,8.674021,10.393293
2.361,8.674849,10.392767
2.362,8.675676,10.392241
2.363,8.676602,10.391644
2.364,8.677589,10.391003
2.365,8.678576,10.390361
2.366,8.679564,10.389720
2.367,8.680716,10.389124
2.368,8.681970,10.388556
2.369,8.683224,10.387990
2.370,8.684478,10.387423
2.371,8.685799,10.386851
2.372,8.687160,10.386277
2.373,8.688522,10.385702
2.374,8.689884,10.385128
2.375,8.691508,10.384552
2.376,8.693296,10.383975
2.377,8.695086,10.383398
2.378,8.696875,10.382821
2.379,8.698716,10.382147
2.380,8.700592,10.381412
2.381,8.702467,10.380676
2.382,8.704342,10.379942
2.383,8.706119,10.379148
2.384,8.707832,10.378320
2.385,8.709547,10.377490
2.386,8.711261,10.376661
2.387,8.712971,10.375855
2.388,8.714679,10.375065
2.389,8.716386,10.374273
2.390,8.718094,10.373483
2.391,8.719937,10.372695
2.392,8.721868,10.371909
2.393,8.723797,10.371124
2.394,8.725727,10.370338
2.395,8.727679,10.369668
2.396,8.729646,10.369069
2.397,8.731611,10.368470
2.398,8.733578,10.367871
2.399,8.735611,10.367500
2.400,8.737686,10.367272
2.401,8.739762,10.367044
2.402,8.741838,10.366816
2.403,8.743900,10.366795
2.404,8.745955,10.366902
2.405,8.748011,10.367011
2.406,8.750066,10.367119
2.407,8.752129,10.367392
2.408,8.754197,10.367767
2.409,8.756265,10.368143
2.410,8.758333,10.368519
2.411,8.760507,10.369115
2.412,8.762748,10.369849
2.413,8.764988,10.370584
2.414,8.767228,10.371318
2.415,8.769487,10.372132
2.416,8.771759,10.372998
2.417,8.774031,10.373864
2.418,8.776302,10.374730
2.419,8.778548,10.375921
2.420,8.780779,10.377318
2.421,8.783010,10.378716
2.422,8.785240,10.380113
2.423,8.787443,10.381867
2.424,8.789628,10.383846
2.425,8.791813,10.385826
2.426,8.793999,10.387806
2.427,8.795989,10.390099
2.428,8.797856,10.392589
2.429,8.799725,10.395079
2.430,8.801592,10.397569
2.431,8.803332,10.400268
2.432,8.804992,10.403097
2.433,8.806652,10.405927
2.434,8.808311,10.408756
2.435,8.809667,10.411763
2.436,8.810829,10.414883
2.437,8.811992,10.418002
2.438,8.813154,10.421122
2.439,8.814241,10.424467
2.440,8.815280,10.427955
2.441,8.816319,10.431442
2.442,8.817358,10.434929
2.443,8.818339,10.438560
2.444,8.819284,10.442280
2.445,8.820230,10.446000
2.446,8.821175,10.449719
2.447,8.822078,10.453531
2.448,8.822955,10.457400
2.449,8.823833,10.461270
2.450,8.824711,10.465139
2.451,8.825503,10.469131
2.452,8.826243,10.473199
2.453,8.826983,10.477267
2.454,8.827724,10.481336
2.455,8.828464,10.485449
2.456,8.829202,10.489589
2.457,8.829941,10.493730
2.458,8.830680,10.497869
2.459,8.831421,10.502000
2.460,8.832164,10.506124
2.461,8.832907,10.510247
2.462,8.833650,10.514371
2.463,8.834320,10.518466
2.464,8.834944,10.522544
2.465,8.835567,10.526621
2.466,8.836191,10.530699
2.467,8.836670,10.534756
2.468,8.837059,10.538799
2.469,8.837447,10.542843
2.470,8.837836,10.546886
2.471,8.837920,10.551033
2.472,8.837814,10.555244
2.473,8.837708,10.559456
2.474,8.837601,10.563667
2.475,8.837357,10.568075
2.476,8.837027,10.572607
2.477,8.836696,10.577138
2.478,8.836366,10.581669
2.479,8.835991,10.586252
2.480,8.835589,10.590869
2.481,8.835187,10.595486
2.482,8.834785,10.600102
2.483,8.834279,10.604604
2.484,8.833707,10.609033
2.485,8.833136,10.613461
2.486,8.832563,10.617890
2.487,8.832454,10.622209
2.488,8.832634,10.626456
2.489,8.832813,10.630704
2.490,8.832994,10.634952
2.491,8.833484,10.639136
2.492,8.834168,10.643283
2.493,8.834853,10.647429
2.494,8.835538,10.651575
2.495,8.837267,10.655606
2.496,8.839652,10.659567
2.497,8.842037,10.663527
2.498,8.844422,10.667486
2.499,8.847097,10.671507
2.500,8.849957,10.675567
2.501,8.852815,10.679626
2.502,8.855673,10.683685
2.503,8.859147,10.687604
2.504,8.863008,10.691435
2.505,8.866868,10.695266
2.506,8.870728,10.699097
2.507,8.876345,10.702994
2.508,8.883064,10.706935
2.509,8.889784,10.710875
2.510,8.896503,10.714815
2.511,8.903670,10.718672
2.512,8.911119,10.722477
2.513,8.918567,10.726281
2.514,8.926015,10.730085
2.515,8.933558,10.733646
2.516,8.941160,10.737055
2.517,8.948763,10.740462
2.518,8.956365,10.743871
2.519,8.963636,10.747054
2.520,8.970701,10.750095
2.521,8.977766,10.753138
2.522,8.984831,10.756180
2.523,8.991870,10.759033
2.524,8.998894,10.761769
2.525,9.005917,10.764504
2.526,9.012940,10.767241
2.527,9.019673,10.769719
2.528,9.026222,10.772038
2.529,9.032772,10.774355
2.530,9.039321,10.776673
2.531,9.045079,10.778541
2.532,9.050339,10.780126
2.533,9.055599,10.781711
2.534,9.060859,10.783296
2.535,9.064773,10.784266
2.536,9.067842,10.784851
2.537,9.070910,10.785436
2.538,9.073977,10.786020
2.539,9.076169,10.786027
2.540,9.077808,10.785669
2.541,9.079448,10.785312
2.542,9.081087,10.784954
2.543,9.081827,10.784036
2.544,9.082001,10.782765
2.545,9.082174,10.781494
2.546,9.082348,10.780224
2.547,9.081889,10.778462
2.548,9.081033,10.776393
2.549,9.080176,10.774323
2.550,9.079320,10.772254
2.551,9.077974,10.769670
2.552,9.076323,10.766764
2.553,9.074671,10.763858
2.554,9.073019,10.760951
2.555,9.070185,10.757799
2.556,9.066607,10.754492
2.557,9.063029,10.751185
2.558,9.059451,10.747878
2.559,9.055301,10.744094
2.560,9.050790,10.740010
2.561,9.046279,10.735926
2.562,9.041769,10.731841
2.563,9.036542,10.727503
2.564,9.030865,10.723004
2.565,9.025187,10.718506
2.566,9.019510,10.714008
2.567,9.012087,10.709027
2.568,9.003566,10.703744
2.569,8.995046,10.698461
2.570,8.986525,10.693177
2.571,8.977538,10.687622
2.572,8.968260,10.681896
2.573,8.958982,10.676170
2.574,8.949703,10.670444
2.575,8.940213,10.664566
2.576,8.930590,10.658592
2.577,8.920966,10.652618
2.578,8.911343,10.646645
2.579,8.901804,10.640572
2.580,8.892318,10.634436
2.581,8.882832,10.628300
2.582,8.873345,10.622164
2.583,8.863887,10.615954
2.584,8.854445,10.609699
2.585,8.845003,10.603443
2.586,8.835562,10.597187
2.587,8.826324,10.590981
2.588,8.817218,10.584805
2.589,8.808110,10.578630
2.590,8.799003,10.572455
2.591,8.790884,10.566473
2.592,8.783385,10.560612
2.593,8.775887,10.554749
2.594,8.768390,10.548888
2.595,8.762416,10.543261
2.596,8.757401,10.537780
2.597,8.752387,10.532300
2.598,8.747373,10.526819
2.599,8.743246,10.521560
2.600,8.739677,10.516439
2.601,8.736109,10.511319
2.602,8.732540,10.506199
2.603,8.729955,10.501458
2.604,8.727988,10.496957
2.605,8.726021,10.492455
2.606,8.724053,10.487954
2.607,8.722258,10.483627
2.608,8.720569,10.479410
2.609,8.718881,10.475194
2.610,8.717192,10.470977
2.611,8.715698,10.467108
2.612,8.714326,10.463458
2.613,8.712955,10.459808
2.614,8.711582,10.456159
2.615,8.710334,10.452618
2.616,8.709164,10.449145
2.617,8.707994,10.445673
2.618,8.706823,10.442201
2.619,8.705793,10.438811
2.620,8.704852,10.435474
2.621,8.703911,10.432137
2.622,8.702970,10.428800
2.623,8.702095,10.425596
2.624,8.701262,10.422478
2.625,8.700431,10.419359
2.626,8.699598,10.416241
2.627,8.698862,10.413293
2.628,8.698187,10.410452
2.629,8.697512,10.407612
2.630,8.696836,10.404771
2.631,8.696183,10.401964
2.632,8.695542,10.399179
2.633,8.694902,10.396393
2.634,8.694262,10.393607
2.635,8.693686,10.390862
2.636,8.693152,10.388141
2.637,8.692618,10.385421
2.638,8.692083,10.382700
2.639,8.691731,10.379927
2.640,8.691495,10.377121
2.641,8.691257,10.374314
2.642,8.691021,10.371509
2.643,8.690814,10.368641
2.644,8.690626,10.365734
2.645,8.690437,10.362827
2.646,8.690249,10.359921
2.647,8.690203,10.356892
2.648,8.690246,10.353786
2.649,8.690288,10.350680
2.650,8.690331,10.347575
2.651,8.690346,10.344368
2.652,8.690345,10.341098
2.653,8.690344,10.337827
2.654,8.690342,10.334557
2.655,8.690283,10.331199
2.656,8.690187,10.327787
2.657,8.690089,10.324375
2.658,8.689993,10.320964
2.659,8.689825,10.317579
2.660,8.689611,10.314212
