"Time","17 Hipy (cm)","25 toey (cm)"
0.000,10.642230,8.653465
0.001,10.648417,8.658657
0.002,10.653873,8.663608
0.003,10.659329,8.668558
0.004,10.664785,8.673509
0.005,10.669900,8.678450
0.006,10.673746,8.683352
0.007,10.677591,8.688253
0.008,10.681437,8.693155
0.009,10.685030,8.698164
0.010,10.687677,8.703567
0.011,10.690326,8.708970
0.012,10.692973,8.714373
0.013,10.695392,8.720276
0.014,10.696959,8.728043
0.015,10.698526,8.735808
0.016,10.700093,8.743575
0.017,10.701569,8.751536
0.018,10.702704,8.760222
0.019,10.703839,8.768909
0.020,10.704974,8.777595
0.021,10.705994,8.786432
0.022,10.706585,8.795832
0.023,10.707176,8.805231
0.024,10.707767,8.814631
0.025,10.708295,8.823894
0.026,10.708582,8.832645
0.027,10.708868,8.841397
0.028,10.709155,8.850149
0.029,10.709348,8.858776
0.030,10.709191,8.866943
0.031,10.709035,8.875110
0.032,10.708879,8.883276
0.033,10.708633,8.891334
0.034,10.708056,8.898987
0.035,10.707479,8.906639
0.036,10.706903,8.914292
0.037,10.706326,8.921919
0.038,10.705750,8.929451
0.039,10.705175,8.936983
0.040,10.704599,8.944515
0.041,10.704147,8.952084
0.042,10.704159,8.959785
0.043,10.704170,8.967487
0.044,10.704182,8.975189
0.045,10.704254,8.982725
0.046,10.704556,8.989644
0.047,10.704859,8.996563
0.048,10.705160,9.003482
0.049,10.705452,9.010218
0.050,10.705702,9.016274
0.051,10.705953,9.022331
0.052,10.706203,9.028388
0.053,10.706404,9.034215
0.054,10.706419,9.039186
0.055,10.706434,9.044159
0.056,10.706450,9.049130
0.057,10.706405,9.053324
0.058,10.706139,9.054626
0.059,10.705873,9.055926
0.060,10.705607,9.057228
0.061,10.705206,9.058063
0.062,10.704296,9.057160
0.063,10.703387,9.056258
0.064,10.702477,9.055356
0.065,10.701434,9.053986
0.066,10.699892,9.050872
0.067,10.698350,9.047757
0.068,10.696808,9.044643
0.069,10.695124,9.040846
0.070,10.692912,9.034507
0.071,10.690701,9.028168
0.072,10.688489,9.021830
0.073,10.686214,9.014778
0.074,10.683703,9.005080
0.075,10.681192,8.995382
0.076,10.678682,8.985684
0.077,10.676005,8.974943
0.078,10.672713,8.960322
0.079,10.669421,8.945701
0.080,10.666129,8.931080
0.081,10.662721,8.916414
0.082,10.658879,8.901582
0.083,10.655038,8.886749
0.084,10.651196,8.871917
0.085,10.647038,8.856926
0.086,10.641708,8.841346
0.087,10.636378,8.825767
0.088,10.631047,8.810187
0.089,10.625447,8.794455
0.090,10.618845,8.778152
0.091,10.612242,8.761848
0.092,10.605639,8.745546
0.093,10.598953,8.729199
0.094,10.591958,8.712692
0.095,10.584962,8.696185
0.096,10.577967,8.679678
0.097,10.570901,8.663144
0.098,10.563571,8.646513
0.099,10.556241,8.629882
0.100,10.548911,8.613252
0.101,10.541507,8.596766
0.102,10.533830,8.580822
0.103,10.526153,8.564878
0.104,10.518476,8.548934
0.105,10.510810,8.533202
0.106,10.503186,8.518260
0.107,10.495562,8.503318
0.108,10.487938,8.488376
0.109,10.480357,8.473695
0.110,10.472938,8.459983
0.111,10.465518,8.446271
0.112,10.458098,8.432559
0.113,10.450669,8.419446
0.114,10.443206,8.408562
0.115,10.435742,8.397676
0.116,10.428280,8.386792
0.117,10.420819,8.376607
0.118,10.413372,8.369023
0.119,10.405925,8.361441
0.120,10.398478,8.353857
0.121,10.391130,8.347362
0.122,10.384153,8.344910
0.123,10.377175,8.342458
0.124,10.370198,8.340006
0.125,10.363220,8.337631
0.126,10.356238,8.335544
0.127,10.349256,8.333456
0.128,10.342274,8.331369
0.129,10.335394,8.329341
0.130,10.328896,8.327534
0.131,10.322396,8.325727
0.132,10.315898,8.323919
0.133,10.309525,8.322184
0.134,10.303617,8.320712
0.135,10.297709,8.319240
0.136,10.291800,8.317768
0.137,10.285898,8.316298
0.138,10.280016,8.314836
0.139,10.274134,8.313373
0.140,10.268251,8.311910
0.141,10.262385,8.310487
0.142,10.256578,8.309213
0.143,10.250772,8.307939
0.144,10.244966,8.306665
0.145,10.239182,8.305573
0.146,10.233479,8.305155
0.147,10.227778,8.304738
0.148,10.222077,8.304320
0.149,10.216361,8.303949
0.150,10.210591,8.303753
0.151,10.204822,8.303556
0.152,10.199052,8.303360
0.153,10.193259,8.303134
0.154,10.187387,8.302799
0.155,10.181513,8.302464
0.156,10.175640,8.302130
0.157,10.169780,8.301762
0.158,10.163968,8.301268
0.159,10.158157,8.300774
0.160,10.152346,8.300279
0.161,10.146402,8.299867
0.162,10.139967,8.299758
0.163,10.133533,8.299648
0.164,10.127097,8.299540
0.165,10.120622,8.299478
0.166,10.113997,8.299592
0.167,10.107373,8.299706
0.168,10.100749,8.299821
0.169,10.094121,8.299975
0.170,10.087479,8.300280
0.171,10.080837,8.300584
0.172,10.074195,8.300888
0.173,10.067502,8.301199
0.174,10.060617,8.301531
0.175,10.053734,8.301864
0.176,10.046849,8.302196
0.177,10.039930,8.302512
0.178,10.032882,8.302769
0.179,10.025834,8.303024
0.180,10.018785,8.303281
0.181,10.011732,8.303619
0.182,10.004659,8.304261
0.183,9.997585,8.304904
0.184,9.990512,8.305546
0.185,9.983472,8.306276
0.186,9.976552,8.307336
0.187,9.969632,8.308395
0.188,9.962713,8.309455
0.189,9.955868,8.310456
0.190,9.949298,8.311241
0.191,9.942728,8.312027
0.192,9.936158,8.312812
0.193,9.929697,8.313574
0.194,9.923639,8.314247
0.195,9.917582,8.314921
0.196,9.911524,8.315595
0.197,9.905585,8.316202
0.198,9.900095,8.316563
0.199,9.894604,8.316924
0.200,9.889113,8.317285
0.201,9.883798,8.317647
0.202,9.879135,8.318018
0.203,9.874473,8.318388
0.204,9.869810,8.318758
0.205,9.865426,8.319025
0.206,9.862082,8.318906
0.207,9.858736,8.318788
0.208,9.855391,8.318668
0.209,9.852293,8.318480
0.210,9.850114,8.318034
0.211,9.847936,8.317588
0.212,9.845757,8.317142
0.213,9.843838,8.316522
0.214,9.842878,8.315255
0.215,9.841920,8.313988
0.216,9.840961,8.312721
0.217,9.840269,8.311452
0.218,9.840570,8.310176
0.219,9.840873,8.308900
0.220,9.841174,8.307624
0.221,9.841720,8.306607
0.222,9.843173,8.306557
0.223,9.844626,8.306506
0.224,9.846080,8.306456
0.225,9.847742,8.306546
0.226,9.850181,8.307160
0.227,9.852620,8.307775
0.228,9.855059,8.308390
0.229,9.857627,8.308926
0.230,9.860680,8.309169
0.231,9.863731,8.309412
0.232,9.866783,8.309655
0.233,9.869948,8.309826
0.234,9.873535,8.309725
0.235,9.877121,8.309625
0.236,9.880708,8.309525
0.237,9.884418,8.309380
0.238,9.888595,8.309068
0.239,9.892770,8.308756
0.240,9.896946,8.308444
0.241,9.901274,8.308188
0.242,9.906170,8.308144
0.243,9.911066,8.308099
0.244,9.915962,8.308054
0.245,9.920925,8.308028
0.246,9.926135,8.308075
0.247,9.931345,8.308121
0.248,9.936555,8.308167
0.249,9.941827,8.308221
0.250,9.947327,8.308303
0.251,9.952827,8.308385
0.252,9.958327,8.308466
0.253,9.963868,8.308572
0.254,9.969560,8.308764
0.255,9.975251,8.308957
0.256,9.980943,8.309150
0.257,9.986631,8.309484
0.258,9.992310,8.310350
0.259,9.997988,8.311216
0.260,10.003666,8.312082
0.261,10.009385,8.312976
0.262,10.015255,8.313970
0.263,10.021125,8.314963
0.264,10.026995,8.315958
0.265,10.032840,8.316803
0.266,10.038592,8.317094
0.267,10.044345,8.317385
0.268,10.050098,8.317676
0.269,10.055824,8.317779
0.270,10.061451,8.317179
0.271,10.067078,8.316580
0.272,10.072705,8.315980
0.273,10.078289,8.315381
0.274,10.083713,8.314780
0.275,10.089137,8.314180
0.276,10.094561,8.313581
0.277,10.099928,8.313062
0.278,10.105085,8.312846
0.279,10.110243,8.312631
0.280,10.115400,8.312415
0.281,10.120452,8.312319
0.282,10.125111,8.312666
0.283,10.129769,8.313013
0.284,10.134428,8.313359
0.285,10.138861,8.313781
0.286,10.142451,8.314480
0.287,10.146041,8.315178
0.288,10.149632,8.315877
0.289,10.153013,8.316646
0.290,10.155621,8.317677
0.291,10.158229,8.318708
0.292,10.160836,8.319739
0.293,10.163182,8.320908
0.294,10.164553,8.322588
0.295,10.165923,8.324267
0.296,10.167294,8.325948
0.297,10.168402,8.327755
0.298,10.168531,8.330038
0.299,10.168660,8.332321
0.300,10.168790,8.334604
0.301,10.168628,8.336923
0.302,10.167382,8.339374
0.303,10.166136,8.341824
0.304,10.164890,8.344275
0.305,10.163452,8.346786
0.306,10.161304,8.349519
0.307,10.159156,8.352252
0.308,10.157007,8.354985
0.309,10.154684,8.357672
0.310,10.151710,8.360186
0.311,10.148735,8.362700
0.312,10.145761,8.365214
0.313,10.142756,8.367674
0.314,10.139646,8.369933
0.315,10.136534,8.372191
0.316,10.133423,8.374451
0.317,10.130445,8.376712
0.318,10.127965,8.378982
0.319,10.125485,8.381252
0.320,10.123006,8.383523
0.321,10.120755,8.385705
0.322,10.119356,8.387558
0.323,10.117956,8.389411
0.324,10.116557,8.391264
0.325,10.115416,8.393003
0.326,10.115232,8.394320
0.327,10.115047,8.395636
0.328,10.114863,8.396952
0.329,10.115030,8.398262
0.330,10.116499,8.399548
0.331,10.117968,8.400833
0.332,10.119436,8.402119
0.333,10.121346,8.403377
0.334,10.124889,8.404532
0.335,10.128433,8.405688
0.336,10.131977,8.406844
0.337,10.136057,8.408138
0.338,10.142129,8.409948
0.339,10.148201,8.411757
0.340,10.154274,8.413568
0.341,10.160857,8.416005
0.342,10.169341,8.420777
0.343,10.177825,8.425550
0.344,10.186309,8.430323
0.345,10.195198,8.435355
0.346,10.205592,8.441358
0.347,10.215987,8.447360
0.348,10.226381,8.453362
0.349,10.237082,8.459877
0.350,10.248919,8.468294
0.351,10.260756,8.476710
0.352,10.272594,8.485127
0.353,10.284854,8.494203
0.354,10.298680,8.505730
0.355,10.312508,8.517256
0.356,10.326334,8.528783
0.357,10.340376,8.540646
0.358,10.355214,8.553757
0.359,10.370052,8.566869
0.360,10.384891,8.579981
0.361,10.399890,8.593326
0.362,10.415490,8.607538
0.363,10.431090,8.621751
0.364,10.446692,8.635963
0.365,10.462255,8.650396
0.366,10.477687,8.665651
0.367,10.493118,8.680906
0.368,10.508550,8.696160
0.369,10.523830,8.711725
0.370,10.538548,8.728443
0.371,10.553266,8.745160
0.372,10.567984,8.761878
0.373,10.582512,8.778724
0.374,10.596334,8.796046
0.375,10.610155,8.813370
0.376,10.623977,8.830692
0.377,10.637558,8.848157
0.378,10.650244,8.866144
0.379,10.662930,8.884131
0.380,10.675616,8.902119
0.381,10.687941,8.920015
0.382,10.698924,8.937577
0.383,10.709907,8.955138
0.384,10.720889,8.972700
0.385,10.731547,8.989705
0.386,10.740999,9.004639
0.387,10.750450,9.019573
0.388,10.759902,9.034507
0.389,10.769164,9.049265
0.390,10.777725,9.063369
0.391,10.786285,9.077472
0.392,10.794847,9.091576
0.393,10.803130,9.105150
0.394,10.810386,9.116761
0.395,10.817641,9.128372
0.396,10.824897,9.139982
0.397,10.831818,9.150954
0.398,10.837493,9.159554
0.399,10.843168,9.168152
0.400,10.848844,9.176751
0.401,10.854248,9.184989
0.402,10.858643,9.191883
0.403,10.863036,9.198777
0.404,10.867431,9.205671
0.405,10.871516,9.212218
0.406,10.874453,9.217472
0.407,10.877389,9.222726
0.408,10.880326,9.227981
0.409,10.883016,9.232962
0.410,10.884790,9.236931
0.411,10.886564,9.240899
0.412,10.888338,9.244868
0.413,10.889956,9.248593
0.414,10.890991,9.251416
0.415,10.892026,9.254239
0.416,10.893062,9.257062
0.417,10.893947,9.259789
0.418,10.894275,9.262165
0.419,10.894602,9.264542
0.420,10.894930,9.266917
0.421,10.895059,9.269199
0.422,10.894448,9.271135
0.423,10.893838,9.273070
0.424,10.893228,9.275006
0.425,10.892462,9.276773
0.426,10.891118,9.277914
0.427,10.889774,9.279055
0.428,10.888430,9.280195
0.429,10.886934,9.281074
0.430,10.884874,9.280977
0.431,10.882814,9.280880
0.432,10.880754,9.280783
0.433,10.878515,9.280354
0.434,10.875611,9.278696
0.435,10.872706,9.277038
0.436,10.869802,9.275379
0.437,10.866756,9.273561
0.438,10.863191,9.271157
0.439,10.859624,9.268753
0.440,10.856058,9.266349
0.441,10.852332,9.263829
0.442,10.848014,9.260880
0.443,10.843696,9.257933
0.444,10.839376,9.254984
0.445,10.835008,9.252112
0.446,10.830450,9.249526
0.447,10.825892,9.246940
0.448,10.821336,9.244353
0.449,10.816744,9.241876
0.450,10.812024,9.239803
0.451,10.807304,9.237730
0.452,10.802585,9.235658
0.453,10.797799,9.233739
0.454,10.792768,9.232394
0.455,10.787738,9.231050
0.456,10.782708,9.229704
0.457,10.777696,9.228445
0.458,10.772752,9.227506
0.459,10.767809,9.226566
0.460,10.762865,9.225627
0.461,10.757932,9.224818
0.462,10.753036,9.224494
0.463,10.748139,9.224170
0.464,10.743243,9.223845
0.465,10.738414,9.223719
0.466,10.733835,9.224326
0.467,10.729258,9.224935
0.468,10.724679,9.225542
0.469,10.720356,9.226562
0.470,10.716982,9.229115
0.471,10.713608,9.231669
0.472,10.710234,9.234223
0.473,10.707721,9.237054
0.474,10.708410,9.240913
0.475,10.709099,9.244772
0.476,10.709788,9.248631
0.477,10.710697,9.252981
0.478,10.712423,9.259151
0.479,10.714149,9.265321
0.480,10.715877,9.271490
0.481,10.717862,9.277878
0.482,10.720814,9.285077
0.483,10.723765,9.292276
0.484,10.726716,9.299476
0.485,10.729831,9.306833
0.486,10.733551,9.314784
0.487,10.737270,9.322735
0.488,10.740991,9.330686
0.489,10.744744,9.338639
0.490,10.748620,9.346602
0.491,10.752497,9.354566
0.492,10.756372,9.362529
0.493,10.760346,9.370496
0.494,10.764686,9.378476
0.495,10.769024,9.386457
0.496,10.773363,9.394438
0.497,10.777838,9.402180
0.498,10.782820,9.409034
0.499,10.787802,9.415888
0.500,10.792784,9.422742
0.501,10.797803,9.429109
0.502,10.802962,9.433663
0.503,10.808122,9.438218
0.504,10.813282,9.442773
0.505,10.818413,9.446350
0.506,10.823440,9.446292
0.507,10.828466,9.446235
0.508,10.833493,9.446177
0.509,10.838401,9.444684
0.510,10.842864,9.437859
0.511,10.847326,9.431034
0.512,10.851789,9.424209
0.513,10.855785,9.415264
0.514,10.858046,9.398438
0.515,10.860307,9.381614
0.516,10.862568,9.364788
0.517,10.863670,9.347023
0.518,10.860467,9.325765
0.519,10.857264,9.304506
0.520,10.854061,9.283248
0.521,10.850417,9.261744
0.522,10.845136,9.239326
0.523,10.839853,9.216908
0.524,10.834572,9.194490
0.525,10.828791,9.171974
0.526,10.821151,9.149088
0.527,10.813511,9.126203
0.528,10.805871,9.103316
0.529,10.797930,9.080367
0.530,10.788869,9.057179
0.531,10.779808,9.033993
0.532,10.770747,9.010806
0.533,10.761553,8.987623
0.534,10.751865,8.964458
0.535,10.742177,8.941293
0.536,10.732490,8.918127
0.537,10.722541,8.894986
0.538,10.711625,8.871935
0.539,10.700709,8.848884
0.540,10.689794,8.825832
0.541,10.678690,8.802946
0.542,10.666889,8.780673
0.543,10.655088,8.758400
0.544,10.643289,8.736127
0.545,10.631357,8.714185
0.546,10.618943,8.693476
0.547,10.606529,8.672766
0.548,10.594115,8.652056
0.549,10.581680,8.632167
0.550,10.569173,8.615328
0.551,10.556664,8.598489
0.552,10.544156,8.581650
0.553,10.531777,8.566033
0.554,10.519879,8.554961
0.555,10.507981,8.543890
0.556,10.496083,8.532818
0.557,10.484513,8.523485
0.558,10.474161,8.520617
0.559,10.463810,8.517750
0.560,10.453458,8.514882
0.561,10.443490,8.512751
0.562,10.434948,8.513360
0.563,10.426407,8.513969
0.564,10.417865,8.514579
0.565,10.409686,8.515232
0.566,10.402855,8.516048
0.567,10.396025,8.516865
0.568,10.389194,8.517681
0.569,10.382762,8.518517
0.570,10.377815,8.519427
0.571,10.372869,8.520338
0.572,10.367922,8.521249
0.573,10.363284,8.522155
0.574,10.359797,8.523047
0.575,10.356310,8.523939
0.576,10.352823,8.524831
0.577,10.349526,8.525712
0.578,10.346935,8.526552
0.579,10.344343,8.527393
0.580,10.341752,8.528234
0.581,10.339395,8.528769
0.582,10.337906,8.528168
0.583,10.336418,8.527566
0.584,10.334929,8.526964
0.585,10.333629,8.526295
0.586,10.333028,8.525374
0.587,10.332427,8.524454
0.588,10.331826,8.523534
0.589,10.331366,8.522674
0.590,10.331426,8.522038
0.591,10.331487,8.521402
0.592,10.331548,8.520767
0.593,10.331773,8.520122
0.594,10.332611,8.519436
0.595,10.333448,8.518751
0.596,10.334287,8.518066
0.597,10.335167,8.517309
0.598,10.336207,8.516282
0.599,10.337248,8.515255
0.600,10.338288,8.514228
0.601,10.339329,8.513165
0.602,10.340370,8.511970
0.603,10.341411,8.510773
0.604,10.342451,8.509577
0.605,10.343489,8.508344
0.606,10.344515,8.506979
0.607,10.345541,8.505613
0.608,10.346567,8.504248
0.609,10.347534,8.502796
0.610,10.348282,8.501024
0.611,10.349030,8.499253
0.612,10.349776,8.497481
0.613,10.350478,8.495705
0.614,10.351008,8.493909
0.615,10.351540,8.492113
0.616,10.352070,8.490318
0.617,10.352515,8.488541
0.618,10.352639,8.486830
0.619,10.352764,8.485120
0.620,10.352888,8.483409
0.621,10.352969,8.481736
0.622,10.352890,8.480203
0.623,10.352810,8.478670
0.624,10.352731,8.477137
0.625,10.352626,8.475914
0.626,10.352427,8.475845
0.627,10.352227,8.475777
0.628,10.352028,8.475709
0.629,10.351808,8.475756
0.630,10.351513,8.476234
0.631,10.351218,8.476712
0.632,10.350924,8.477190
0.633,10.350654,8.477752
0.634,10.350479,8.478623
0.635,10.350304,8.479495
0.636,10.350129,8.480367
0.637,10.349954,8.481278
0.638,10.349779,8.482342
0.639,10.349604,8.483404
0.640,10.349429,8.484468
0.641,10.349359,8.485583
0.642,10.349679,8.486898
0.643,10.349999,8.488214
0.644,10.350320,8.489529
0.645,10.350777,8.490837
0.646,10.351741,8.492122
0.647,10.352705,8.493406
0.648,10.353669,8.494691
0.649,10.354717,8.496008
0.650,10.356082,8.497440
0.651,10.357446,8.498874
0.652,10.358810,8.500306
0.653,10.360278,8.501781
0.654,10.362129,8.503415
0.655,10.363980,8.505049
0.656,10.365831,8.506682
0.657,10.367787,8.508282
0.658,10.370130,8.509750
0.659,10.372472,8.511220
0.660,10.374814,8.512689
0.661,10.377256,8.514091
0.662,10.380074,8.515248
0.663,10.382891,8.516404
0.664,10.385707,8.517561
0.665,10.388570,8.518666
0.666,10.391600,8.519582
0.667,10.394630,8.520497
0.668,10.397661,8.521413
0.669,10.400692,8.522301
0.670,10.403722,8.523089
0.671,10.406752,8.523877
0.672,10.409781,8.524666
0.673,10.412812,8.525478
0.674,10.415846,8.526382
0.675,10.418880,8.527287
0.676,10.421913,8.528191
0.677,10.424872,8.529002
0.678,10.427551,8.529468
0.679,10.430231,8.529934
0.680,10.432910,8.530400
0.681,10.435433,8.530802
0.682,10.437375,8.530966
0.683,10.439317,8.531130
0.684,10.441258,8.531294
0.685,10.442991,8.531466
0.686,10.443943,8.531670
0.687,10.444895,8.531873
0.688,10.445847,8.532075
0.689,10.446573,8.532294
0.690,10.446467,8.532574
0.691,10.446361,8.532852
0.692,10.446255,8.533132
0.693,10.446041,8.533380
0.694,10.445428,8.533517
0.695,10.444815,8.533654
0.696,10.444201,8.533792
0.697,10.443525,8.533860
0.698,10.442616,8.533676
0.699,10.441706,8.533493
0.700,10.440796,8.533309
0.701,10.439865,8.533114
0.702,10.438860,8.532880
0.703,10.437855,8.532645
0.704,10.436850,8.532412
0.705,10.435898,8.532230
0.706,10.435145,8.532248
0.707,10.434394,8.532264
0.708,10.433641,8.532281
0.709,10.432969,8.532366
0.710,10.432590,8.532704
0.711,10.432210,8.533043
0.712,10.431830,8.533381
0.713,10.431670,8.533734
0.714,10.432328,8.534145
0.715,10.432985,8.534556
0.716,10.433643,8.534967
0.717,10.434530,8.535378
0.718,10.436272,8.535787
0.719,10.438013,8.536196
0.720,10.439754,8.536605
0.721,10.441758,8.537292
0.722,10.444741,8.539015
0.723,10.447725,8.540738
0.724,10.450708,8.542460
0.725,10.454017,8.544374
0.726,10.458533,8.546992
0.727,10.463051,8.549610
0.728,10.467567,8.552229
0.729,10.472533,8.555249
0.730,10.479171,8.559767
0.731,10.485807,8.564284
0.732,10.492445,8.568801
0.733,10.499489,8.573712
0.734,10.508046,8.580086
0.735,10.516603,8.586460
0.736,10.525161,8.592834
0.737,10.534052,8.599547
0.738,10.544182,8.607524
0.739,10.554312,8.615501
0.740,10.564443,8.623478
0.741,10.574883,8.631843
0.742,10.586481,8.641650
0.743,10.598080,8.651458
0.744,10.609677,8.661265
0.745,10.621502,8.672406
0.746,10.634170,8.688500
0.747,10.646836,8.704595
0.748,10.659504,8.720690
0.749,10.672394,8.736847
0.750,10.686112,8.753241
0.751,10.699830,8.769633
0.752,10.713548,8.786027
0.753,10.727345,8.802634
0.754,10.741438,8.820039
0.755,10.755530,8.837442
0.756,10.769624,8.854847
0.757,10.783705,8.872392
0.758,10.797745,8.890456
0.759,10.811785,8.908521
0.760,10.825824,8.926585
0.761,10.839745,8.944495
0.762,10.853224,8.961835
0.763,10.866703,8.979174
0.764,10.880182,8.996512
0.765,10.893478,9.013555
0.766,10.906090,9.029492
0.767,10.918701,9.045430
0.768,10.931313,9.061368
0.769,10.943720,9.077042
0.770,10.955364,9.091732
0.771,10.967009,9.106422
0.772,10.978653,9.121113
0.773,10.989980,9.135396
0.774,11.000127,9.148165
0.775,11.010274,9.160933
0.776,11.020421,9.173701
0.777,11.030258,9.186096
0.778,11.038939,9.197104
0.779,11.047622,9.208111
0.780,11.056303,9.219119
0.781,11.064669,9.229844
0.782,11.071859,9.239518
0.783,11.079050,9.249192
0.784,11.086241,9.258866
0.785,11.093116,9.268259
0.786,11.098818,9.276606
0.787,11.104521,9.284952
0.788,11.110224,9.293299
0.789,11.115639,9.300421
0.790,11.119984,9.302992
0.791,11.124330,9.305562
0.792,11.128675,9.308133
0.793,11.132747,9.310717
0.794,11.135803,9.313348
0.795,11.138860,9.315978
0.796,11.141916,9.318609
0.797,11.144814,9.321048
0.798,11.147120,9.322769
0.799,11.149426,9.324492
0.800,11.151731,9.326213
0.801,11.153845,9.327858
0.802,11.155241,9.329216
0.803,11.156637,9.330574
0.804,11.158033,9.331933
0.805,11.159374,9.333500
0.806,11.160512,9.335841
0.807,11.161649,9.338182
0.808,11.162786,9.340524
0.809,11.163879,9.342969
0.810,11.164804,9.345798
0.811,11.165730,9.348627
0.812,11.166655,9.351456
0.813,11.167560,9.354538
0.814,11.168386,9.358561
0.815,11.169213,9.362583
0.816,11.170041,9.366606
0.817,11.170831,9.370683
0.818,11.171483,9.374960
0.819,11.172136,9.379237
0.820,11.172789,9.383514
0.821,11.173542,9.387825
0.822,11.174671,9.392260
0.823,11.175799,9.396694
0.824,11.176929,9.401130
0.825,11.178067,9.405550
0.826,11.179242,9.409917
0.827,11.180417,9.414284
0.828,11.181592,9.418652
0.829,11.182761,9.422946
0.830,11.183908,9.426974
0.831,11.185055,9.431003
0.832,11.186201,9.435031
0.833,11.187358,9.439121
0.834,11.188550,9.443445
0.835,11.189743,9.447768
0.836,11.190935,9.452092
0.837,11.192091,9.456368
0.838,11.193113,9.460471
0.839,11.194136,9.464575
0.840,11.195158,9.468678
0.841,11.163874,9.472812
0.842,11.012504,9.477063
0.843,10.861135,9.481316
0.844,10.709764,9.485567
0.845,10.558386,9.489736
0.846,10.406971,9.493593
0.847,10.255556,9.497451
0.848,10.104141,9.501308
0.849,9.952700,9.500196
0.850,9.801162,9.480608
0.851,9.649624,9.461020
0.852,9.498086,9.441434
0.853,9.379374,9.421762
0.854,9.382670,9.401780
0.855,9.385968,9.381797
0.856,9.389265,9.361814
0.857,9.392589,9.341672
0.858,9.396007,9.320936
0.859,9.399425,9.300200
0.860,9.402843,9.279464
0.861,9.406190,9.264090
0.862,9.409269,9.268645
0.863,9.412349,9.273202
0.864,9.415428,9.277758
0.865,9.418348,9.282252
0.866,9.420679,9.286517
0.867,9.423011,9.290782
0.868,9.425342,9.295047
0.869,9.427564,9.298194
0.870,9.429379,9.297189
0.871,9.431196,9.296183
0.872,9.433012,9.295177
0.873,9.434521,9.293780
0.874,9.434883,9.290930
0.875,9.435246,9.288079
0.876,9.435608,9.285229
0.877,9.435706,9.281496
0.878,9.434819,9.274482
0.879,9.433933,9.267467
0.880,9.433046,9.260453
0.881,9.431863,9.250419
0.882,9.429575,9.229156
0.883,9.427286,9.207895
0.884,9.424998,9.186633
0.885,9.454586,9.165267
0.886,9.602656,9.143514
0.887,9.750727,9.121759
0.888,9.898797,9.100006
0.889,10.046470,9.078195
0.890,10.192666,9.056168
0.891,10.338863,9.034142
0.892,10.485060,9.012115
0.893,10.630787,8.994534
0.894,10.774768,8.993479
0.895,10.918749,8.992423
0.896,11.062730,8.991367
0.897,11.173473,8.990170
0.898,11.160677,8.988454
0.899,11.147880,8.986737
0.900,11.135083,8.985021
0.901,11.122041,8.983307
0.902,11.108088,8.981603
0.903,11.094135,8.979898
0.904,11.080182,8.978193
0.905,11.066116,8.971094
0.906,11.051633,8.943940
0.907,11.037149,8.916786
0.908,11.022666,8.889632
0.909,11.008099,8.862480
0.910,10.993221,8.835336
0.911,10.978345,8.808192
0.912,10.963468,8.781048
0.913,10.948643,8.754995
0.914,10.934011,8.732998
0.915,10.919377,8.711000
0.916,10.904745,8.689003
0.917,10.890399,8.667406
0.918,10.877122,8.647298
0.919,10.863844,8.627189
0.920,10.850567,8.607080
0.921,10.837498,8.587734
0.922,10.825204,8.571219
0.923,10.812911,8.554705
0.924,10.800617,8.538190
0.925,10.788571,8.524661
0.926,10.777449,8.522230
0.927,10.766326,8.519799
0.928,10.755203,8.517368
0.929,10.744454,8.514937
0.930,10.735099,8.512504
0.931,10.725743,8.510070
0.932,10.716388,8.507636
0.933,10.707401,8.505306
0.934,10.699786,8.503362
0.935,10.692171,8.501417
0.936,10.684555,8.499474
0.937,10.677332,8.497964
0.938,10.671566,8.498070
0.939,10.665800,8.498177
0.940,10.660033,8.498283
0.941,10.654618,8.498674
0.942,10.650506,8.500125
0.943,10.646395,8.501575
0.944,10.642282,8.503024
0.945,10.638330,8.504506
0.946,10.634973,8.506107
0.947,10.631614,8.507710
0.948,10.628256,8.509311
0.949,10.625009,8.510888
0.950,10.622173,8.512376
0.951,10.619338,8.513864
0.952,10.616503,8.515352
0.953,10.613658,8.516875
0.954,10.610780,8.518531
0.955,10.607901,8.520187
0.956,10.605022,8.521843
0.957,10.601994,8.523537
0.958,10.598408,8.525374
0.959,10.594822,8.527211
0.960,10.591237,8.529049
0.961,10.587462,8.530740
0.962,10.582985,8.531887
0.963,10.578508,8.533034
0.964,10.574031,8.534182
0.965,10.569293,8.535189
0.966,10.563582,8.535674
0.967,10.557873,8.536160
0.968,10.552163,8.536645
0.969,10.546288,8.537027
0.970,10.539803,8.537025
0.971,10.533316,8.537024
0.972,10.526830,8.537022
0.973,10.520153,8.537004
0.974,10.512771,8.536923
0.975,10.505388,8.536842
0.976,10.498006,8.536762
0.977,10.490385,8.536629
0.978,10.481877,8.536302
0.979,10.473370,8.535974
0.980,10.464863,8.535646
0.981,10.456134,8.535240
0.982,10.446586,8.534544
0.983,10.437037,8.533847
0.984,10.427487,8.533151
0.985,10.417797,8.532277
0.986,10.407580,8.530746
0.987,10.397365,8.529214
0.988,10.387148,8.527682
0.989,10.376773,8.526113
0.990,10.365804,8.524401
0.991,10.354836,8.522689
0.992,10.343867,8.520977
0.993,10.332791,8.519341
0.994,10.321316,8.517989
0.995,10.309840,8.516637
0.996,10.298365,8.515285
0.997,10.286877,8.513950
0.998,10.275340,8.512681
0.999,10.263804,8.511413
1.000,10.252269,8.510143
1.001,10.240754,8.509171
1.002,10.229320,8.509297
1.003,10.217884,8.509424
1.004,10.206450,8.509550
1.005,10.195117,8.510070
1.006,10.184166,8.512051
1.007,10.173216,8.514031
1.008,10.162265,8.516012
1.009,10.151504,8.518040
1.010,10.141445,8.520238
1.011,10.131388,8.522436
1.012,10.121329,8.524634
1.013,10.111423,8.526917
1.014,10.102079,8.529510
1.015,10.092737,8.532104
1.016,10.083394,8.534698
1.017,10.074246,8.537266
1.018,10.065824,8.539731
1.019,10.057402,8.542197
1.020,10.048979,8.544662
1.021,10.040797,8.546998
1.022,10.033508,8.548849
1.023,10.026219,8.550701
1.024,10.018930,8.552552
1.025,10.011946,8.554257
1.026,10.006091,8.555421
1.027,10.000236,8.556583
1.028,9.994380,8.557746
1.029,9.988889,8.558879
1.030,9.984752,8.559898
1.031,9.980615,8.560918
1.032,9.976478,8.561937
1.033,9.972772,8.562881
1.034,9.970669,8.563545
1.035,9.968565,8.564209
1.036,9.966462,8.564873
1.037,9.964939,8.565318
1.038,9.965573,8.564953
1.039,9.966208,8.564589
1.040,9.966842,8.564223
1.041,9.968107,8.563683
1.042,9.971722,8.562484
1.043,9.975335,8.561285
1.044,9.978950,8.560086
1.045,9.982993,8.558565
1.046,9.988632,8.555847
1.047,9.994272,8.553130
1.048,9.999911,8.550412
1.049,10.005920,8.547411
1.050,10.013302,8.543352
1.051,10.020683,8.539294
1.052,10.028065,8.535235
1.053,10.035730,8.531857
1.054,10.044454,8.531003
1.055,10.053177,8.530149
1.056,10.061899,8.529296
1.057,10.070782,8.528460
1.058,10.080256,8.527687
1.059,10.089731,8.526915
1.060,10.099206,8.526141
1.061,10.108790,8.525447
1.062,10.118782,8.525043
1.063,10.128773,8.524637
1.064,10.138764,8.524233
1.065,10.148860,8.524679
1.066,10.159348,8.528292
1.067,10.169834,8.531904
1.068,10.180322,8.535516
1.069,10.190749,8.539442
1.070,10.200957,8.544537
1.071,10.211165,8.549630
1.072,10.221373,8.554724
1.073,10.231390,8.559874
1.074,10.240699,8.565233
1.075,10.250008,8.570592
1.076,10.259316,8.575952
1.077,10.268348,8.581400
1.078,10.276352,8.587181
1.079,10.284356,8.592961
1.080,10.292360,8.598742
1.081,10.299857,8.604647
1.082,10.305465,8.611013
1.083,10.311072,8.617380
1.084,10.316680,8.623747
1.085,10.321758,8.630171
1.086,10.324866,8.636808
1.087,10.327974,8.643447
1.088,10.331083,8.650084
1.089,10.333348,8.656659
1.090,10.332478,8.662995
1.091,10.331608,8.669333
1.092,10.330737,8.675670
1.093,10.329469,8.681883
1.094,10.326721,8.687637
1.095,10.323974,8.693392
1.096,10.321226,8.699145
1.097,10.318237,8.704212
1.098,10.314351,8.706723
1.099,10.310465,8.709235
1.100,10.306578,8.711746
1.101,10.302559,8.714106
1.102,10.298048,8.715899
1.103,10.293536,8.717692
1.104,10.289025,8.719485
1.105,10.284369,8.721211
1.106,10.279178,8.722687
1.107,10.273985,8.724161
1.108,10.268793,8.725636
1.109,10.263477,8.726362
1.110,10.257702,8.724301
1.111,10.251927,8.722240
1.112,10.246152,8.720181
1.113,10.240359,8.718067
1.114,10.234502,8.715757
1.115,10.228643,8.713448
1.116,10.222786,8.711138
1.117,10.216881,8.708850
1.118,10.210800,8.706642
1.119,10.204720,8.704434
1.120,10.198638,8.702226
1.121,10.192543,8.700003
1.122,10.186392,8.697720
1.123,10.180241,8.695437
1.124,10.174089,8.693154
1.125,10.168035,8.690831
1.126,10.162340,8.688354
1.127,10.156645,8.685879
1.128,10.150950,8.683403
1.129,10.145304,8.680950
1.130,10.139835,8.678585
1.131,10.134368,8.676220
1.132,10.128901,8.673855
1.133,10.124045,8.671695
1.134,10.121469,8.670296
1.135,10.118891,8.668896
1.136,10.116314,8.667497
1.137,10.113884,8.666316
1.138,10.112001,8.665948
1.139,10.110120,8.665580
1.140,10.108238,8.665212
1.141,10.106451,8.664983
1.142,10.105019,8.665273
1.143,10.103585,8.665562
1.144,10.102152,8.665852
1.145,10.100788,8.666331
1.146,10.099681,8.667517
1.147,10.098574,8.668703
1.148,10.097466,8.669888
1.149,10.096454,8.671109
1.150,10.095795,8.672460
1.151,10.095136,8.673809
1.152,10.094477,8.675159
1.153,10.093857,8.676519
1.154,10.093383,8.677916
1.155,10.092910,8.679313
1.156,10.092436,8.680710
1.157,10.092000,8.681976
1.158,10.091705,8.682759
1.159,10.091411,8.683541
1.160,10.091116,8.684324
1.161,10.090917,8.684990
1.162,10.091073,8.685222
1.163,10.091229,8.685452
1.164,10.091386,8.685684
1.165,10.091615,8.685817
1.166,10.092116,8.685580
1.167,10.092618,8.685345
1.168,10.093120,8.685109
1.169,10.093630,8.684785
1.170,10.094174,8.684130
1.171,10.094718,8.683475
1.172,10.095263,8.682821
1.173,10.095807,8.682084
1.174,10.096351,8.681040
1.175,10.096894,8.679996
1.176,10.097438,8.678952
1.177,10.097906,8.677544
1.178,10.098093,8.674784
1.179,10.098281,8.672024
1.180,10.098468,8.669264
1.181,10.098595,8.666194
1.182,10.098494,8.661968
1.183,10.098393,8.657743
1.184,10.098293,8.653517
1.185,10.098162,8.648493
1.186,10.097912,8.640506
1.187,10.097663,8.632519
1.188,10.097413,8.624532
1.189,10.097085,8.616447
1.190,10.096467,8.608005
1.191,10.095848,8.599563
1.192,10.095229,8.591120
1.193,10.094488,8.582251
1.194,10.093289,8.571795
1.195,10.092091,8.561339
1.196,10.090892,8.550884
1.197,10.089682,8.540433
1.198,10.088427,8.529994
1.199,10.087173,8.519556
1.200,10.085917,8.509118
1.201,10.084653,8.498741
1.202,10.083353,8.488592
1.203,10.082053,8.478443
1.204,10.080753,8.468294
1.205,10.079425,8.458244
1.206,10.077992,8.448565
1.207,10.076559,8.438887
1.208,10.075126,8.429208
1.209,10.073694,8.419641
1.210,10.072267,8.410493
1.211,10.070839,8.401343
1.212,10.069411,8.392195
1.213,10.067995,8.383212
1.214,10.066625,8.374848
1.215,10.065254,8.366485
1.216,10.063884,8.358122
1.217,10.062525,8.349904
1.218,10.061209,8.342231
1.219,10.059892,8.334558
1.220,10.058576,8.326883
1.221,10.057341,8.319423
1.222,10.056410,8.312751
1.223,10.055479,8.306079
1.224,10.054547,8.299408
1.225,10.053710,8.292981
1.226,10.053221,8.287467
1.227,10.052731,8.281952
1.228,10.052241,8.276438
1.229,10.051802,8.271626
1.230,10.051552,8.269425
1.231,10.051302,8.267225
1.232,10.051052,8.265025
1.233,10.050865,8.262871
1.234,10.050914,8.260886
1.235,10.050961,8.258902
1.236,10.051010,8.256918
1.237,10.051200,8.255353
1.238,10.051915,8.255348
1.239,10.052630,8.255342
1.240,10.053346,8.255338
1.241,10.054140,8.255360
1.242,10.055229,8.255479
1.243,10.056318,8.255599
1.244,10.057407,8.255719
1.245,10.058541,8.255858
1.246,10.059842,8.256069
1.247,10.061143,8.256280
1.248,10.062443,8.256492
1.249,10.063760,8.256719
1.250,10.065139,8.257008
1.251,10.066517,8.257296
1.252,10.067896,8.257585
1.253,10.069271,8.257838
1.254,10.070635,8.257966
1.255,10.071999,8.258094
1.256,10.073362,8.258222
1.257,10.074724,8.258330
1.258,10.076078,8.258364
1.259,10.077434,8.258398
1.260,10.078788,8.258432
1.261,10.080132,8.258435
1.262,10.081436,8.258323
1.263,10.082741,8.258210
1.264,10.084045,8.258098
1.265,10.085333,8.257974
1.266,10.086556,8.257806
1.267,10.087780,8.257638
1.268,10.089004,8.257470
1.269,10.090185,8.257292
1.270,10.091209,8.257076
1.271,10.092235,8.256862
1.272,10.093259,8.256646
1.273,10.094259,8.256460
1.274,10.095167,8.256383
1.275,10.096074,8.256305
1.276,10.096982,8.256227
1.277,10.097884,8.256117
1.278,10.098766,8.255883
1.279,10.099648,8.255651
1.280,10.100530,8.255417
1.281,10.101367,8.255140
1.282,10.102035,8.254704
1.283,10.102703,8.254266
1.284,10.103371,8.253829
1.285,10.103936,8.253384
1.286,10.104118,8.252905
1.287,10.104300,8.252426
1.288,10.104483,8.251947
1.289,10.104508,8.251527
1.290,10.103951,8.251326
1.291,10.103394,8.251124
1.292,10.102836,8.250922
1.293,10.102192,8.250707
1.294,10.101231,8.250436
1.295,10.100269,8.250165
1.296,10.099308,8.249894
1.297,10.098232,8.249537
1.298,10.096733,8.248856
1.299,10.095234,8.248176
1.300,10.093735,8.247495
1.301,10.092143,8.246819
1.302,10.090208,8.246162
1.303,10.088274,8.245505
1.304,10.086339,8.244848
1.305,10.084262,8.244249
1.306,10.081652,8.243869
1.307,10.079042,8.243487
1.308,10.076432,8.243106
1.309,10.073709,8.242794
1.310,10.070559,8.242741
1.311,10.067409,8.242687
1.312,10.064259,8.242633
1.313,10.061064,8.242604
1.314,10.057703,8.242666
1.315,10.054342,8.242728
1.316,10.050982,8.242791
1.317,10.047569,8.242840
1.318,10.043968,8.242840
1.319,10.040366,8.242840
1.320,10.036765,8.242840
1.321,10.033129,8.242895
1.322,10.029366,8.243158
1.323,10.025602,8.243422
1.324,10.021839,8.243685
1.325,10.018060,8.244081
1.326,10.014221,8.244970
1.327,10.010384,8.245860
1.328,10.006545,8.246751
1.329,10.002748,8.247783
1.330,9.999105,8.249344
1.331,9.995462,8.250906
1.332,9.991818,8.252467
1.333,9.988307,8.254078
1.334,9.985285,8.255872
1.335,9.982263,8.257667
1.336,9.979239,8.259460
1.337,9.976312,8.261467
1.338,9.973735,8.264261
1.339,9.971159,8.267055
1.340,9.968582,8.269849
1.341,9.966116,8.272782
1.342,9.964059,8.276238
1.343,9.962003,8.279694
1.344,9.959946,8.283150
1.345,9.957944,8.286680
1.346,9.956146,8.290489
1.347,9.954348,8.294298
1.348,9.952550,8.298108
1.349,9.950902,8.301956
1.350,9.949815,8.305953
1.351,9.948727,8.309949
1.352,9.947639,8.313946
1.353,9.946639,8.317942
1.354,9.945965,8.321938
1.355,9.945292,8.325933
1.356,9.944617,8.329928
1.357,9.944001,8.333933
1.358,9.943599,8.337966
1.359,9.943197,8.341999
1.360,9.942796,8.346032
1.361,9.942411,8.350058
1.362,9.942095,8.354058
1.363,9.941777,8.358059
1.364,9.941460,8.362060
1.365,9.941181,8.366042
1.366,9.941046,8.369962
1.367,9.940910,8.373881
1.368,9.940776,8.377801
1.369,9.940723,8.381452
1.370,9.940980,8.384108
1.371,9.941236,8.386764
1.372,9.941493,8.389420
1.373,9.941936,8.391921
1.374,9.943076,8.393853
1.375,9.944216,8.395784
1.376,9.945355,8.397717
1.377,9.946774,8.399355
1.378,9.949223,8.399905
1.379,9.951673,8.400455
1.380,9.954123,8.401006
1.381,9.956804,8.401144
1.382,9.960348,8.399755
1.383,9.963892,8.398367
1.384,9.967437,8.396978
1.385,9.971250,8.395555
1.386,9.976061,8.394005
1.387,9.980873,8.392454
1.388,9.985684,8.390903
1.389,9.990811,8.389747
1.390,9.997108,8.390054
1.391,10.003404,8.390360
1.392,10.009700,8.390667
1.393,10.016272,8.390969
1.394,10.023863,8.391256
1.395,10.031454,8.391544
1.396,10.039045,8.391831
1.397,10.046824,8.392058
1.398,10.055297,8.392057
1.399,10.063770,8.392056
1.400,10.072243,8.392056
1.401,10.080952,8.392181
1.402,10.090539,8.392780
1.403,10.100126,8.393379
1.404,10.109713,8.393978
1.405,10.119452,8.394635
1.406,10.129756,8.395506
1.407,10.140060,8.396377
1.408,10.150365,8.397247
1.409,10.160708,8.398284
1.410,10.171201,8.399941
1.411,10.181693,8.401599
1.412,10.192185,8.403256
1.413,10.202628,8.405233
1.414,10.212892,8.408394
1.415,10.223154,8.411555
1.416,10.233417,8.414716
1.417,10.243486,8.417892
1.418,10.252837,8.421126
1.419,10.262188,8.424360
1.420,10.271539,8.427594
1.421,10.280560,8.430961
1.422,10.288348,8.434823
1.423,10.296138,8.438684
1.424,10.303926,8.442546
1.425,10.311261,8.446437
1.426,10.316908,8.450436
1.427,10.322555,8.454434
1.428,10.328200,8.458433
1.429,10.333376,8.462335
1.430,10.336798,8.465877
1.431,10.340219,8.469418
1.432,10.343641,8.472960
1.433,10.346562,8.476025
1.434,10.347622,8.477321
1.435,10.348680,8.478618
1.436,10.349740,8.479914
1.437,10.350310,8.480747
1.438,10.349063,8.479861
1.439,10.347816,8.478974
1.440,10.346569,8.478088
1.441,10.344866,8.476869
1.442,10.341464,8.474405
1.443,10.338062,8.471943
1.444,10.334661,8.469480
1.445,10.330893,8.466869
1.446,10.325762,8.463710
1.447,10.320632,8.460551
1.448,10.315501,8.457392
1.449,10.310076,8.454198
1.450,10.303555,8.450871
1.451,10.297034,8.447546
1.452,10.290513,8.444220
1.453,10.283727,8.440721
1.454,10.275952,8.436578
1.455,10.268179,8.432435
1.456,10.260405,8.428292
1.457,10.252418,8.423943
1.458,10.243638,8.418821
1.459,10.234859,8.413701
1.460,10.226079,8.408580
1.461,10.217096,8.403337
1.462,10.207359,8.397641
1.463,10.197622,8.391945
1.464,10.187885,8.386250
1.465,10.178000,8.380576
1.466,10.167566,8.374991
1.467,10.157133,8.369406
1.468,10.146700,8.363821
1.469,10.136440,8.358466
1.470,10.126827,8.353967
1.471,10.117214,8.349467
1.472,10.107601,8.344968
1.473,10.098122,8.340709
1.474,10.089140,8.337343
1.475,10.080158,8.333977
1.476,10.071177,8.330611
1.477,10.062278,8.327376
1.478,10.053688,8.324627
1.479,10.045099,8.321877
1.480,10.036510,8.319127
1.481,10.027985,8.316776
1.482,10.019696,8.315906
1.483,10.011409,8.315036
1.484,10.003121,8.314165
1.485,9.995097,8.313651
1.486,9.988053,8.314459
1.487,9.981010,8.315267
1.488,9.973967,8.316074
1.489,9.967045,8.316878
1.490,9.960579,8.317672
1.491,9.954112,8.318464
1.492,9.947645,8.319258
1.493,9.941375,8.319632
1.494,9.935833,8.318450
1.495,9.930291,8.317268
1.496,9.924748,8.316087
1.497,9.919538,8.314800
1.498,9.915563,8.313125
1.499,9.911587,8.311450
1.500,9.907611,8.309775
1.501,9.904007,8.308077
1.502,9.901784,8.306291
1.503,9.899561,8.304504
1.504,9.897339,8.302719
1.505,9.895528,8.301053
1.506,9.895247,8.299835
1.507,9.894967,8.298617
1.508,9.894687,8.297400
1.509,9.894897,8.296237
1.510,9.896926,8.295277
1.511,9.898955,8.294316
1.512,9.900985,8.293356
1.513,9.903255,8.292459
1.514,9.906417,8.291798
1.515,9.909578,8.291136
1.516,9.912741,8.290475
1.517,9.916119,8.289679
1.518,9.920296,8.288384
1.519,9.924474,8.287090
1.520,9.928652,8.285796
1.521,9.933049,8.284349
1.522,9.938263,8.282337
1.523,9.943478,8.280325
1.524,9.948691,8.278313
1.525,9.954113,8.276201
1.526,9.960309,8.273724
1.527,9.966505,8.271246
1.528,9.972701,8.268767
1.529,9.978936,8.266275
1.530,9.985322,8.263729
1.531,9.991707,8.261184
1.532,9.998093,8.258637
1.533,10.004522,8.256103
1.534,10.011114,8.253610
1.535,10.017707,8.251116
1.536,10.024300,8.248623
1.537,10.030878,8.246467
1.538,10.037405,8.245562
1.539,10.043932,8.244658
1.540,10.050459,8.243752
1.541,10.056861,8.242917
1.542,10.062799,8.242336
1.543,10.068736,8.241755
1.544,10.074674,8.241176
1.545,10.080422,8.240674
1.546,10.085470,8.240469
1.547,10.090518,8.240263
1.548,10.095565,8.240058
1.549,10.100369,8.239894
1.550,10.104269,8.239887
1.551,10.108168,8.239880
1.552,10.112067,8.239873
1.553,10.115561,8.239892
1.554,10.117551,8.240011
1.555,10.119540,8.240129
1.556,10.121530,8.240248
1.557,10.123190,8.240242
1.558,10.123624,8.239776
1.559,10.124058,8.239309
1.560,10.124492,8.238843
1.561,10.124665,8.238307
1.562,10.123870,8.237512
1.563,10.123075,8.236716
1.564,10.122278,8.235921
1.565,10.121294,8.235141
1.566,10.119608,8.234417
1.567,10.117923,8.233693
1.568,10.116237,8.232969
1.569,10.114412,8.232341
1.570,10.112073,8.232068
1.571,10.109735,8.231795
1.572,10.107395,8.231523
1.573,10.105011,8.231263
1.574,10.102462,8.231050
1.575,10.099912,8.230838
1.576,10.097363,8.230626
1.577,10.094770,8.230463
1.578,10.092025,8.230484
1.579,10.089278,8.230505
1.580,10.086532,8.230526
1.581,10.083791,8.230677
1.582,10.081067,8.231311
1.583,10.078343,8.231946
1.584,10.075620,8.232580
1.585,10.072934,8.233353
1.586,10.070386,8.234642
1.587,10.067838,8.235930
1.588,10.065289,8.237219
1.589,10.062769,8.238528
1.590,10.060348,8.239913
1.591,10.057927,8.241299
1.592,10.055506,8.242683
1.593,10.053129,8.244005
1.594,10.050914,8.245089
1.595,10.048698,8.246172
1.596,10.046483,8.247256
1.597,10.044356,8.248255
1.598,10.042558,8.248937
1.599,10.040759,8.249619
1.600,10.038960,8.250302
1.601,10.037271,8.250980
1.602,10.035992,8.251641
1.603,10.034712,8.252302
1.604,10.033432,8.252963
1.605,10.032279,8.253686
1.606,10.031593,8.254641
1.607,10.030908,8.255594
1.608,10.030222,8.256549
1.609,10.029714,8.257503
1.610,10.029861,8.258459
1.611,10.030010,8.259415
1.612,10.030158,8.260370
1.613,10.030470,8.261305
1.614,10.031390,8.262157
1.615,10.032310,8.263011
1.616,10.033230,8.263864
1.617,10.034284,8.264690
1.618,10.035834,8.265417
1.619,10.037385,8.266145
1.620,10.038937,8.266872
1.621,10.040608,8.267638
1.622,10.042734,8.268549
1.623,10.044860,8.269460
1.624,10.046986,8.270370
1.625,10.049196,8.271269
1.626,10.051726,8.272121
1.627,10.054255,8.272974
1.628,10.056786,8.273827
1.629,10.059421,8.274584
1.630,10.062447,8.274984
1.631,10.065474,8.275384
1.632,10.068500,8.275784
1.633,10.071648,8.276138
1.634,10.075246,8.276316
1.635,10.078844,8.276494
1.636,10.082442,8.276671
1.637,10.086157,8.276874
1.638,10.090303,8.277168
1.639,10.094450,8.277462
1.640,10.098598,8.277756
1.641,10.102933,8.278063
1.642,10.107969,8.278418
1.643,10.113007,8.278772
1.644,10.118043,8.279128
1.645,10.123244,8.279529
1.646,10.129059,8.280101
1.647,10.134872,8.280673
1.648,10.140687,8.281244
1.649,10.146606,8.281932
1.650,10.152919,8.283046
1.651,10.159231,8.284160
1.652,10.165543,8.285274
1.653,10.171922,8.286572
1.654,10.178547,8.288551
1.655,10.185172,8.290531
1.656,10.191798,8.292511
1.657,10.198477,8.294608
1.658,10.205356,8.297140
1.659,10.212234,8.299672
1.660,10.219112,8.302204
1.661,10.226059,8.304772
1.662,10.233262,8.307474
1.663,10.240464,8.310176
1.664,10.247667,8.312878
1.665,10.254930,8.315526
1.666,10.262416,8.317979
1.667,10.269902,8.320431
1.668,10.277388,8.322884
1.669,10.284980,8.325437
1.670,10.292963,8.328364
1.671,10.300946,8.331293
1.672,10.308929,8.334221
1.673,10.316954,8.337790
1.674,10.325132,8.343742
1.675,10.333312,8.349695
1.676,10.341491,8.355647
1.677,10.349769,8.362000
1.678,10.358414,8.369840
1.679,10.367059,8.377680
1.680,10.375705,8.385520
1.681,10.384365,8.391726
1.682,10.393084,8.391856
1.683,10.401803,8.391987
1.684,10.410522,8.392118
1.685,10.419337,8.392233
1.686,10.428514,8.392291
1.687,10.437693,8.392348
1.688,10.446870,8.392406
1.689,10.456051,8.392420
1.690,10.465245,8.392265
1.691,10.474440,8.392112
1.692,10.483635,8.391957
1.693,10.492955,8.391733
1.694,10.502746,8.391247
1.695,10.512536,8.390760
1.696,10.522326,8.390275
1.697,10.532084,8.389697
1.698,10.541719,8.388777
1.699,10.551354,8.387857
1.700,10.560990,8.386937
1.701,10.570514,8.385948
1.702,10.579622,8.384704
1.703,10.588731,8.383458
1.704,10.597839,8.382214
1.705,10.606810,8.383554
1.706,10.615269,8.394502
1.707,10.623727,8.405450
1.708,10.632186,8.416399
1.709,10.640435,8.427361
1.710,10.647909,8.438374
1.711,10.655382,8.449387
1.712,10.662855,8.460399
1.713,10.670067,8.471323
1.714,10.676304,8.481915
1.715,10.682541,8.492507
1.716,10.688778,8.503099
1.717,10.694716,8.513064
1.718,10.699545,8.520700
1.719,10.704372,8.528336
1.720,10.709201,8.535971
1.721,10.713650,8.543243
1.722,10.716693,8.549170
1.723,10.719735,8.555097
1.724,10.722778,8.561023
1.725,10.725497,8.568529
1.726,10.727013,8.581905
1.727,10.728528,8.595282
1.728,10.730044,8.608658
1.729,10.731166,8.621925
1.730,10.730823,8.634785
1.731,10.730480,8.647644
1.732,10.730137,8.660503
1.733,10.729404,8.673272
1.734,10.727221,8.685704
1.735,10.725039,8.698135
1.736,10.722857,8.710567
1.737,10.720167,8.722844
1.738,10.715595,8.734551
1.739,10.711024,8.746258
1.740,10.706452,8.757964
1.741,10.701538,8.769211
1.742,10.695349,8.778748
1.743,10.689160,8.788283
1.744,10.682971,8.797820
1.745,10.676442,8.806544
1.746,10.668652,8.812246
1.747,10.660861,8.817949
1.748,10.653070,8.823652
1.749,10.644679,8.826230
1.750,10.634056,8.817194
1.751,10.623432,8.808157
1.752,10.612809,8.799121
1.753,10.601873,8.789535
1.754,10.589778,8.777906
1.755,10.577682,8.766278
1.756,10.565586,8.754650
1.757,10.553065,8.742692
1.758,10.538964,8.729509
1.759,10.524863,8.716326
1.760,10.510762,8.703142
1.761,10.496133,8.689904
1.762,10.479541,8.676465
1.763,10.462949,8.663026
1.764,10.446357,8.649587
1.765,10.429544,8.636050
1.766,10.411918,8.622154
1.767,10.394290,8.608259
1.768,10.376662,8.594363
1.769,10.358829,8.580489
1.770,10.340228,8.566697
1.771,10.321628,8.552905
1.772,10.303026,8.539113
1.773,10.284337,8.525449
1.774,10.265316,8.512258
1.775,10.246295,8.499067
1.776,10.227274,8.485876
1.777,10.208426,8.472794
1.778,10.190217,8.460111
1.779,10.172009,8.447428
1.780,10.153800,8.434745
1.781,10.135861,8.422181
1.782,10.118923,8.410057
1.783,10.101985,8.397933
1.784,10.085047,8.385810
1.785,10.068366,8.374101
1.786,10.052643,8.363935
1.787,10.036920,8.353768
1.788,10.021196,8.343602
1.789,10.005834,8.334234
1.790,9.991812,8.327831
1.791,9.977791,8.321428
1.792,9.963769,8.315025
1.793,9.950329,8.309146
1.794,9.939050,8.305209
1.795,9.927772,8.301273
1.796,9.916492,8.297337
1.797,9.905544,8.293938
1.798,9.895822,8.292533
1.799,9.886100,8.291129
1.800,9.876377,8.289724
1.801,9.867125,8.288596
1.802,9.859618,8.288492
1.803,9.852111,8.288388
1.804,9.844604,8.288285
1.805,9.837757,8.288290
1.806,9.833362,8.288699
1.807,9.828965,8.289107
1.808,9.824570,8.289516
1.809,9.820579,8.290086
1.810,9.818092,8.291253
1.811,9.815606,8.292419
1.812,9.813120,8.293586
1.813,9.811069,8.294842
1.814,9.810640,8.296431
1.815,9.810210,8.298018
1.816,9.809781,8.299607
1.817,9.809627,8.301234
1.818,9.810495,8.303004
1.819,9.811365,8.304775
1.820,9.812234,8.306545
1.821,9.813166,8.308316
1.822,9.814332,8.310091
1.823,9.815497,8.311865
1.824,9.816664,8.313640
1.825,9.817789,8.315393
1.826,9.818765,8.317070
1.827,9.819739,8.318748
1.828,9.820715,8.320424
1.829,9.821654,8.322043
1.830,9.822457,8.323445
1.831,9.823261,8.324847
1.832,9.824065,8.326249
1.833,9.824814,8.327622
1.834,9.825360,8.328887
1.835,9.825906,8.330151
1.836,9.826452,8.331415
1.837,9.826965,8.332577
1.838,9.827354,8.333362
1.839,9.827744,8.334146
1.840,9.828133,8.334931
1.841,9.828523,8.335485
1.842,9.828912,8.335184
1.843,9.829301,8.334883
1.844,9.829690,8.334581
1.845,9.830070,8.334200
1.846,9.830410,8.333522
1.847,9.830750,8.332843
1.848,9.831091,8.332165
1.849,9.831404,8.331406
1.850,9.831614,8.330347
1.851,9.831824,8.329288
1.852,9.832035,8.328230
1.853,9.832181,8.327033
1.854,9.832088,8.325320
1.855,9.831995,8.323607
1.856,9.831902,8.321895
1.857,9.831768,8.320045
1.858,9.831484,8.317689
1.859,9.831201,8.315332
1.860,9.830916,8.312976
1.861,9.830577,8.310571
1.862,9.830028,8.307986
1.863,9.829479,8.305402
1.864,9.828930,8.302817
1.865,9.828371,8.300255
1.866,9.827773,8.297774
1.867,9.827175,8.295294
1.868,9.826576,8.292813
1.869,9.825980,8.290371
1.870,9.825388,8.288074
1.871,9.824797,8.285777
1.872,9.824205,8.283480
1.873,9.823612,8.281373
1.874,9.823016,8.279975
1.875,9.822419,8.278576
1.876,9.821822,8.277178
1.877,9.821241,8.275604
1.878,9.820719,8.273381
1.879,9.820196,8.271158
1.880,9.819674,8.268935
1.881,9.819209,8.266797
1.882,9.818964,8.264976
1.883,9.818718,8.263154
1.884,9.818473,8.261332
1.885,9.818264,8.259674
1.886,9.818193,8.258627
1.887,9.818123,8.257579
1.888,9.818052,8.256532
1.889,9.818003,8.255550
1.890,9.818031,8.254820
1.891,9.818061,8.254088
1.892,9.818090,8.253357
1.893,9.818124,8.252654
1.894,9.818175,8.252057
1.895,9.818226,8.251459
1.896,9.818276,8.250862
1.897,9.818343,8.250347
1.898,9.818467,8.250140
1.899,9.818591,8.249933
1.900,9.818715,8.249726
1.901,9.818844,8.249496
1.902,9.818990,8.249174
1.903,9.819135,8.248853
1.904,9.819280,8.248531
1.905,9.819413,8.248212
1.906,9.819501,8.247902
1.907,9.819590,8.247592
1.908,9.819678,8.247281
1.909,9.819744,8.247190
1.910,9.819728,8.247911
1.911,9.819711,8.248633
1.912,9.819695,8.249355
1.913,9.819674,8.250310
1.914,9.819643,8.252132
1.915,9.819612,8.253955
1.916,9.819580,8.255776
1.917,9.819485,8.257553
1.918,9.819152,8.259159
1.919,9.818819,8.260764
1.920,9.818486,8.262370
1.921,9.818064,8.264367
1.922,9.817308,8.267819
1.923,9.816553,8.271272
1.924,9.815797,8.274724
1.925,9.814953,8.278251
1.926,9.813780,8.282057
1.927,9.812607,8.285864
1.928,9.811433,8.289670
1.929,9.810175,8.293459
1.930,9.808599,8.297182
1.931,9.807023,8.300905
1.932,9.805447,8.304628
1.933,9.803786,8.308359
1.934,9.801810,8.312118
1.935,9.799835,8.315876
1.936,9.797859,8.319634
1.937,9.795859,8.323387
1.938,9.793770,8.327118
1.939,9.791680,8.330849
1.940,9.789591,8.334579
1.941,9.787519,8.338340
1.942,9.785512,8.342216
1.943,9.783506,8.346090
1.944,9.781500,8.349966
1.945,9.779549,8.353940
1.946,9.777803,8.358278
1.947,9.776058,8.362617
1.948,9.774313,8.366957
1.949,9.772659,8.371261
1.950,9.771344,8.375436
1.951,9.770029,8.379611
1.952,9.768714,8.383786
1.953,9.767638,8.387746
1.954,9.767456,8.390903
1.955,9.767273,8.394060
1.956,9.767091,8.397218
1.957,9.767220,8.400133
1.958,9.768514,8.402149
1.959,9.769807,8.404165
1.960,9.771100,8.406180
1.961,9.772764,8.407890
1.962,9.775808,8.408463
1.963,9.778852,8.409035
1.964,9.781897,8.409607
1.965,9.785370,8.409817
1.966,9.790440,8.408677
1.967,9.795509,8.407537
1.968,9.800579,8.406398
1.969,9.806045,8.405164
1.970,9.812979,8.403580
1.971,9.819913,8.401997
1.972,9.826847,8.400413
1.973,9.834185,8.398886
1.974,9.843022,8.397569
1.975,9.851859,8.396252
1.976,9.860696,8.394935
1.977,9.869927,8.394103
1.978,9.880623,8.395077
1.979,9.891318,8.396049
1.980,9.902014,8.397022
1.981,9.912996,8.398231
1.982,9.925046,8.400315
1.983,9.937096,8.402399
1.984,9.949145,8.404483
1.985,9.961491,8.406566
1.986,9.974934,8.408643
1.987,9.988377,8.410721
1.988,10.001820,8.412798
1.989,10.015459,8.414805
1.990,10.029830,8.416549
1.991,10.044201,8.418293
1.992,10.058572,8.420036
1.993,10.072915,8.421719
1.994,10.087153,8.423170
1.995,10.101393,8.424622
1.996,10.115631,8.426073
1.997,10.129691,8.427449
1.998,10.143088,8.428545
1.999,10.156487,8.429640
2.000,10.169884,8.430735
2.001,10.182979,8.432310
2.002,10.194948,8.435673
2.003,10.206919,8.439034
2.004,10.218888,8.442396
2.005,10.230511,8.446187
2.006,10.240838,8.451573
2.007,10.251166,8.456960
2.008,10.261494,8.462346
2.009,10.271283,8.467899
2.010,10.279070,8.474075
2.011,10.286858,8.480251
2.012,10.294644,8.486427
2.013,10.301903,8.492468
2.014,10.307199,8.498003
2.015,10.312496,8.503539
2.016,10.317793,8.509074
2.017,10.322741,8.514555
2.018,10.326389,8.519831
2.019,10.330039,8.525106
2.020,10.333688,8.530383
2.021,10.337090,8.535218
2.022,10.339578,8.538415
2.023,10.342064,8.541612
2.024,10.344551,8.544808
2.025,10.346834,8.547687
2.026,10.348360,8.549384
2.027,10.349885,8.551082
2.028,10.351411,8.552779
2.029,10.352739,8.554343
2.030,10.353338,8.555408
2.031,10.353937,8.556473
2.032,10.354536,8.557537
2.033,10.355004,8.558478
2.034,10.354989,8.558962
2.035,10.354973,8.559444
2.036,10.354957,8.559927
2.037,10.355030,8.560241
2.038,10.355437,8.559928
2.039,10.355844,8.559615
2.040,10.356251,8.559302
2.041,10.356805,8.558958
2.042,10.357904,8.558496
2.043,10.359005,8.558032
2.044,10.360106,8.557570
2.045,10.361337,8.556592
2.046,10.363054,8.553702
2.047,10.364771,8.550813
2.048,10.366488,8.547923
2.049,10.368421,8.544820
2.050,10.371150,8.540920
2.051,10.373879,8.537021
2.052,10.376610,8.533121
2.053,10.379626,8.529243
2.054,10.383709,8.525449
2.055,10.387792,8.521654
2.056,10.391874,8.517859
2.057,10.396245,8.514302
2.058,10.401690,8.511624
2.059,10.407135,8.508946
2.060,10.412580,8.506269
2.061,10.418097,8.503676
2.062,10.423888,8.501399
2.063,10.429679,8.499122
2.064,10.435470,8.496845
2.065,10.441240,8.494553
2.066,10.446934,8.492207
2.067,10.452628,8.489861
2.068,10.458322,8.487514
2.069,10.463973,8.485271
2.070,10.469465,8.483404
2.071,10.474957,8.481539
2.072,10.480449,8.479672
2.073,10.485824,8.477952
2.074,10.490763,8.476773
2.075,10.495702,8.475595
2.076,10.500641,8.474416
2.077,10.505431,8.473461
2.078,10.509666,8.473338
2.079,10.513902,8.473215
2.080,10.518137,8.473092
2.081,10.522205,8.473312
2.082,10.525650,8.474805
2.083,10.529095,8.476297
2.084,10.532539,8.477791
2.085,10.535795,8.479406
2.086,10.538353,8.481480
2.087,10.540910,8.483552
2.088,10.543467,8.485625
2.089,10.545915,8.487713
2.090,10.547956,8.489854
2.091,10.549997,8.491995
2.092,10.552039,8.494137
2.093,10.553904,8.496236
2.094,10.555107,8.498178
2.095,10.556311,8.500120
2.096,10.557514,8.502062
2.097,10.558604,8.503955
2.098,10.559272,8.505663
2.099,10.559940,8.507372
2.100,10.560609,8.509080
2.101,10.561139,8.510708
2.102,10.561157,8.512033
2.103,10.561176,8.513358
2.104,10.561194,8.514684
2.105,10.561102,8.515936
2.106,10.560600,8.516917
2.107,10.560099,8.517898
2.108,10.559597,8.518879
2.109,10.559030,8.519803
2.110,10.558222,8.520516
2.111,10.557414,8.521230
2.112,10.556606,8.521943
2.113,10.555737,8.522620
2.114,10.554637,8.523163
2.115,10.553538,8.523705
2.116,10.552440,8.524246
2.117,10.551338,8.524750
2.118,10.550226,8.525106
2.119,10.549113,8.525465
2.120,10.548001,8.525822
2.121,10.546874,8.526151
2.122,10.545690,8.526374
2.123,10.544505,8.526596
2.124,10.543321,8.526818
2.125,10.542152,8.526950
2.126,10.541047,8.526741
2.127,10.539941,8.526532
2.128,10.538836,8.526323
2.129,10.537751,8.526064
2.130,10.536747,8.525617
2.131,10.535743,8.525168
2.132,10.534739,8.524721
2.133,10.533737,8.524279
2.134,10.532750,8.523856
2.135,10.531762,8.523434
2.136,10.530774,8.523010
2.137,10.529778,8.522588
2.138,10.528753,8.522165
2.139,10.527729,8.521743
2.140,10.526704,8.521319
2.141,10.525698,8.520905
2.142,10.524764,8.520525
2.143,10.523829,8.520144
2.144,10.522895,8.519764
2.145,10.521961,8.519383
2.146,10.521029,8.519001
2.147,10.520097,8.518620
2.148,10.519165,8.518237
2.149,10.518242,8.517875
2.150,10.517351,8.517585
2.151,10.516461,8.517296
2.152,10.515571,8.517006
2.153,10.514700,8.516706
2.154,10.513904,8.516364
2.155,10.513107,8.516024
2.156,10.512311,8.515682
2.157,10.511571,8.515320
2.158,10.511039,8.514881
2.159,10.510507,8.514442
2.160,10.509974,8.514004
2.161,10.509495,8.513560
2.162,10.509209,8.513100
2.163,10.508924,8.512639
2.164,10.508637,8.512178
2.165,10.508438,8.511756
2.166,10.508561,8.511471
2.167,10.508684,8.511186
2.168,10.508807,8.510900
2.169,10.509000,8.510696
2.170,10.509452,8.510791
2.171,10.509905,8.510886
2.172,10.510358,8.510981
2.173,10.510847,8.511072
2.174,10.511474,8.511156
2.175,10.512099,8.511239
2.176,10.512726,8.511322
2.177,10.513382,8.511380
2.178,10.514149,8.511342
2.179,10.514916,8.511305
2.180,10.515683,8.511267
2.181,10.516512,8.511243
2.182,10.517568,8.511268
2.183,10.518624,8.511293
2.184,10.519680,8.511318
2.185,10.520728,8.511337
2.186,10.521746,8.511331
2.187,10.522762,8.511325
2.188,10.523780,8.511318
2.189,10.524879,8.511316
2.190,10.526285,8.511328
2.191,10.527692,8.511340
2.192,10.529098,8.511353
2.193,10.530560,8.511357
2.194,10.532236,8.511335
2.195,10.533911,8.511312
2.196,10.535586,8.511291
2.197,10.537260,8.511278
2.198,10.538929,8.511303
2.199,10.540598,8.511328
2.200,10.542267,8.511353
2.201,10.543927,8.511423
2.202,10.545553,8.511660
2.203,10.547179,8.511896
2.204,10.548805,8.512133
2.205,10.550393,8.512379
2.206,10.551836,8.512657
2.207,10.553279,8.512935
2.208,10.554723,8.513213
2.209,10.556078,8.513466
2.210,10.557108,8.513624
2.211,10.558139,8.513783
2.212,10.559169,8.513942
2.213,10.560126,8.514021
2.214,10.560816,8.513803
2.215,10.561505,8.513586
2.216,10.562194,8.513369
2.217,10.562799,8.513039
2.218,10.563092,8.512292
2.219,10.563385,8.511545
2.220,10.563678,8.510798
2.221,10.563910,8.510061
2.222,10.563918,8.509357
2.223,10.563927,8.508655
2.224,10.563934,8.507951
2.225,10.563837,8.507245
2.226,10.563349,8.506531
2.227,10.562860,8.505816
2.228,10.562372,8.505101
2.229,10.561855,8.504392
2.230,10.561233,8.503701
2.231,10.560610,8.503012
2.232,10.559987,8.502322
2.233,10.559266,8.501631
2.234,10.558183,8.500932
2.235,10.557099,8.500234
2.236,10.556015,8.499535
2.237,10.554831,8.498848
2.238,10.553272,8.498207
2.239,10.551713,8.497565
2.240,10.550155,8.496923
2.241,10.548544,8.496336
2.242,10.546742,8.495950
2.243,10.544941,8.495564
2.244,10.543139,8.495178
2.245,10.541291,8.494799
2.246,10.539269,8.494445
2.247,10.537248,8.494090
2.248,10.535226,8.493736
2.249,10.533159,8.493382
2.250,10.530924,8.493032
2.251,10.528688,8.492682
2.252,10.526453,8.492331
2.253,10.524261,8.491979
2.254,10.522228,8.491621
2.255,10.520195,8.491264
2.256,10.518163,8.490907
2.257,10.516149,8.490671
2.258,10.514204,8.490886
2.259,10.512259,8.491100
2.260,10.510316,8.491315
2.261,10.508398,8.491671
2.262,10.506582,8.492554
2.263,10.504766,8.493436
2.264,10.502951,8.494319
2.265,10.501146,8.495199
2.266,10.499387,8.496071
2.267,10.497628,8.496943
2.268,10.495869,8.497814
2.269,10.494169,8.498683
2.270,10.492689,8.499544
2.271,10.491208,8.500404
2.272,10.489728,8.501265
2.273,10.488276,8.502160
2.274,10.486924,8.503188
2.275,10.485573,8.504215
2.276,10.484221,8.505242
2.277,10.482922,8.506308
2.278,10.481814,8.507511
2.279,10.480707,8.508716
2.280,10.479600,8.509919
2.281,10.478574,8.511230
2.282,10.477849,8.512939
2.283,10.477123,8.514647
2.284,10.476398,8.516356
2.285,10.475726,8.518067
2.286,10.475249,8.519788
2.287,10.474773,8.521507
2.288,10.474297,8.523228
2.289,10.473868,8.524898
2.290,10.473623,8.526381
2.291,10.473377,8.527865
2.292,10.473131,8.529350
2.293,10.472938,8.530830
2.294,10.472936,8.532294
2.295,10.472935,8.533759
2.296,10.472933,8.535223
2.297,10.472935,8.536689
2.298,10.472951,8.538161
2.299,10.472966,8.539634
2.300,10.472982,8.541106
2.301,10.472989,8.542511
2.302,10.472963,8.543670
2.303,10.472938,8.544827
2.304,10.472911,8.545986
2.305,10.472896,8.547134
2.306,10.472919,8.548245
2.307,10.472941,8.549357
2.308,10.472964,8.550468
2.309,10.473005,8.551589
2.310,10.473111,8.552748
2.311,10.473218,8.553905
2.312,10.473325,8.555063
2.313,10.473427,8.556179
2.314,10.473512,8.557137
2.315,10.473596,8.558096
2.316,10.473680,8.559054
2.317,10.473730,8.559966
2.318,10.473649,8.560704
2.319,10.473569,8.561443
2.320,10.473488,8.562181
2.321,10.473374,8.562796
2.322,10.473140,8.562949
2.323,10.472905,8.563103
2.324,10.472671,8.563255
2.325,10.472379,8.563292
2.326,10.471873,8.562889
2.327,10.471369,8.562487
2.328,10.470863,8.562084
2.329,10.470262,8.561655
2.330,10.469297,8.561124
2.331,10.468333,8.560593
2.332,10.467369,8.560061
2.333,10.466327,8.559555
2.334,10.464990,8.559139
2.335,10.463654,8.558723
2.336,10.462317,8.558308
2.337,10.460825,8.557877
2.338,10.458755,8.557386
2.339,10.456686,8.556895
2.340,10.454617,8.556405
2.341,10.452421,8.555899
2.342,10.449760,8.555334
2.343,10.447099,8.554769
2.344,10.444437,8.554203
2.345,10.441665,8.553537
2.346,10.438479,8.552496
2.347,10.435294,8.551455
2.348,10.432109,8.550413
2.349,10.428851,8.549342
2.350,10.425325,8.548157
2.351,10.421800,8.546972
2.352,10.418273,8.545788
2.353,10.414680,8.544604
2.354,10.410832,8.543424
2.355,10.406985,8.542243
2.356,10.403139,8.541062
2.357,10.399282,8.539956
2.358,10.395384,8.539126
2.359,10.391486,8.538297
2.360,10.387589,8.537467
2.361,10.383728,8.536662
2.362,10.380005,8.535949
2.363,10.376282,8.535235
2.364,10.372559,8.534522
2.365,10.368823,8.533987
2.366,10.365038,8.534117
2.367,10.361254,8.534246
2.368,10.357469,8.534377
2.369,10.353735,8.534518
2.370,10.350192,8.534705
2.371,10.346648,8.534891
2.372,10.343104,8.535078
2.373,10.339650,8.535313
2.374,10.336526,8.535724
2.375,10.333403,8.536136
2.376,10.330278,8.536548
2.377,10.327224,8.536997
2.378,10.324426,8.537588
2.379,10.321629,8.538179
2.380,10.318830,8.538771
2.381,10.316154,8.539366
2.382,10.313934,8.539975
2.383,10.311713,8.540584
2.384,10.309492,8.541192
2.385,10.307356,8.541829
2.386,10.305532,8.542572
2.387,10.303710,8.543316
2.388,10.301887,8.544059
2.389,10.300171,8.544910
2.390,10.298854,8.546163
2.391,10.297537,8.547416
2.392,10.296220,8.548669
2.393,10.294938,8.550430
2.394,10.293789,8.554081
2.395,10.292640,8.557733
2.396,10.291491,8.561383
2.397,10.290442,8.565116
2.398,10.289768,8.569151
2.399,10.289095,8.573187
2.400,10.288422,8.577222
2.401,10.287799,8.581222
2.402,10.287365,8.585091
2.403,10.286932,8.588961
2.404,10.286498,8.592830
2.405,10.286098,8.596585
2.406,10.285825,8.599921
2.407,10.285551,8.603256
2.408,10.285276,8.606591
2.409,10.285021,8.609700
2.410,10.284833,8.611967
2.411,10.284644,8.614233
2.412,10.284456,8.616500
2.413,10.284237,8.618566
2.414,10.283904,8.619884
2.415,10.283570,8.621202
2.416,10.283237,8.622521
2.417,10.282877,8.623796
2.418,10.282413,8.624911
2.419,10.281948,8.626026
2.420,10.281484,8.627141
2.421,10.280993,8.628310
2.422,10.280410,8.629682
2.423,10.279825,8.631052
2.424,10.279242,8.632423
2.425,10.278620,8.633779
2.426,10.277858,8.635077
2.427,10.277097,8.636374
2.428,10.276335,8.637672
2.429,10.275560,8.638907
2.430,10.274738,8.639911
2.431,10.273916,8.640915
2.432,10.273093,8.641918
2.433,10.272241,8.642807
2.434,10.271273,8.643271
2.435,10.270305,8.643736
2.436,10.269338,8.644200
2.437,10.268314,8.644090
2.438,10.267086,8.641840
2.439,10.265857,8.639590
2.440,10.264628,8.637341
2.441,10.263305,8.634957
2.442,10.261629,8.632073
2.443,10.259953,8.629189
2.444,10.258278,8.626305
2.445,10.256519,8.623241
2.446,10.254456,8.619511
2.447,10.252392,8.615780
2.448,10.250328,8.612049
2.449,10.248110,8.608355
2.450,10.245317,8.604795
2.451,10.242524,8.601234
2.452,10.239731,8.597674
2.453,10.236792,8.594225
2.454,10.233312,8.591188
2.455,10.229831,8.588151
2.456,10.226351,8.585114
2.457,10.222684,8.582142
2.458,10.218326,8.579407
2.459,10.213968,8.576673
2.460,10.209610,8.573937
2.461,10.205090,8.571138
2.462,10.199965,8.568099
2.463,10.194839,8.565061
2.464,10.189714,8.562022
2.465,10.184464,8.558847
2.466,10.178751,8.555168
2.467,10.173037,8.551489
2.468,10.167323,8.547810
2.469,10.161556,8.544132
2.470,10.155592,8.540463
2.471,10.149629,8.536795
2.472,10.143664,8.533126
2.473,10.137670,8.529473
2.474,10.131561,8.525884
2.475,10.125452,8.522294
2.476,10.119344,8.518704
2.477,10.113214,8.515183
2.478,10.107004,8.511916
2.479,10.100795,8.508649
2.480,10.094585,8.505382
2.481,10.088437,8.502218
2.482,10.082515,8.499442
2.483,10.076592,8.496666
2.484,10.070670,8.493891
2.485,10.064747,8.491154
2.486,10.058821,8.488563
2.487,10.052896,8.485971
2.488,10.046969,8.483380
2.489,10.040947,8.480843
2.490,10.034565,8.478506
2.491,10.028182,8.476169
2.492,10.021800,8.473832
2.493,10.015318,8.470900
2.494,10.008464,8.465754
2.495,10.001611,8.460608
2.496,9.994758,8.455462
2.497,9.987826,8.450317
2.498,9.980604,8.445179
2.499,9.973383,8.440041
2.500,9.966162,8.434903
2.501,9.958945,8.429805
2.502,9.951745,8.424859
2.503,9.944546,8.419912
2.504,9.937346,8.414966
2.505,9.930129,8.410057
2.506,9.922846,8.405290
2.507,9.915564,8.400522
2.508,9.908280,8.395755
2.509,9.900956,8.391033
2.510,9.893479,8.386479
2.511,9.886003,8.381926
2.512,9.878527,8.377373
2.513,9.871082,8.372840
2.514,9.863759,8.368389
2.515,9.856437,8.363937
2.516,9.849113,8.359487
2.517,9.841791,8.355035
2.518,9.834475,8.350582
2.519,9.827158,8.346130
2.520,9.819841,8.341678
2.521,9.812547,8.337269
2.522,9.805333,8.333021
2.523,9.798120,8.328773
2.524,9.790908,8.324526
2.525,9.783717,8.320274
2.526,9.776611,8.316009
2.527,9.769505,8.311743
2.528,9.762399,8.307477
2.529,9.755339,8.303232
2.530,9.748449,8.299068
2.531,9.741561,8.294905
2.532,9.734673,8.290741
2.533,9.727886,8.286750
2.534,9.721480,8.283402
2.535,9.715075,8.280055
2.536,9.708670,8.276709
2.537,9.702491,8.274023
2.538,9.697154,8.273801
2.539,9.691817,8.273578
2.540,9.686481,8.273355
2.541,9.681479,8.273136
2.542,9.677721,8.272927
2.543,9.673964,8.272718
2.544,9.670206,8.272510
2.545,9.666818,8.272410
2.546,9.664804,8.272718
2.547,9.662791,8.273026
2.548,9.660778,8.273335
2.549,9.659188,8.273699
2.550,9.659176,8.274270
2.551,9.659163,8.274840
2.552,9.659150,8.275412
2.553,9.659601,8.276006
2.554,9.661777,8.276687
2.555,9.663951,8.277368
2.556,9.666125,8.278049
2.557,9.668644,8.278867
2.558,9.672442,8.280199
2.559,9.676241,8.281531
2.560,9.680039,8.282863
2.561,9.684175,8.284872
2.562,9.689565,8.289399
2.563,9.694954,8.293926
2.564,9.700343,8.298453
2.565,9.705923,8.303091
2.566,9.712214,8.308145
2.567,9.718505,8.313197
2.568,9.724795,8.318251
2.569,9.731236,8.323594
2.570,9.738228,8.330018
2.571,9.745221,8.336443
2.572,9.752214,8.342867
2.573,9.759356,8.351214
2.574,9.767051,8.366711
2.575,9.774746,8.382207
2.576,9.782440,8.397704
2.577,9.790452,8.414427
2.578,9.799641,8.435708
2.579,9.808829,8.456989
2.580,9.818018,8.478271
2.581,9.827364,8.499553
2.582,9.837291,8.520840
2.583,9.847218,8.542128
2.584,9.857145,8.563415
2.585,9.867201,8.583994
2.586,9.877738,8.601941
2.587,9.888275,8.619888
2.588,9.898812,8.637836
2.589,9.909468,8.654408
2.590,9.920563,8.665868
2.591,9.931659,8.677329
2.592,9.942754,8.688789
2.593,9.953958,8.698608
2.594,9.965566,8.702326
2.595,9.977173,8.706042
2.596,9.988781,8.709760
2.597,10.000233,8.713454
2.598,10.011107,8.717066
2.599,10.021982,8.720676
2.600,10.032857,8.724288
2.601,10.043466,8.727608
2.602,10.053087,8.729843
2.603,10.062710,8.732078
2.604,10.072331,8.734313
2.605,10.081608,8.735489
2.606,10.089595,8.732729
2.607,10.097583,8.729968
2.608,10.105571,8.727208
2.609,10.113307,8.724184
2.610,10.120110,8.720182
2.611,10.126913,8.716180
2.612,10.133716,8.712178
2.613,10.140276,8.707847
2.614,10.145933,8.702292
2.615,10.151590,8.696737
2.616,10.157248,8.691183
2.617,10.162682,8.683733
2.618,10.167291,8.669241
2.619,10.171899,8.654748
2.620,10.176507,8.640255
2.621,10.180720,8.624496
2.622,10.183467,8.604028
2.623,10.186213,8.583561
2.624,10.188958,8.563093
2.625,10.191463,8.542570
2.626,10.193069,8.521841
2.627,10.194675,8.501111
2.628,10.196281,8.480382
2.629,10.197589,8.460380
2.630,10.197787,8.443079
2.631,10.197986,8.425777
2.632,10.198184,8.408477
2.633,10.198038,8.392533
2.634,10.196612,8.381638
2.635,10.195188,8.370741
2.636,10.193762,8.359845
2.637,10.191957,8.350514
2.638,10.188747,8.347000
2.639,10.185537,8.343486
2.640,10.182327,8.339972
2.641,10.178991,8.336445
2.642,10.175188,8.332871
2.643,10.171386,8.329299
2.644,10.167583,8.325726
2.645,10.163775,8.322331
2.646,10.159948,8.319603
2.647,10.156120,8.316875
2.648,10.152293,8.314146
2.649,10.148533,8.311887
2.650,10.145021,8.311372
2.651,10.141511,8.310857
2.652,10.138000,8.310342
2.653,10.134562,8.309940
2.654,10.131400,8.309958
2.655,10.128238,8.309977
2.656,10.125075,8.309995
2.657,10.121948,8.309842
2.658,10.118950,8.309056
2.659,10.115952,8.308270
2.660,10.112955,8.307484
2.661,10.109934,8.306528
2.662,10.106828,8.304945
2.663,10.103721,8.303362
2.664,10.100614,8.301778
2.665,10.097420,8.300152
2.666,10.093902,8.298364
2.667,10.090383,8.296576
2.668,10.086864,8.294787
2.669,10.083325,8.293046
2.670,10.079707,8.291477
2.671,10.076089,8.289907
2.672,10.072471,8.288339
2.673,10.068927,8.286867
2.674,10.065660,8.285758
2.675,10.062392,8.284650
2.676,10.059125,8.283542
2.677,10.055943,8.282422
2.678,10.053084,8.281262
2.679,10.050225,8.280102
2.680,10.047366,8.278942
2.681,10.044621,8.277793
2.682,10.042304,8.276686
2.683,10.039987,8.275578
2.684,10.037670,8.274472
2.685,10.035515,8.273346
2.686,10.033962,8.272151
2.687,10.032410,8.270955
2.688,10.030858,8.269760
2.689,10.029431,8.268551
2.690,10.028473,8.267289
2.691,10.027514,8.266028
2.692,10.026555,8.264767
2.693,10.025787,8.263545
2.694,10.025731,8.262470
2.695,10.025675,8.261395
2.696,10.025619,8.260320
2.697,10.025784,8.259252
2.698,10.026767,8.258210
2.699,10.027751,8.257168
2.700,10.028734,8.256126
2.701,10.029941,8.255443
2.702,10.031972,8.256090
2.703,10.034003,8.256738
2.704,10.036035,8.257385
2.705,10.038285,8.258172
2.706,10.041349,8.259476
2.707,10.044414,8.260778
2.708,10.047477,8.262082
2.709,10.050935,8.263388
2.710,10.055854,8.264704
2.711,10.060773,8.266019
2.712,10.065692,8.267334
2.713,10.070900,8.268708
2.714,10.077178,8.270303
2.715,10.083456,8.271896
2.716,10.089734,8.273490
2.717,10.096198,8.275013
2.718,10.103350,8.276271
2.719,10.110502,8.277530
2.720,10.117654,8.278788
2.721,10.124892,8.280094
2.722,10.132449,8.281577
2.723,10.140006,8.283061
2.724,10.147563,8.284544
2.725,10.155201,8.286063
2.726,10.163142,8.287717
2.727,10.171083,8.289370
2.728,10.179025,8.291022
2.729,10.186936,8.292780
2.730,10.194740,8.294926
2.731,10.202544,8.297071
2.732,10.210348,8.299216
2.733,10.218154,8.301365
2.734,10.225966,8.303523
2.735,10.233779,8.305681
2.736,10.241592,8.307840
2.737,10.249413,8.309947
2.738,10.257261,8.311863
2.739,10.265110,8.313779
2.740,10.272960,8.315696
2.741,10.280799,8.317673
2.742,10.288602,8.319880
2.743,10.296405,8.322085
2.744,10.304208,8.324292
2.745,10.311989,8.326365
2.746,10.319688,8.327939
2.747,10.327387,8.329514
2.748,10.335086,8.331088
2.749,10.342786,8.332683
2.750,10.350490,8.334352
2.751,10.358193,8.336022
2.752,10.365897,8.337692
2.753,10.373643,8.339396
2.754,10.381540,8.341227
2.755,10.389439,8.343057
2.756,10.397337,8.344887
2.757,10.405202,8.346653
2.758,10.412943,8.348185
2.759,10.420685,8.349715
2.760,10.428426,8.351246
2.761,10.436103,8.352824
2.762,10.443537,8.354580
2.763,10.450972,8.356335
2.764,10.458406,8.358090
2.765,10.465826,8.359817
2.766,10.473187,8.361439
2.767,10.480550,8.363060
2.768,10.487912,8.364681
2.769,10.495197,8.366244
2.770,10.502198,8.367589
2.771,10.509199,8.368934
2.772,10.516200,8.370279
2.773,10.523127,8.371500
2.774,10.529773,8.372259
2.775,10.536420,8.373018
2.776,10.543067,8.373777
2.777,10.549707,8.374441
2.778,10.556325,8.374752
2.779,10.562943,8.375063
2.780,10.569559,8.375374
2.781,10.576082,8.375580
2.782,10.582253,8.375394
2.783,10.588425,8.375209
2.784,10.594596,8.375023
2.785,10.600682,8.374766
2.786,10.606452,8.374247
2.787,10.612222,8.373726
2.788,10.617991,8.373206
2.789,10.623649,8.372765
2.790,10.628884,8.372614
2.791,10.634120,8.372464
2.792,10.639357,8.372314
2.793,10.644464,8.372299
2.794,10.649099,8.372783
2.795,10.653733,8.373266
2.796,10.658368,8.373750
2.797,10.662596,8.374441
2.798,10.665313,8.375904
2.799,10.668029,8.377367
2.800,10.670746,8.378829
2.801,10.673066,8.380306
2.802,10.673909,8.381836
2.803,10.674753,8.383367
2.804,10.675597,8.384896
2.805,10.676099,8.386319
2.806,10.675329,8.387344
2.807,10.674560,8.388369
2.808,10.673791,8.389394
2.809,10.672662,8.383834
2.810,10.670195,8.353800
2.811,10.667727,8.323766
2.812,10.665260,8.293732
2.813,10.662652,8.272562
2.814,10.659514,8.284343
2.815,10.656377,8.296123
2.816,10.653239,8.307903
2.817,10.650020,8.319719
2.818,10.646492,8.331669
2.819,10.642965,8.343618
2.820,10.639438,8.355568
2.821,10.635706,8.367321
2.822,10.631214,8.378342
2.823,10.626722,8.389363
2.824,10.622231,8.400384
2.825,10.617608,8.411414
2.826,10.612496,8.422475
2.827,10.607386,8.433537
2.828,10.602274,8.444597
2.829,10.596860,8.455641
2.830,10.590319,8.466618
2.831,10.583777,8.477594
2.832,10.577237,8.488570
2.833,10.570396,8.499434
2.834,10.562441,8.509872
2.835,10.554486,8.520312
2.836,10.546532,8.530752
2.837,10.538177,8.540715
2.838,10.528340,8.548905
2.839,10.518502,8.557096
2.840,10.508665,8.565286
2.841,10.498482,8.572955
2.842,10.487014,8.578691
2.843,10.475546,8.584427
2.844,10.464078,8.590162
2.845,10.452271,8.595158
2.846,10.439209,8.597403
2.847,10.426147,8.599647
2.848,10.413084,8.601892
2.849,10.399718,8.603528
2.850,10.385223,8.602903
2.851,10.370729,8.602278
2.852,10.356235,8.601653
2.853,10.341747,8.606999
2.854,10.327286,8.634543
2.855,10.312824,8.662086
2.856,10.298362,8.689631
2.857,10.283980,8.708313
2.858,10.269894,8.694057
2.859,10.255807,8.679802
2.860,10.241720,8.665546
2.861,10.227733,8.651361
2.862,10.214113,8.637432
2.863,10.200493,8.623504
2.864,10.186872,8.609576
2.865,10.173413,8.595975
2.866,10.160553,8.583591
2.867,10.147693,8.571206
2.868,10.134831,8.558822
2.869,10.122048,8.546490
2.870,10.109552,8.534350
2.871,10.097057,8.522211
2.872,10.084561,8.510072
2.873,10.072296,8.498099
2.874,10.060887,8.486746
2.875,10.049479,8.475391
2.876,10.038071,8.464038
2.877,10.026962,8.452707
2.878,10.016969,8.441465
2.879,10.006974,8.430223
2.880,9.996980,8.418982
2.881,9.987380,8.408058
2.882,9.979247,8.398321
2.883,9.971115,8.388584
2.884,9.962982,8.378847
2.885,9.955308,8.369322
2.886,9.949340,8.360580
2.887,9.943371,8.351839
2.888,9.937403,8.343098
2.889,9.931952,8.335082
2.890,9.928427,8.329765
2.891,9.924902,8.324449
2.892,9.921377,8.319131
2.893,9.918309,8.314360
2.894,9.916941,8.311618
2.895,9.915573,8.308875
2.896,9.914205,8.306132
2.897,9.913012,8.303949
2.898,9.912468,8.303848
2.899,9.911924,8.303746
2.900,9.911381,8.303644
2.901,9.910787,8.303563
2.902,9.910007,8.303556
2.903,9.909225,8.303551
2.904,9.908445,8.303544
2.905,9.907584,8.303487
2.906,9.906422,8.303242
2.907,9.905260,8.302997
2.908,9.904098,8.302752
2.909,9.902854,8.302459
2.910,9.901304,8.301992
2.911,9.899755,8.301525
2.912,9.898206,8.301059
2.913,9.896583,8.300563
2.914,9.894682,8.299957
2.915,9.892782,8.299353
2.916,9.890882,8.298748
2.917,9.888927,8.297956
2.918,9.886765,8.296472
2.919,9.884603,8.294987
2.920,9.882441,8.293502
2.921,9.880212,8.292014
2.922,9.877739,8.290514
2.923,9.875265,8.289014
2.924,9.872792,8.287514
2.925,9.870308,8.286039
2.926,9.867784,8.284657
2.927,9.865260,8.283277
2.928,9.862736,8.281895
2.929,9.860262,8.280612
2.930,9.857973,8.279696
2.931,9.855684,8.278780
2.932,9.853395,8.277864
2.933,9.851154,8.276959
2.934,9.849092,8.276100
2.935,9.847032,8.275242
2.936,9.844970,8.274383
2.937,9.842966,8.273623
2.938,9.841179,8.273230
2.939,9.839390,8.272837
2.940,9.837603,8.272444
2.941,9.835902,8.272056
2.942,9.834530,8.271686
2.943,9.833158,8.271316
2.944,9.831786,8.270946
2.945,9.830496,8.270592
2.946,9.829510,8.270302
2.947,9.828524,8.270011
2.948,9.827538,8.269721
