"Time","17 Hipy (cm)","25 toey (cm)"
0.000,11.374799,9.297506
0.001,11.348460,9.253456
0.002,11.322121,9.209406
0.003,11.295334,9.165354
0.004,11.266194,9.121296
0.005,11.237055,9.077238
0.006,11.207914,9.033180
0.007,11.178450,8.989222
0.008,11.147278,8.945785
0.009,11.116106,8.902348
0.010,11.084934,8.858911
0.011,11.053474,8.815654
0.012,11.020502,8.773346
0.013,10.987530,8.731037
0.014,10.954557,8.688729
0.015,10.921641,8.647489
0.016,10.889019,8.611855
0.017,10.856397,8.576220
0.018,10.823775,8.540585
0.019,10.791326,8.506979
0.020,10.759780,8.484023
0.021,10.728234,8.461067
0.022,10.696689,8.438111
0.023,10.665204,8.416209
0.024,10.634041,8.399837
0.025,10.602879,8.383464
0.026,10.571715,8.367090
0.027,10.540819,8.351671
0.028,10.511321,8.341259
0.029,10.481823,8.330847
0.030,10.452325,8.320434
0.031,10.423326,8.311501
0.032,10.396953,8.310334
0.033,10.370578,8.309168
0.034,10.344204,8.308002
0.035,10.318478,8.307153
0.036,10.296157,8.307972
0.037,10.273835,8.308790
0.038,10.251514,8.309609
0.039,10.229836,8.310398
0.040,10.211535,8.311030
0.041,10.193234,8.311663
0.042,10.174933,8.312294
0.043,10.157171,8.312926
0.044,10.142237,8.313557
0.045,10.127301,8.314187
0.046,10.112367,8.314818
0.047,10.097877,8.315417
0.048,10.085726,8.315855
0.049,10.073574,8.316292
0.050,10.061422,8.316729
0.051,10.049706,8.317140
0.052,10.040270,8.317414
0.053,10.030834,8.317689
0.054,10.021399,8.317964
0.055,10.012273,8.318214
0.056,10.004769,8.318336
0.057,9.997266,8.318460
0.058,9.989761,8.318582
0.059,9.982540,8.318657
0.060,9.976800,8.318481
0.061,9.971060,8.318306
0.062,9.965320,8.318130
0.063,9.959896,8.317157
0.064,9.956132,8.311994
0.065,9.952368,8.306831
0.066,9.948604,8.301668
0.067,9.945081,8.296546
0.068,9.942819,8.291633
0.069,9.940557,8.286720
0.070,9.938294,8.281807
0.071,9.936226,8.277529
0.072,9.935174,8.276584
0.073,9.934121,8.275638
0.074,9.933068,8.274693
0.075,9.932151,8.273867
0.076,9.931943,8.273667
0.077,9.931736,8.273468
0.078,9.931528,8.273269
0.079,9.931402,8.273041
0.080,9.931706,8.272662
0.081,9.932012,8.272283
0.082,9.932316,8.271903
0.083,9.932663,8.271561
0.084,9.933232,8.271411
0.085,9.933802,8.271260
0.086,9.934371,8.271111
0.087,9.934993,8.270967
0.088,9.935896,8.270853
0.089,9.936798,8.270739
0.090,9.937700,8.270625
0.091,9.938670,8.270524
0.092,9.939995,8.270489
0.093,9.941319,8.270453
0.094,9.942644,8.270417
0.095,9.944061,8.270417
0.096,9.945965,8.270605
0.097,9.947868,8.270792
0.098,9.949772,8.270980
0.099,9.951771,8.271213
0.100,9.954275,8.271684
0.101,9.956779,8.272156
0.102,9.959283,8.272627
0.103,9.961841,8.273155
0.104,9.964683,8.273985
0.105,9.967525,8.274815
0.106,9.970367,8.275644
0.107,9.973196,8.276516
0.108,9.975947,8.277604
0.109,9.978699,8.278693
0.110,9.981450,8.279781
0.111,9.984240,8.280854
0.112,9.987233,8.281845
0.113,9.990227,8.282836
0.114,9.993219,8.283827
0.115,9.996283,8.284767
0.116,9.999709,8.285440
0.117,10.003136,8.286114
0.118,10.006562,8.286787
0.119,10.010064,8.287434
0.120,10.013966,8.287938
0.121,10.017866,8.288444
0.122,10.021768,8.288948
0.123,10.025702,8.289436
0.124,10.029816,8.289835
0.125,10.033929,8.290233
0.126,10.038042,8.290631
0.127,10.042157,8.291039
0.128,10.046281,8.291491
0.129,10.050404,8.291943
0.130,10.054527,8.292396
0.131,10.058620,8.292964
0.132,10.062555,8.294147
0.133,10.066490,8.295330
0.134,10.070425,8.296513
0.135,10.074231,8.297712
0.136,10.077357,8.299000
0.137,10.080483,8.300288
0.138,10.083610,8.301576
0.139,10.086572,8.302862
0.140,10.088668,8.304141
0.141,10.090765,8.305420
0.142,10.092861,8.306699
0.143,10.094833,8.307979
0.144,10.096152,8.309259
0.145,10.097470,8.310540
0.146,10.098789,8.311821
0.147,10.100034,8.313092
0.148,10.100893,8.314315
0.149,10.101752,8.315537
0.150,10.102611,8.316760
0.151,10.103445,8.317935
0.152,10.104145,8.318856
0.153,10.104846,8.319778
0.154,10.105546,8.320700
0.155,10.106225,8.321589
0.156,10.106790,8.322312
0.157,10.107355,8.323035
0.158,10.107920,8.323758
0.159,10.108468,8.324579
0.160,10.108928,8.325916
0.161,10.109387,8.327252
0.162,10.109847,8.328589
0.163,10.110296,8.329972
0.164,10.110687,8.331601
0.165,10.111079,8.333230
0.166,10.111471,8.334858
0.167,10.111901,8.336601
0.168,10.112534,8.338945
0.169,10.113166,8.341289
0.170,10.113798,8.343633
0.171,10.114515,8.345984
0.172,10.115679,8.348379
0.173,10.116841,8.350774
0.174,10.118005,8.353169
0.175,10.119267,8.355485
0.176,10.121047,8.357387
0.177,10.122828,8.359288
0.178,10.124609,8.361190
0.179,10.126565,8.363186
0.180,10.129437,8.365677
0.181,10.132310,8.368168
0.182,10.135183,8.370660
0.183,10.138223,8.373158
0.184,10.142136,8.375694
0.185,10.146049,8.378230
0.186,10.149961,8.380766
0.187,10.153981,8.383309
0.188,10.158562,8.385887
0.189,10.163142,8.388466
0.190,10.167723,8.391045
0.191,10.172441,8.393617
0.192,10.177884,8.396159
0.193,10.183328,8.398701
0.194,10.188770,8.401242
0.195,10.194281,8.403675
0.196,10.200146,8.405537
0.197,10.206011,8.407397
0.198,10.211876,8.409259
0.199,10.217859,8.411147
0.200,10.224466,8.413181
0.201,10.231073,8.415215
0.202,10.237680,8.417249
0.203,10.244331,8.419153
0.204,10.251210,8.420381
0.205,10.258089,8.421608
0.206,10.264967,8.422836
0.207,10.271901,8.423988
0.208,10.279124,8.424743
0.209,10.286348,8.425497
0.210,10.293571,8.426251
0.211,10.300776,8.426895
0.212,10.307878,8.426955
0.213,10.314981,8.427016
0.214,10.322083,8.427076
0.215,10.329164,8.427045
0.216,10.336131,8.426535
0.217,10.343100,8.426024
0.218,10.350067,8.425514
0.219,10.356978,8.424951
0.220,10.363593,8.424109
0.221,10.370208,8.423267
0.222,10.376822,8.422425
0.223,10.383318,8.421561
0.224,10.389190,8.420574
0.225,10.395061,8.419588
0.226,10.400933,8.418602
0.227,10.406678,8.417892
0.228,10.411758,8.418633
0.229,10.416839,8.419375
0.230,10.421919,8.420117
0.231,10.426894,8.420914
0.232,10.431323,8.421995
0.233,10.435752,8.423076
0.234,10.440181,8.424156
0.235,10.444458,8.425242
0.236,10.447938,8.426359
0.237,10.451418,8.427476
0.238,10.454899,8.428593
0.239,10.458274,8.429795
0.240,10.461096,8.431450
0.241,10.463919,8.433105
0.242,10.466741,8.434760
0.243,10.469343,8.436606
0.244,10.470791,8.439455
0.245,10.472238,8.442304
0.246,10.473685,8.445152
0.247,10.474979,8.448400
0.248,10.475466,8.453741
0.249,10.475953,8.459084
0.250,10.476439,8.464425
0.251,10.476781,8.469969
0.252,10.476360,8.476573
0.253,10.475939,8.483178
0.254,10.475517,8.489782
0.255,10.475001,8.496475
0.256,10.473991,8.503634
0.257,10.472980,8.510793
0.258,10.471970,8.517952
0.259,10.470861,8.525212
0.260,10.469237,8.533009
0.261,10.467613,8.540805
0.262,10.465989,8.548601
0.263,10.464318,8.556476
0.264,10.462403,8.564760
0.265,10.460489,8.573044
0.266,10.458574,8.581328
0.267,10.456631,8.589518
0.268,10.454531,8.597205
0.269,10.452431,8.604893
0.270,10.450331,8.612581
0.271,10.448227,8.619917
0.272,10.446099,8.625405
0.273,10.443973,8.630895
0.274,10.441845,8.636383
0.275,10.439674,8.640433
0.276,10.437281,8.636926
0.277,10.434887,8.633419
0.278,10.432493,8.629912
0.279,10.430096,8.626408
0.280,10.427674,8.622915
0.281,10.425253,8.619422
0.282,10.422832,8.615929
0.283,10.420380,8.612721
0.284,10.417772,8.611009
0.285,10.415164,8.609296
0.286,10.412557,8.607583
0.287,10.409935,8.606660
0.288,10.407243,8.609882
0.289,10.404551,8.613105
0.290,10.401858,8.616327
0.291,10.399153,8.619246
0.292,10.396375,8.620569
0.293,10.393597,8.621891
0.294,10.390820,8.623214
0.295,10.387999,8.624362
0.296,10.384955,8.624592
0.297,10.381912,8.624823
0.298,10.378869,8.625052
0.299,10.375851,8.625398
0.300,10.372960,8.626347
0.301,10.370070,8.627295
0.302,10.367178,8.628244
0.303,10.364315,8.629179
0.304,10.361600,8.630034
0.305,10.358884,8.630890
0.306,10.356168,8.631745
0.307,10.353478,8.632478
0.308,10.350929,8.632565
0.309,10.348380,8.632650
0.310,10.345831,8.632737
0.311,10.343235,8.632184
0.312,10.340394,8.628273
0.313,10.337552,8.624362
0.314,10.334711,8.620451
0.315,10.331817,8.616188
0.316,10.328648,8.610077
0.317,10.325479,8.603967
0.318,10.322309,8.597856
0.319,10.319172,8.593020
0.320,10.316204,8.594882
0.321,10.313237,8.596743
0.322,10.310269,8.598604
0.323,10.307316,8.600084
0.324,10.304437,8.599566
0.325,10.301558,8.599047
0.326,10.298678,8.598529
0.327,10.295919,8.597713
0.328,10.293793,8.595336
0.329,10.291667,8.592958
0.330,10.289540,8.590582
0.331,10.287535,8.587166
0.332,10.286165,8.578294
0.333,10.284796,8.569422
0.334,10.283425,8.560550
0.335,10.282146,8.551565
0.336,10.281333,8.541986
0.337,10.280521,8.532406
0.338,10.279709,8.522826
0.339,10.278993,8.513179
0.340,10.278776,8.503179
0.341,10.278560,8.493178
0.342,10.278343,8.483178
0.343,10.278178,8.472968
0.344,10.278287,8.461658
0.345,10.278395,8.450348
0.346,10.278503,8.439037
0.347,10.278664,8.427723
0.348,10.279096,8.416386
0.349,10.279528,8.405048
0.350,10.279960,8.393712
0.351,10.280406,8.382423
0.352,10.280922,8.371387
0.353,10.281438,8.360353
0.354,10.281954,8.349317
0.355,10.282574,8.338917
0.356,10.283733,8.331854
0.357,10.284894,8.324792
0.358,10.286054,8.317729
0.359,10.287305,8.311096
0.360,10.289035,8.306724
0.361,10.290765,8.302350
0.362,10.292494,8.297977
0.363,10.294231,8.293745
0.364,10.296008,8.290250
0.365,10.297786,8.286755
0.366,10.299562,8.283259
0.367,10.301296,8.280161
0.368,10.302804,8.279142
0.369,10.304311,8.278124
0.370,10.305819,8.277105
0.371,10.307144,8.276111
0.372,10.307515,8.275243
0.373,10.307885,8.274375
0.374,10.308256,8.273507
0.375,10.308486,8.272694
0.376,10.307982,8.272163
0.377,10.307479,8.271633
0.378,10.306975,8.271102
0.379,10.306366,8.270597
0.380,10.305206,8.270230
0.381,10.304047,8.269862
0.382,10.302887,8.269495
0.383,10.301595,8.269183
0.384,10.299612,8.269165
0.385,10.297629,8.269147
0.386,10.295647,8.269129
0.387,10.293506,8.269105
0.388,10.290540,8.269050
0.389,10.287574,8.268994
0.390,10.284608,8.268939
0.391,10.281485,8.268826
0.392,10.277542,8.268414
0.393,10.273599,8.268001
0.394,10.269655,8.267588
0.395,10.265614,8.267105
0.396,10.261057,8.266259
0.397,10.256499,8.265413
0.398,10.251943,8.264567
0.399,10.247292,8.263694
0.400,10.242148,8.262675
0.401,10.237005,8.261656
0.402,10.231861,8.260637
0.403,10.226654,8.259588
0.404,10.221110,8.258386
0.405,10.215567,8.257183
0.406,10.210024,8.255980
0.407,10.204446,8.254746
0.408,10.198686,8.253345
0.409,10.192926,8.251942
0.410,10.187166,8.250540
0.411,10.181381,8.249171
0.412,10.175466,8.247976
0.413,10.169549,8.246781
0.414,10.163632,8.245586
0.415,10.157790,8.244514
0.416,10.152340,8.244082
0.417,10.146889,8.243651
0.418,10.141438,8.243220
0.419,10.136021,8.242791
0.420,10.130783,8.242372
0.421,10.125545,8.241952
0.422,10.120307,8.241532
0.423,10.115136,8.241136
0.424,10.110318,8.240862
0.425,10.105500,8.240589
0.426,10.100682,8.240315
0.427,10.095996,8.240056
0.428,10.092005,8.239874
0.429,10.088013,8.239692
0.430,10.084021,8.239510
0.431,10.080240,8.239397
0.432,10.077568,8.239651
0.433,10.074896,8.239904
0.434,10.072224,8.240158
0.435,10.069718,8.240637
0.436,10.068094,8.242295
0.437,10.066469,8.243953
0.438,10.064844,8.245611
0.439,10.063391,8.247415
0.440,10.062837,8.249986
0.441,10.062283,8.252556
0.442,10.061728,8.255127
0.443,10.061337,8.257729
0.444,10.061798,8.260492
0.445,10.062261,8.263256
0.446,10.062723,8.266020
0.447,10.063334,8.268714
0.448,10.064727,8.271048
0.449,10.066120,8.273380
0.450,10.067513,8.275713
0.451,10.069049,8.278007
0.452,10.071339,8.280090
0.453,10.073629,8.282175
0.454,10.075919,8.284260
0.455,10.078369,8.286290
0.456,10.081659,8.288034
0.457,10.084949,8.289779
0.458,10.088239,8.291523
0.459,10.091602,8.293176
0.460,10.095353,8.294351
0.461,10.099103,8.295525
0.462,10.102854,8.296700
0.463,10.106640,8.297877
0.464,10.110615,8.299074
0.465,10.114590,8.300272
0.466,10.118565,8.301469
0.467,10.122530,8.302670
0.468,10.126445,8.303885
0.469,10.130361,8.305099
0.470,10.134275,8.306314
0.471,10.138161,8.307535
0.472,10.141886,8.308794
0.473,10.145611,8.310054
0.474,10.149336,8.311313
0.475,10.152956,8.312511
0.476,10.156023,8.313392
0.477,10.159090,8.314273
0.478,10.162157,8.315153
0.479,10.165089,8.315856
0.480,10.167307,8.315625
0.481,10.169526,8.315393
0.482,10.171744,8.315163
0.483,10.173820,8.314905
0.484,10.175148,8.314509
0.485,10.176476,8.314114
0.486,10.177803,8.313718
0.487,10.179009,8.313379
0.488,10.179582,8.313338
0.489,10.180153,8.313297
0.490,10.180725,8.313255
0.491,10.181143,8.313370
0.492,10.180751,8.314301
0.493,10.180358,8.315230
0.494,10.179966,8.316161
0.495,10.179449,8.317200
0.496,10.178282,8.318810
0.497,10.177114,8.320420
0.498,10.175946,8.322030
0.499,10.174619,8.323643
0.500,10.172452,8.325267
0.501,10.170285,8.326891
0.502,10.168118,8.328515
0.503,10.165902,8.330096
0.504,10.163420,8.331447
0.505,10.160938,8.332798
0.506,10.158456,8.334149
0.507,10.156007,8.335503
0.508,10.153732,8.336870
0.509,10.151457,8.338238
0.510,10.149181,8.339605
0.511,10.146955,8.341042
0.512,10.144985,8.342833
0.513,10.143016,8.344625
0.514,10.141047,8.346416
0.515,10.139195,8.348252
0.516,10.137964,8.350319
0.517,10.136734,8.352386
0.518,10.135504,8.354453
0.519,10.134471,8.356563
0.520,10.134480,8.358896
0.521,10.134487,8.361230
0.522,10.134496,8.363564
0.523,10.134789,8.365923
0.524,10.136583,8.368418
0.525,10.138377,8.370912
0.526,10.140171,8.373406
0.527,10.142256,8.375860
0.528,10.145870,8.378102
0.529,10.149485,8.380343
0.530,10.153099,8.382586
0.531,10.156994,8.384770
0.532,10.162355,8.386662
0.533,10.167718,8.388554
0.534,10.173080,8.390445
0.535,10.178715,8.392387
0.536,10.185780,8.394600
0.537,10.192843,8.396813
0.538,10.199908,8.399026
0.539,10.207245,8.401209
0.540,10.216016,8.403234
0.541,10.224786,8.405260
0.542,10.233557,8.407287
0.543,10.242621,8.409534
0.544,10.253230,8.412948
0.545,10.263840,8.416361
0.546,10.274448,8.419774
0.547,10.285236,8.423349
0.548,10.296961,8.427770
0.549,10.308685,8.432191
0.550,10.320410,8.436612
0.551,10.332323,8.441440
0.552,10.345226,8.448400
0.553,10.358130,8.455360
0.554,10.371033,8.462320
0.555,10.384063,8.469911
0.556,10.397762,8.480806
0.557,10.411462,8.491702
0.558,10.425161,8.502598
0.559,10.438831,8.514011
0.560,10.452347,8.528145
0.561,10.465861,8.542277
0.562,10.479376,8.556411
0.563,10.492726,8.570996
0.564,10.505214,8.587956
0.565,10.517702,8.604918
0.566,10.530190,8.621878
0.567,10.542477,8.639167
0.568,10.553715,8.658184
0.569,10.564952,8.677200
0.570,10.576190,8.696218
0.571,10.587345,8.715548
0.572,10.598069,8.736524
0.573,10.608792,8.757500
0.574,10.619516,8.778475
0.575,10.630051,8.799550
0.576,10.639594,8.821144
0.577,10.649138,8.842738
0.578,10.658682,8.864333
0.579,10.668035,8.885678
0.580,10.676388,8.905716
0.581,10.684740,8.925754
0.582,10.693092,8.945792
0.583,10.701162,8.965474
0.584,10.707746,8.983291
0.585,10.714330,9.001108
0.586,10.720913,9.018925
0.587,10.727186,9.035577
0.588,10.731826,9.046118
0.589,10.736466,9.056658
0.590,10.741107,9.067199
0.591,10.745253,9.075946
0.592,10.746804,9.075277
0.593,10.748355,9.074608
0.594,10.749907,9.073939
0.595,10.750812,9.071949
0.596,10.748325,9.063020
0.597,10.745840,9.054090
0.598,10.743354,9.045161
0.599,10.740302,9.035537
0.600,10.734275,9.022260
0.601,10.728247,9.008983
0.602,10.722219,8.995706
0.603,10.715803,8.981849
0.604,10.707346,8.964945
0.605,10.698889,8.948041
0.606,10.690432,8.931137
0.607,10.681819,8.913733
0.608,10.672392,8.893708
0.609,10.662964,8.873683
0.610,10.653537,8.853658
0.611,10.643969,8.833268
0.612,10.633666,8.810969
0.613,10.623363,8.788671
0.614,10.613060,8.766372
0.615,10.602545,8.743766
0.616,10.590917,8.719548
0.617,10.579288,8.695332
0.618,10.567659,8.671114
0.619,10.555915,8.646818
0.620,10.543568,8.622108
0.621,10.531220,8.597400
0.622,10.518873,8.572691
0.623,10.506468,8.548109
0.624,10.493757,8.524193
0.625,10.481048,8.500278
0.626,10.468337,8.476362
0.627,10.455627,8.452747
0.628,10.442917,8.430710
0.629,10.430206,8.408673
0.630,10.417496,8.386636
0.631,10.404819,8.365522
0.632,10.392312,8.349255
0.633,10.379807,8.332987
0.634,10.367300,8.316719
0.635,10.355029,8.302112
0.636,10.343992,8.296224
0.637,10.332955,8.290335
0.638,10.321918,8.284447
0.639,10.311267,8.279464
0.640,10.302640,8.279237
0.641,10.294013,8.279010
0.642,10.285386,8.278784
0.643,10.277154,8.278562
0.644,10.270997,8.278367
0.645,10.264839,8.278172
0.646,10.258682,8.277977
0.647,10.252820,8.277788
0.648,10.248505,8.277636
0.649,10.244189,8.277483
0.650,10.239874,8.277330
0.651,10.235696,8.277188
0.652,10.232237,8.277097
0.653,10.228778,8.277005
0.654,10.225319,8.276914
0.655,10.221992,8.276849
0.656,10.219356,8.276920
0.657,10.216721,8.276992
0.658,10.214085,8.277063
0.659,10.211535,8.277143
0.660,10.209437,8.277269
0.661,10.207339,8.277395
0.662,10.205241,8.277520
0.663,10.203233,8.277653
0.664,10.201692,8.277819
0.665,10.200151,8.277985
0.666,10.198610,8.278152
0.667,10.197145,8.278302
0.668,10.196074,8.278377
0.669,10.195004,8.278450
0.670,10.193934,8.278523
0.671,10.192951,8.278608
0.672,10.192428,8.278754
0.673,10.191905,8.278899
0.674,10.191381,8.279044
0.675,10.190931,8.279217
0.676,10.190867,8.279531
0.677,10.190804,8.279847
0.678,10.190739,8.280162
0.679,10.190762,8.280493
0.680,10.191237,8.280901
0.681,10.191712,8.281310
0.682,10.192188,8.281718
0.683,10.192690,8.282115
0.684,10.193326,8.282449
0.685,10.193962,8.282783
0.686,10.194598,8.283116
0.687,10.195181,8.283437
0.688,10.195481,8.283686
0.689,10.195783,8.283935
0.690,10.196084,8.284184
0.691,10.196353,8.284426
0.692,10.196452,8.284635
0.693,10.196551,8.284844
0.694,10.196651,8.285053
0.695,10.196717,8.285218
0.696,10.196617,8.285153
0.697,10.196517,8.285088
0.698,10.196416,8.285023
0.699,10.196250,8.284928
0.700,10.195740,8.284684
0.701,10.195229,8.284441
0.702,10.194718,8.284197
0.703,10.194149,8.283922
0.704,10.193272,8.283484
0.705,10.192394,8.283047
0.706,10.191517,8.282609
0.707,10.190610,8.282114
0.708,10.189548,8.281315
0.709,10.188486,8.280516
0.710,10.187424,8.279717
0.711,10.186350,8.278923
0.712,10.185214,8.278152
0.713,10.184078,8.277382
0.714,10.182942,8.276611
0.715,10.181810,8.275817
0.716,10.180696,8.274900
0.717,10.179584,8.273984
0.718,10.178470,8.273067
0.719,10.177391,8.272160
0.720,10.176499,8.271300
0.721,10.175607,8.270440
0.722,10.174715,8.269581
0.723,10.173903,8.268769
0.724,10.173510,8.268209
0.725,10.173118,8.267651
0.726,10.172725,8.267091
0.727,10.172409,8.266596
0.728,10.172496,8.266443
0.729,10.172584,8.266290
0.730,10.172671,8.266137
0.731,10.172922,8.265997
0.732,10.174031,8.265924
0.733,10.175141,8.265851
0.734,10.176250,8.265778
0.735,10.177509,8.265718
0.736,10.179552,8.265733
0.737,10.181596,8.265746
0.738,10.183639,8.265759
0.739,10.185867,8.265829
0.740,10.189070,8.266191
0.741,10.192272,8.266554
0.742,10.195474,8.266916
0.743,10.198837,8.267307
0.744,10.203044,8.267851
0.745,10.207252,8.268394
0.746,10.211458,8.268937
0.747,10.215837,8.269540
0.748,10.221116,8.270451
0.749,10.226396,8.271361
0.750,10.231674,8.272273
0.751,10.237074,8.273211
0.752,10.243107,8.274292
0.753,10.249139,8.275373
0.754,10.255172,8.276453
0.755,10.261249,8.277513
0.756,10.267559,8.278458
0.757,10.273870,8.279403
0.758,10.280180,8.280348
0.759,10.286484,8.281229
0.760,10.292753,8.281771
0.761,10.299023,8.282311
0.762,10.305292,8.282853
0.763,10.311502,8.283375
0.764,10.317401,8.283790
0.765,10.323299,8.284205
0.766,10.329198,8.284620
0.767,10.334952,8.285052
0.768,10.339949,8.285573
0.769,10.344945,8.286094
0.770,10.349941,8.286614
0.771,10.354775,8.287090
0.772,10.358755,8.287332
0.773,10.362736,8.287572
0.774,10.366715,8.287812
0.775,10.370417,8.287940
0.776,10.372653,8.287477
0.777,10.374890,8.287014
0.778,10.377127,8.286551
0.779,10.379004,8.286046
0.780,10.379002,8.285322
0.781,10.378998,8.284597
0.782,10.378995,8.283874
0.783,10.378567,8.283215
0.784,10.375909,8.282896
0.785,10.373252,8.282578
0.786,10.370594,8.282261
0.787,10.367631,8.281977
0.788,10.363064,8.281870
0.789,10.358497,8.281763
0.790,10.353930,8.281655
0.791,10.348989,8.281576
0.792,10.342088,8.281645
0.793,10.335186,8.281713
0.794,10.328284,8.281782
0.795,10.321025,8.281880
0.796,10.311891,8.282139
0.797,10.302755,8.282397
0.798,10.293620,8.282656
0.799,10.284210,8.282988
0.800,10.273354,8.283700
0.801,10.262497,8.284412
0.802,10.251640,8.285125
0.803,10.240612,8.285950
0.804,10.228677,8.287359
0.805,10.216742,8.288770
0.806,10.204806,8.290179
0.807,10.192732,8.291842
0.808,10.179926,8.294838
0.809,10.167119,8.297832
0.810,10.154313,8.300828
0.811,10.141447,8.303784
0.812,10.128267,8.306535
0.813,10.115088,8.309286
0.814,10.101909,8.312037
0.815,10.088741,8.314795
0.816,10.075642,8.317584
0.817,10.062542,8.320374
0.818,10.049442,8.323164
0.819,10.036465,8.326137
0.820,10.024123,8.330073
0.821,10.011783,8.334010
0.822,9.999441,8.337947
0.823,9.987329,8.341950
0.824,9.976418,8.346301
0.825,9.965507,8.350651
0.826,9.954596,8.355001
0.827,9.943957,8.359309
0.828,9.934756,8.363391
0.829,9.925555,8.367473
0.830,9.916354,8.371554
0.831,9.907392,8.375655
0.832,9.899677,8.379857
0.833,9.891963,8.384058
0.834,9.884250,8.388260
0.835,9.876794,8.392386
0.836,9.870696,8.396114
0.837,9.864597,8.399843
0.838,9.858500,8.403571
0.839,9.852701,8.407141
0.840,9.848472,8.409878
0.841,9.844243,8.412616
0.842,9.840014,8.415353
0.843,9.836029,8.417928
0.844,9.833321,8.419652
0.845,9.830612,8.421375
0.846,9.827904,8.423100
0.847,9.825397,8.424705
0.848,9.823946,8.425687
0.849,9.822495,8.426669
0.850,9.821043,8.427652
0.851,9.819748,8.428370
0.852,9.819269,8.427705
0.853,9.818790,8.427038
0.854,9.818312,8.426373
0.855,9.817990,8.425672
0.856,9.818496,8.424788
0.857,9.819000,8.423904
0.858,9.819506,8.423020
0.859,9.820161,8.422100
0.860,9.821605,8.420985
0.861,9.823048,8.419870
0.862,9.824492,8.418756
0.863,9.826049,8.417505
0.864,9.828204,8.415547
0.865,9.830359,8.413589
0.866,9.832515,8.411632
0.867,9.834759,8.409682
0.868,9.837470,8.407778
0.869,9.840180,8.405873
0.870,9.842892,8.403969
0.871,9.845643,8.402038
0.872,9.848608,8.399963
0.873,9.851573,8.397888
0.874,9.854538,8.395814
0.875,9.857532,8.393538
0.876,9.860673,8.390198
0.877,9.863813,8.386858
0.878,9.866955,8.383518
0.879,9.870198,8.380118
0.880,9.873980,8.376405
0.881,9.877761,8.372690
0.882,9.881542,8.368977
0.883,9.885368,8.365311
0.884,9.889436,8.361896
0.885,9.893502,8.358480
0.886,9.897570,8.355064
0.887,9.901786,8.352049
0.888,9.906784,8.351131
0.889,9.911783,8.350215
0.890,9.916782,8.349298
0.891,9.921872,8.348732
0.892,9.927440,8.350013
0.893,9.933007,8.351295
0.894,9.938575,8.352575
0.895,9.944246,8.354065
0.896,9.950465,8.356645
0.897,9.956684,8.359224
0.898,9.962903,8.361804
0.899,9.969199,8.364398
0.900,9.975897,8.367068
0.901,9.982594,8.369740
0.902,9.989292,8.372410
0.903,9.996078,8.375087
0.904,10.003329,8.377798
0.905,10.010581,8.380508
0.906,10.017832,8.383220
0.907,10.025089,8.386089
0.908,10.032378,8.389791
0.909,10.039668,8.393494
0.910,10.046957,8.397196
0.911,10.054214,8.400864
0.912,10.061294,8.404353
0.913,10.068374,8.407843
0.914,10.075454,8.411332
0.915,10.082575,8.414975
0.916,10.089914,8.419424
0.917,10.097254,8.423873
0.918,10.104593,8.428322
0.919,10.111942,8.433005
0.920,10.119345,8.438921
0.921,10.126747,8.444837
0.922,10.134150,8.450752
0.923,10.141521,8.456842
0.924,10.148725,8.463855
0.925,10.155930,8.470867
0.926,10.163134,8.477880
0.927,10.170316,8.485430
0.928,10.177377,8.495806
0.929,10.184438,8.506182
0.930,10.191499,8.516559
0.931,10.198489,8.525452
0.932,10.205112,8.526559
0.933,10.211734,8.527666
0.934,10.218356,8.528774
0.935,10.224944,8.529556
0.936,10.231348,8.528633
0.937,10.237753,8.527710
0.938,10.244158,8.526786
0.939,10.250553,8.525578
0.940,10.256900,8.522875
0.941,10.263247,8.520172
0.942,10.269593,8.517469
0.943,10.275872,8.514765
0.944,10.281796,8.512054
0.945,10.287720,8.509344
0.946,10.293643,8.506633
0.947,10.299446,8.504110
0.948,10.304615,8.502576
0.949,10.309785,8.501040
0.950,10.314954,8.499506
0.951,10.320044,8.497902
0.952,10.324718,8.495932
0.953,10.329391,8.493962
0.954,10.334064,8.491992
0.955,10.338678,8.490206
0.956,10.342983,8.489386
0.957,10.347287,8.488565
0.958,10.351592,8.487745
0.959,10.355760,8.486780
0.960,10.359214,8.485059
0.961,10.362667,8.483336
0.962,10.366121,8.481615
0.963,10.369431,8.479787
0.964,10.371986,8.477406
0.965,10.374541,8.475023
0.966,10.377096,8.472641
0.967,10.379404,8.470090
0.968,10.380421,8.466653
0.969,10.381436,8.463216
0.970,10.382452,8.459779
0.971,10.383200,8.456022
0.972,10.382537,8.450588
0.973,10.381874,8.445154
0.974,10.381212,8.439720
0.975,10.380229,8.435491
0.976,10.377563,8.437581
0.977,10.374896,8.439672
0.978,10.372230,8.441763
0.979,10.369261,8.443942
0.980,10.364705,8.446580
0.981,10.360149,8.449219
0.982,10.355594,8.451858
0.983,10.350801,8.454628
0.984,10.344769,8.458089
0.985,10.338735,8.461550
0.986,10.332702,8.465011
0.987,10.326550,8.468474
0.988,10.319782,8.471958
0.989,10.313014,8.475441
0.990,10.306246,8.478925
0.991,10.299376,8.482274
0.992,10.291967,8.484923
0.993,10.284559,8.487573
0.994,10.277151,8.490222
0.995,10.269722,8.492861
0.996,10.262181,8.495446
0.997,10.254640,8.498033
0.998,10.247099,8.500618
0.999,10.239557,8.503006
1.000,10.232012,8.504352
1.001,10.224467,8.505697
1.002,10.216922,8.507043
1.003,10.209418,8.508365
1.004,10.202131,8.509562
1.005,10.194845,8.510758
1.006,10.187558,8.511956
1.007,10.180345,8.513158
1.008,10.173516,8.514383
1.009,10.166687,8.515609
1.010,10.159859,8.516834
1.011,10.153187,8.518105
1.012,10.147337,8.519610
1.013,10.141487,8.521116
1.014,10.135637,8.522622
1.015,10.130011,8.523994
1.016,10.125553,8.524664
1.017,10.121095,8.525333
1.018,10.116637,8.526003
1.019,10.112404,8.526672
1.020,10.109352,8.527341
1.021,10.106299,8.528009
1.022,10.103248,8.528677
1.023,10.100412,8.529332
1.024,10.098714,8.529914
1.025,10.097015,8.530496
1.026,10.095316,8.531077
1.027,10.093760,8.531611
1.028,10.092948,8.531898
1.029,10.092136,8.532183
1.030,10.091326,8.532469
1.031,10.090606,8.532750
1.032,10.090369,8.533005
1.033,10.090132,8.533260
1.034,10.089895,8.533515
1.035,10.089743,8.533735
1.036,10.090037,8.533769
1.037,10.090332,8.533803
1.038,10.090627,8.533836
1.039,10.090943,8.533840
1.040,10.091377,8.533683
1.041,10.091810,8.533526
1.042,10.092244,8.533370
1.043,10.092682,8.533204
1.044,10.093138,8.532987
1.045,10.093595,8.532769
1.046,10.094051,8.532552
1.047,10.094522,8.532329
1.048,10.095074,8.532077
1.049,10.095625,8.531825
1.050,10.096176,8.531574
1.051,10.096743,8.530817
1.052,10.097384,8.527410
1.053,10.098026,8.524001
1.054,10.098668,8.520594
1.055,10.099322,8.517121
1.056,10.100039,8.513312
1.057,10.100755,8.509504
1.058,10.101471,8.505695
1.059,10.102187,8.501891
1.060,10.102901,8.498110
1.061,10.103615,8.494328
1.062,10.104329,8.490547
1.063,10.105060,8.486648
1.064,10.105880,8.482126
1.065,10.106699,8.477605
1.066,10.107518,8.473083
1.067,10.108358,8.468577
1.068,10.109303,8.464156
1.069,10.110250,8.459734
1.070,10.111195,8.455313
1.071,10.112149,8.450923
1.072,10.113153,8.446706
1.073,10.114157,8.442488
1.074,10.115160,8.438271
1.075,10.116151,8.434065
1.076,10.117077,8.429919
1.077,10.118003,8.425774
1.078,10.118929,8.421628
1.079,10.119830,8.417483
1.080,10.120607,8.413342
1.081,10.121384,8.409202
1.082,10.122160,8.405060
1.083,10.122935,8.401509
1.084,10.123706,8.401053
1.085,10.124476,8.400599
1.086,10.125246,8.400144
1.087,10.125991,8.399704
1.088,10.126601,8.399348
1.089,10.127211,8.398993
1.090,10.127821,8.398637
1.091,10.128402,8.398302
1.092,10.128832,8.398072
1.093,10.129262,8.397843
1.094,10.129692,8.397614
1.095,10.130086,8.397906
1.096,10.130290,8.400939
1.097,10.130493,8.403972
1.098,10.130697,8.407005
1.099,10.130842,8.410118
1.100,10.130678,8.413651
1.101,10.130515,8.417183
1.102,10.130351,8.420715
1.103,10.130135,8.424243
1.104,10.129642,8.427741
1.105,10.129149,8.431239
1.106,10.128657,8.434737
1.107,10.128107,8.438352
1.108,10.127257,8.442575
1.109,10.126408,8.446798
1.110,10.125558,8.451021
1.111,10.124642,8.455223
1.112,10.123385,8.459310
1.113,10.122129,8.463396
1.114,10.120872,8.467483
1.115,10.119574,8.471541
1.116,10.118056,8.475454
1.117,10.116539,8.479366
1.118,10.115022,8.483278
1.119,10.113496,8.487183
1.120,10.111926,8.491044
1.121,10.110357,8.494905
1.122,10.108788,8.498767
1.123,10.107213,8.502284
1.124,10.105613,8.503998
1.125,10.104012,8.505711
1.126,10.102410,8.507424
1.127,10.100808,8.508550
1.128,10.099197,8.506589
1.129,10.097588,8.504628
1.130,10.095977,8.502667
1.131,10.094398,8.500673
1.132,10.092988,8.498507
1.133,10.091577,8.496339
1.134,10.090166,8.494171
1.135,10.088782,8.491976
1.136,10.087541,8.489631
1.137,10.086300,8.487286
1.138,10.085058,8.484941
1.139,10.083847,8.482568
1.140,10.082791,8.480046
1.141,10.081736,8.477526
1.142,10.080681,8.475004
1.143,10.079681,8.472477
1.144,10.078976,8.469917
1.145,10.078271,8.467359
1.146,10.077566,8.464800
1.147,10.076921,8.462241
1.148,10.076591,8.459684
1.149,10.076262,8.457129
1.150,10.075932,8.454572
1.151,10.075668,8.452205
1.152,10.075761,8.450835
1.153,10.075852,8.449466
1.154,10.075945,8.448096
1.155,10.076114,8.446809
1.156,10.076683,8.445949
1.157,10.077253,8.445088
1.158,10.077824,8.444228
1.159,10.078443,8.443356
1.160,10.079316,8.442422
1.161,10.080191,8.441487
1.162,10.081065,8.440554
1.163,10.081980,8.439510
1.164,10.083109,8.437893
1.165,10.084237,8.436276
1.166,10.085366,8.434659
1.167,10.086532,8.433390
1.168,10.087893,8.433947
1.169,10.089252,8.434503
1.170,10.090613,8.435060
1.171,10.091989,8.435650
1.172,10.093441,8.436420
1.173,10.094893,8.437191
1.174,10.096346,8.437961
1.175,10.097826,8.438798
1.176,10.099453,8.439986
1.177,10.101080,8.441175
1.178,10.102707,8.442363
1.179,10.104343,8.443583
1.180,10.106030,8.444970
1.181,10.107718,8.446359
1.182,10.109405,8.447746
1.183,10.111096,8.449151
1.184,10.112813,8.450642
1.185,10.114530,8.452132
1.186,10.116246,8.453622
1.187,10.117968,8.455122
1.188,10.119711,8.456671
1.189,10.121455,8.458220
1.190,10.123199,8.459769
1.191,10.124921,8.461324
1.192,10.126532,8.462907
1.193,10.128141,8.464489
1.194,10.129752,8.466071
1.195,10.131334,8.467477
1.196,10.132771,8.467955
1.197,10.134207,8.468432
1.198,10.135644,8.468909
1.199,10.137083,8.469307
1.200,10.138536,8.469281
1.201,10.139989,8.469256
1.202,10.141442,8.469231
1.203,10.142884,8.469093
1.204,10.144267,8.468365
1.205,10.145649,8.467636
1.206,10.147032,8.466908
1.207,10.148377,8.466262
1.208,10.149526,8.466048
1.209,10.150675,8.465836
1.210,10.151823,8.465622
1.211,10.152903,8.465387
1.212,10.153615,8.465042
1.213,10.154327,8.464696
1.214,10.155040,8.464350
1.215,10.155735,8.463951
1.216,10.156338,8.463270
1.217,10.156940,8.462589
1.218,10.157543,8.461909
1.219,10.158083,8.461067
1.220,10.158293,8.459380
1.221,10.158504,8.457692
1.222,10.158713,8.456005
1.223,10.158887,8.454276
1.224,10.158871,8.452329
1.225,10.158854,8.450381
1.226,10.158837,8.448433
1.227,10.158758,8.446471
1.228,10.158354,8.444435
1.229,10.157949,8.442398
1.230,10.157545,8.440362
1.231,10.157091,8.438315
1.232,10.156377,8.436220
1.233,10.155663,8.434124
1.234,10.154949,8.432028
1.235,10.154170,8.430421
1.236,10.153049,8.431384
1.237,10.151928,8.432346
1.238,10.150806,8.433309
1.239,10.149612,8.434262
1.240,10.148035,8.435166
1.241,10.146458,8.436070
1.242,10.144880,8.436975
1.243,10.143166,8.437880
1.244,10.140737,8.438783
1.245,10.138307,8.439686
1.246,10.135877,8.440589
1.247,10.133367,8.441634
1.248,10.130436,8.443429
1.249,10.127505,8.445223
1.250,10.124575,8.447018
1.251,10.121597,8.448840
1.252,10.118380,8.450815
1.253,10.115161,8.452790
1.254,10.111943,8.454765
1.255,10.108734,8.456722
1.256,10.105573,8.458579
1.257,10.102412,8.460436
1.258,10.099252,8.462293
1.259,10.095990,8.464179
1.260,10.092196,8.466216
1.261,10.088404,8.468253
1.262,10.084610,8.470291
1.263,10.080819,8.472458
1.264,10.077041,8.475310
1.265,10.073263,8.478162
1.266,10.069485,8.481013
1.267,10.065720,8.483892
1.268,10.062023,8.486911
1.269,10.058327,8.489930
1.270,10.054631,8.492949
1.271,10.050952,8.495952
1.272,10.047361,8.498865
1.273,10.043771,8.501779
1.274,10.040180,8.504693
1.275,10.036612,8.507561
1.276,10.033159,8.510187
1.277,10.029706,8.512814
1.278,10.026254,8.515440
1.279,10.022852,8.517544
1.280,10.019714,8.516909
1.281,10.016577,8.516273
1.282,10.013439,8.515636
1.283,10.010369,8.514999
1.284,10.007655,8.514354
1.285,10.004942,8.513708
1.286,10.002228,8.513062
1.287,9.999603,8.512412
1.288,9.997443,8.511739
1.289,9.995284,8.511066
1.290,9.993125,8.510393
1.291,9.991005,8.509695
1.292,9.989090,8.508869
1.293,9.987176,8.508042
1.294,9.985261,8.507215
1.295,9.983394,8.506395
1.296,9.981774,8.505606
1.297,9.980155,8.504816
1.298,9.978536,8.504026
1.299,9.976935,8.503327
1.300,9.975438,8.503101
1.301,9.973942,8.502874
1.302,9.972445,8.502647
1.303,9.971066,8.502432
1.304,9.970302,8.502273
1.305,9.969538,8.502113
1.306,9.968775,8.501954
1.307,9.968038,8.501778
1.308,9.967441,8.501511
1.309,9.966845,8.501243
1.310,9.966248,8.500976
1.311,9.965675,8.500667
1.312,9.965227,8.500143
1.313,9.964778,8.499620
1.314,9.964330,8.499097
1.315,9.963947,8.498562
1.316,9.963909,8.497968
1.317,9.963872,8.497374
1.318,9.963834,8.496779
1.319,9.963920,8.496225
1.320,9.964654,8.495886
1.321,9.965388,8.495547
1.322,9.966122,8.495208
1.323,9.967022,8.494896
1.324,9.968792,8.494729
1.325,9.970561,8.494561
1.326,9.972331,8.494394
1.327,9.974267,8.494208
1.328,9.977073,8.493922
1.329,9.979879,8.493635
1.330,9.982685,8.493349
1.331,9.985668,8.493058
1.332,9.989575,8.492743
1.333,9.993483,8.492426
1.334,9.997390,8.492110
1.335,10.001570,8.491803
1.336,10.007178,8.491540
1.337,10.012787,8.491276
1.338,10.018395,8.491013
1.339,10.024314,8.490740
1.340,10.031860,8.490420
1.341,10.039407,8.490100
1.342,10.046953,8.489779
1.343,10.054847,8.489404
1.344,10.064559,8.488737
1.345,10.074272,8.488070
1.346,10.083984,8.487403
1.347,10.094001,8.486697
1.348,10.105613,8.485790
1.349,10.117226,8.484883
1.350,10.128838,8.483976
1.351,10.140651,8.483053
1.352,10.153519,8.482045
1.353,10.166387,8.481036
1.354,10.179255,8.480028
1.355,10.192366,8.479253
1.356,10.206755,8.479697
1.357,10.221144,8.480143
1.358,10.235533,8.480588
1.359,10.250035,8.481421
1.360,10.265136,8.484293
1.361,10.280235,8.487164
1.362,10.295335,8.490037
1.363,10.310395,8.493826
1.364,10.325246,8.502436
1.365,10.340096,8.511045
1.366,10.354947,8.519654
1.367,10.369723,8.528613
1.368,10.384103,8.539405
1.369,10.398482,8.550197
1.370,10.412862,8.560988
1.371,10.427179,8.572111
1.372,10.441166,8.584973
1.373,10.455153,8.597835
1.374,10.469141,8.610697
1.375,10.483022,8.623855
1.376,10.496340,8.638563
1.377,10.509659,8.653272
1.378,10.522978,8.667980
1.379,10.536155,8.683143
1.380,10.548587,8.700684
1.381,10.561019,8.718225
1.382,10.573452,8.735766
1.383,10.585642,8.753718
1.384,10.596564,8.773829
1.385,10.607487,8.793939
1.386,10.618409,8.814050
1.387,10.629031,8.834370
1.388,10.638082,8.855790
1.389,10.647132,8.877211
1.390,10.656182,8.898631
1.391,10.664911,8.920103
1.392,10.671954,8.941847
1.393,10.678998,8.963592
1.394,10.686042,8.985335
1.395,10.692871,9.007010
1.396,10.698572,9.028323
1.397,10.704273,9.049636
1.398,10.709974,9.070949
1.399,10.715346,9.091928
1.400,10.718987,9.111150
1.401,10.722627,9.130372
1.402,10.726268,9.149594
1.403,10.729583,9.165164
1.404,10.731192,9.161555
1.405,10.732800,9.157948
1.406,10.734410,9.154340
1.407,10.735747,9.149807
1.408,10.735660,9.140418
1.409,10.735572,9.131029
1.410,10.735483,9.121640
1.411,10.735093,9.111908
1.412,10.733114,9.100372
1.413,10.731136,9.088837
1.414,10.729157,9.077301
1.415,10.726821,9.065489
1.416,10.722605,9.052221
1.417,10.718389,9.038954
1.418,10.714172,9.025686
1.419,10.709660,9.012194
1.420,10.703585,8.997522
1.421,10.697509,8.982850
1.422,10.691434,8.968179
1.423,10.685043,8.953055
1.424,10.676995,8.935562
1.425,10.668947,8.918069
1.426,10.660899,8.900576
1.427,10.652565,8.882797
1.428,10.642731,8.863523
1.429,10.632895,8.844248
1.430,10.623060,8.824973
1.431,10.613053,8.805470
1.432,10.602139,8.784763
1.433,10.591223,8.764057
1.434,10.580308,8.743350
1.435,10.569310,8.722540
1.436,10.557880,8.701181
1.437,10.546450,8.679824
1.438,10.535019,8.658465
1.439,10.523525,8.637155
1.440,10.511701,8.616094
1.441,10.499876,8.595032
1.442,10.488050,8.573971
1.443,10.476233,8.553051
1.444,10.464457,8.532873
1.445,10.452681,8.512696
1.446,10.440904,8.492518
1.447,10.429278,8.475666
1.448,10.418449,8.476268
1.449,10.407621,8.476870
1.450,10.396792,8.477472
1.451,10.386147,8.478111
1.452,10.376468,8.478949
1.453,10.366789,8.479785
1.454,10.357109,8.480621
1.455,10.347648,8.481462
1.456,10.339335,8.482325
1.457,10.331022,8.483188
1.458,10.322710,8.484050
1.459,10.314686,8.484880
1.460,10.308179,8.485541
1.461,10.301672,8.486202
1.462,10.295165,8.486864
1.463,10.288903,8.487466
1.464,10.283935,8.487760
1.465,10.278966,8.488052
1.466,10.273997,8.488346
1.467,10.269293,8.488585
1.468,10.265972,8.488545
1.469,10.262651,8.488505
1.470,10.259331,8.488465
1.471,10.256274,8.488297
1.472,10.254608,8.487454
1.473,10.252942,8.486612
1.474,10.251276,8.485770
1.475,10.249757,8.484879
1.476,10.249013,8.483729
1.477,10.248269,8.482581
1.478,10.247524,8.481432
1.479,10.246935,8.480177
1.480,10.247158,8.478367
1.481,10.247381,8.476557
1.482,10.247604,8.474747
1.483,10.247910,8.472830
1.484,10.248652,8.470359
1.485,10.249394,8.467888
1.486,10.250136,8.465417
1.487,10.250957,8.462949
1.488,10.252184,8.460492
1.489,10.253410,8.458035
1.490,10.254638,8.455580
1.491,10.255893,8.453049
1.492,10.257297,8.450129
1.493,10.258700,8.447207
1.494,10.260104,8.444286
1.495,10.261521,8.441307
1.496,10.263013,8.438020
1.497,10.264504,8.434732
1.498,10.265995,8.431445
1.499,10.267482,8.428156
1.500,10.268945,8.424851
1.501,10.270408,8.421547
1.502,10.271871,8.418242
1.503,10.273291,8.415015
1.504,10.274486,8.412188
1.505,10.275681,8.409360
1.506,10.276875,8.406532
1.507,10.278036,8.403710
1.508,10.279014,8.400912
1.509,10.279991,8.398115
1.510,10.280969,8.395317
1.511,10.281856,8.392535
1.512,10.282267,8.389836
1.513,10.282677,8.387136
1.514,10.283088,8.384438
1.515,10.283428,8.381737
1.516,10.283401,8.379033
1.517,10.283374,8.376328
1.518,10.283346,8.373624
1.519,10.283302,8.371027
1.520,10.283175,8.368994
1.521,10.283046,8.366961
1.522,10.282917,8.364927
1.523,10.282698,8.363085
1.524,10.282000,8.362247
1.525,10.281302,8.361409
1.526,10.280604,8.360572
1.527,10.279877,8.359874
1.528,10.278987,8.359909
1.529,10.278098,8.359943
1.530,10.277208,8.359979
1.531,10.276286,8.360007
1.532,10.275188,8.360004
1.533,10.274090,8.360002
1.534,10.272992,8.359999
1.535,10.271861,8.360051
1.536,10.270555,8.360394
1.537,10.269248,8.360739
1.538,10.267941,8.361083
1.539,10.266608,8.361523
1.540,10.265137,8.362467
1.541,10.263665,8.363410
1.542,10.262193,8.364353
1.543,10.260702,8.365306
1.544,10.259109,8.366309
1.545,10.257515,8.367312
1.546,10.255921,8.368316
1.547,10.254332,8.369265
1.548,10.252756,8.369929
1.549,10.251181,8.370593
1.550,10.249605,8.371258
1.551,10.248052,8.371944
1.552,10.246613,8.372747
1.553,10.245173,8.373551
1.554,10.243734,8.374354
1.555,10.242332,8.375189
1.556,10.241124,8.376184
1.557,10.239917,8.377179
1.558,10.238709,8.378174
1.559,10.237528,8.379166
1.560,10.236487,8.380139
1.561,10.235447,8.381113
1.562,10.234406,8.382087
1.563,10.233375,8.382985
1.564,10.232383,8.383486
1.565,10.231392,8.383986
1.566,10.230401,8.384487
1.567,10.229431,8.384795
1.568,10.228571,8.384092
1.569,10.227711,8.383389
1.570,10.226851,8.382686
1.571,10.226005,8.381966
1.572,10.225235,8.381154
1.573,10.224465,8.380342
1.574,10.223696,8.379530
1.575,10.222940,8.378724
1.576,10.222260,8.377947
1.577,10.221580,8.377170
1.578,10.220899,8.376392
1.579,10.220240,8.375574
1.580,10.219690,8.374544
1.581,10.219141,8.373514
1.582,10.218592,8.372483
1.583,10.218072,8.371334
1.584,10.217710,8.369558
1.585,10.217348,8.367782
1.586,10.216987,8.366005
1.587,10.216667,8.364170
1.588,10.216570,8.362026
1.589,10.216473,8.359881
1.590,10.216375,8.357738
1.591,10.216329,8.355563
1.592,10.216552,8.353235
1.593,10.216774,8.350907
1.594,10.216996,8.348579
1.595,10.217291,8.346149
1.596,10.217967,8.343182
1.597,10.218642,8.340214
1.598,10.219317,8.337246
1.599,10.220069,8.334262
1.600,10.221218,8.331193
1.601,10.222367,8.328125
1.602,10.223517,8.325056
1.603,10.224706,8.322012
1.604,10.226098,8.319095
1.605,10.227490,8.316177
1.606,10.228883,8.313260
1.607,10.230283,8.310443
1.608,10.231716,8.308149
1.609,10.233150,8.305856
1.610,10.234584,8.303561
1.611,10.236016,8.301473
1.612,10.237442,8.300458
1.613,10.238868,8.299444
1.614,10.240293,8.298429
1.615,10.241660,8.297452
1.616,10.242724,8.296662
1.617,10.243788,8.295873
1.618,10.244851,8.295083
1.619,10.245852,8.294459
1.620,10.246524,8.294707
1.621,10.247195,8.294955
1.622,10.247867,8.295203
1.623,10.248496,8.295538
1.624,10.248910,8.296323
1.625,10.249324,8.297108
1.626,10.249738,8.297893
1.627,10.250125,8.298730
1.628,10.250368,8.299848
1.629,10.250611,8.300964
1.630,10.250855,8.302082
1.631,10.251055,8.303159
1.632,10.251026,8.304023
1.633,10.250997,8.304886
1.634,10.250968,8.305750
1.635,10.250900,8.306633
1.636,10.250632,8.307615
1.637,10.250365,8.308597
1.638,10.250097,8.309579
1.639,10.249761,8.310632
1.640,10.249061,8.312056
1.641,10.248362,8.313479
1.642,10.247662,8.314903
1.643,10.246884,8.316278
1.644,10.245696,8.317395
1.645,10.244508,8.318513
1.646,10.243320,8.319631
1.647,10.242087,8.320714
1.648,10.240619,8.321620
1.649,10.239151,8.322527
1.650,10.237683,8.323433
1.651,10.236206,8.324280
1.652,10.234680,8.324816
1.653,10.233153,8.325353
1.654,10.231627,8.325890
1.655,10.230091,8.326476
1.656,10.228499,8.327326
1.657,10.226907,8.328176
1.658,10.225315,8.329025
1.659,10.223736,8.329868
1.660,10.222219,8.330670
1.661,10.220704,8.331472
1.662,10.219189,8.332274
1.663,10.217671,8.332871
1.664,10.216145,8.332392
1.665,10.214618,8.331913
1.666,10.213091,8.331434
1.667,10.211534,8.330754
1.668,10.209816,8.329018
1.669,10.208099,8.327281
1.670,10.206382,8.325544
1.671,10.204557,8.323806
1.672,10.202166,8.322061
1.673,10.199774,8.320314
1.674,10.197382,8.318569
1.675,10.194871,8.316909
1.676,10.191733,8.315701
1.677,10.188596,8.314493
1.678,10.185458,8.313285
1.679,10.182169,8.312085
1.680,10.178085,8.310928
1.681,10.174001,8.309772
1.682,10.169917,8.308615
1.683,10.165704,8.307504
1.684,10.160807,8.306632
1.685,10.155910,8.305761
1.686,10.151014,8.304890
1.687,10.146035,8.304557
1.688,10.140624,8.307049
1.689,10.135213,8.309541
1.690,10.129801,8.312032
1.691,10.124331,8.314583
1.692,10.118553,8.317447
1.693,10.112775,8.320310
1.694,10.106997,8.323173
1.695,10.101221,8.326035
1.696,10.095461,8.328893
1.697,10.089702,8.331750
1.698,10.083942,8.334607
1.699,10.078247,8.337180
1.700,10.072890,8.338256
1.701,10.067533,8.339332
1.702,10.062177,8.340407
1.703,10.056992,8.341480
1.704,10.052707,8.342537
1.705,10.048423,8.343594
1.706,10.044138,8.344650
1.707,10.040089,8.345915
1.708,10.037278,8.348270
1.709,10.034467,8.350626
1.710,10.031656,8.352981
1.711,10.029075,8.355823
1.712,10.027697,8.361217
1.713,10.026318,8.366612
1.714,10.024940,8.372006
1.715,10.023922,8.377569
1.716,10.024798,8.384009
1.717,10.025675,8.390450
1.718,10.026551,8.396891
1.719,10.027778,8.403162
1.720,10.030839,8.408545
1.721,10.033901,8.413930
1.722,10.036963,8.419313
1.723,10.040362,8.424502
1.724,10.045530,8.428668
1.725,10.050699,8.432834
1.726,10.055867,8.437000
1.727,10.061343,8.441117
1.728,10.068434,8.444978
1.729,10.075525,8.448838
1.730,10.082616,8.452699
1.731,10.089911,8.456025
1.732,10.098275,8.456545
1.733,10.106640,8.457066
1.734,10.115005,8.457585
1.735,10.123493,8.457938
1.736,10.132629,8.457415
1.737,10.141766,8.456891
1.738,10.150903,8.456367
1.739,10.160099,8.455888
1.740,10.169614,8.455647
1.741,10.179128,8.455404
1.742,10.188643,8.455163
1.743,10.198108,8.455157
1.744,10.207316,8.456390
1.745,10.216524,8.457623
1.746,10.225733,8.458856
1.747,10.234740,8.460739
1.748,10.242690,8.466041
1.749,10.250640,8.471341
1.750,10.258591,8.476643
1.751,10.266363,8.482102
1.752,10.273208,8.488400
1.753,10.280052,8.494696
1.754,10.286897,8.500992
1.755,10.293574,8.506981
1.756,10.299376,8.511356
1.757,10.305178,8.515733
1.758,10.310979,8.520108
1.759,10.316572,8.524361
1.760,10.321075,8.527968
1.761,10.325578,8.531575
1.762,10.330080,8.535183
1.763,10.334374,8.538946
1.764,10.337574,8.543530
1.765,10.340774,8.548112
1.766,10.343973,8.552695
1.767,10.346990,8.556415
1.768,10.349043,8.555599
1.769,10.351097,8.554784
1.770,10.353150,8.553968
1.771,10.355021,8.552515
1.772,10.355933,8.547709
1.773,10.356846,8.542904
1.774,10.357758,8.538099
1.775,10.358514,8.533357
1.776,10.358458,8.528948
1.777,10.358400,8.524539
1.778,10.358344,8.520130
1.779,10.358148,8.515861
1.780,10.357218,8.512321
1.781,10.356288,8.508782
1.782,10.355358,8.505242
1.783,10.354249,8.501656
1.784,10.352200,8.497815
1.785,10.350151,8.493975
1.786,10.348102,8.490134
1.787,10.345908,8.486268
1.788,10.342960,8.482270
1.789,10.340013,8.478271
1.790,10.337065,8.474274
1.791,10.334114,8.469622
1.792,10.331149,8.461536
1.793,10.328185,8.453451
1.794,10.325220,8.445366
1.795,10.322218,8.436969
1.796,10.319018,8.426939
1.797,10.315819,8.416908
1.798,10.312618,8.406878
1.799,10.309433,8.396829
1.800,10.306321,8.386676
1.801,10.303208,8.376523
1.802,10.300097,8.366370
1.803,10.297042,8.356195
1.804,10.294291,8.345904
1.805,10.291540,8.335612
1.806,10.288790,8.325320
1.807,10.286078,8.315044
1.808,10.283572,8.304852
1.809,10.281067,8.294659
1.810,10.278562,8.284466
1.811,10.276121,8.275341
1.812,10.274022,8.271828
1.813,10.271923,8.268313
1.814,10.269825,8.264800
1.815,10.267738,8.261928
1.816,10.265716,8.262422
1.817,10.263694,8.262915
1.818,10.261671,8.263409
1.819,10.259721,8.263844
1.820,10.258146,8.263979
1.821,10.256573,8.264112
1.822,10.254998,8.264247
1.823,10.253479,8.264368
1.824,10.252247,8.264420
1.825,10.251014,8.264471
1.826,10.249782,8.264523
1.827,10.248671,8.264698
1.828,10.248198,8.265522
1.829,10.247725,8.266346
1.830,10.247252,8.267170
1.831,10.246935,8.268120
1.832,10.247441,8.269726
1.833,10.247947,8.271333
1.834,10.248453,8.272940
1.835,10.249061,8.274549
1.836,10.250197,8.276179
1.837,10.251334,8.277808
1.838,10.252471,8.279437
1.839,10.253670,8.280981
1.840,10.255195,8.282078
1.841,10.256720,8.283174
1.842,10.258245,8.284270
1.843,10.259846,8.285246
1.844,10.261850,8.285583
1.845,10.263855,8.285919
1.846,10.265860,8.286256
1.847,10.267781,8.286419
1.848,10.269271,8.285670
1.849,10.270761,8.284922
1.850,10.272251,8.284173
1.851,10.273680,8.283379
1.852,10.274790,8.282341
1.853,10.275899,8.281303
1.854,10.277009,8.280267
1.855,10.278045,8.279183
1.856,10.278696,8.277860
1.857,10.279346,8.276536
1.858,10.279998,8.275212
1.859,10.280623,8.273898
1.860,10.281118,8.272637
1.861,10.281613,8.271376
1.862,10.282108,8.270115
1.863,10.282550,8.268909
1.864,10.282713,8.267993
1.865,10.282875,8.267077
1.866,10.283038,8.266162
1.867,10.283216,8.265250
1.868,10.283476,8.264365
1.869,10.283735,8.263480
1.870,10.283995,8.262595
1.871,10.284268,8.261607
1.872,10.284616,8.260084
1.873,10.284966,8.258561
1.874,10.285315,8.257038
1.875,10.285698,8.255432
1.876,10.286266,8.253386
1.877,10.286835,8.251341
1.878,10.287403,8.249295
1.879,10.287967,8.247336
1.880,10.288503,8.245837
1.881,10.289039,8.244337
1.882,10.289575,8.242838
1.883,10.290045,8.241451
1.884,10.290167,8.240656
1.885,10.290290,8.239861
1.886,10.290413,8.239065
1.887,10.290431,8.238382
1.888,10.289900,8.238292
1.889,10.289369,8.238201
1.890,10.288837,8.238111
1.891,10.288280,8.238147
1.892,10.287583,8.238842
1.893,10.286888,8.239537
1.894,10.286192,8.240232
1.895,10.285497,8.240964
1.896,10.284804,8.241889
1.897,10.284113,8.242815
1.898,10.283421,8.243740
1.899,10.282700,8.244662
1.900,10.281825,8.245571
1.901,10.280950,8.246480
1.902,10.280075,8.247389
1.903,10.279170,8.248262
1.904,10.278109,8.248957
1.905,10.277047,8.249651
1.906,10.275987,8.250345
1.907,10.274882,8.251080
1.908,10.273551,8.252018
1.909,10.272220,8.252957
1.910,10.270888,8.253896
1.911,10.269530,8.254826
1.912,10.268033,8.255706
1.913,10.266537,8.256586
1.914,10.265039,8.257466
1.915,10.263458,8.258333
1.916,10.261435,8.259125
1.917,10.259411,8.259917
1.918,10.257387,8.260709
1.919,10.255216,8.261462
1.920,10.252267,8.262011
1.921,10.249317,8.262558
1.922,10.246368,8.263106
1.923,10.243333,8.263531
1.924,10.239843,8.263302
1.925,10.236355,8.263073
1.926,10.232865,8.262844
1.927,10.229339,8.262569
1.928,10.225615,8.262052
1.929,10.221891,8.261534
1.930,10.218167,8.261015
1.931,10.214391,8.260532
1.932,10.210339,8.260236
1.933,10.206287,8.259938
1.934,10.202235,8.259642
1.935,10.198112,8.259374
1.936,10.193609,8.259257
1.937,10.189107,8.259141
1.938,10.184605,8.259025
1.939,10.180036,8.258908
1.940,10.175112,8.258788
1.941,10.170187,8.258667
1.942,10.165263,8.258547
1.943,10.160296,8.258432
1.944,10.155103,8.258350
1.945,10.149909,8.258268
1.946,10.144715,8.258186
1.947,10.139453,8.258146
1.948,10.133833,8.258326
1.949,10.128213,8.258504
1.950,10.122593,8.258682
1.951,10.116965,8.258831
1.952,10.111300,8.258820
1.953,10.105635,8.258808
1.954,10.099969,8.258796
1.955,10.094274,8.258802
1.956,10.088419,8.258906
1.957,10.082564,8.259010
1.958,10.076710,8.259114
1.959,10.070854,8.259207
1.960,10.064992,8.259240
1.961,10.059131,8.259274
1.962,10.053269,8.259307
1.963,10.047510,8.259339
1.964,10.042286,8.259371
1.965,10.037062,8.259401
1.966,10.031837,8.259433
1.967,10.026707,8.259501
1.968,10.022062,8.259764
1.969,10.017419,8.260028
1.970,10.012774,8.260291
1.971,10.008216,8.260563
1.972,10.004103,8.260879
1.973,9.999989,8.261194
1.974,9.995875,8.261511
1.975,9.991840,8.261793
1.976,9.988217,8.261903
1.977,9.984594,8.262012
1.978,9.980971,8.262121
1.979,9.977442,8.262277
1.980,9.974399,8.262674
1.981,9.971356,8.263073
1.982,9.968314,8.263471
1.983,9.965361,8.263888
1.984,9.962873,8.264410
1.985,9.960385,8.264931
1.986,9.957898,8.265452
1.987,9.955479,8.265985
1.988,9.953414,8.266576
1.989,9.951349,8.267166
1.990,9.949285,8.267757
1.991,9.947321,8.268319
1.992,9.945884,8.268732
1.993,9.944448,8.269145
1.994,9.943010,8.269557
1.995,9.941632,8.269963
1.996,9.940562,8.270330
1.997,9.939492,8.270698
1.998,9.938422,8.271065
1.999,9.937431,8.271399
2.000,9.936862,8.271556
2.001,9.936293,8.271713
2.002,9.935723,8.271871
2.003,9.935227,8.272009
2.004,9.935123,8.272053
2.005,9.935019,8.272097
2.006,9.934915,8.272141
2.007,9.934793,8.272192
2.008,9.934581,8.272280
2.009,9.934368,8.272367
2.010,9.934156,8.272456
2.011,9.933931,8.272585
2.012,9.933641,8.272928
2.013,9.933351,8.273272
2.014,9.933061,8.273615
2.015,9.932775,8.273947
2.016,9.932513,8.274220
2.017,9.932253,8.274494
2.018,9.931992,8.274768
2.019,9.931774,8.275041
2.020,9.931787,8.275306
2.021,9.931799,8.275571
2.022,9.931811,8.275836
2.023,9.931902,8.276021
2.024,9.932402,8.275784
2.025,9.932900,8.275548
2.026,9.933400,8.275311
2.027,9.933943,8.275040
2.028,9.934709,8.274580
2.029,9.935474,8.274119
2.030,9.936240,8.273660
2.031,9.937073,8.273198
2.032,9.938250,8.272727
2.033,9.939427,8.272256
2.034,9.940604,8.271785
2.035,9.941820,8.271360
2.036,9.943240,8.271180
2.037,9.944660,8.271000
2.038,9.946080,8.270820
2.039,9.947548,8.270643
2.040,9.949264,8.270490
2.041,9.950979,8.270335
2.042,9.952695,8.270182
2.043,9.954434,8.270035
2.044,9.956297,8.269926
2.045,9.958160,8.269818
2.046,9.960023,8.269710
2.047,9.961933,8.269624
2.048,9.964092,8.269650
2.049,9.966251,8.269678
2.050,9.968410,8.269705
2.051,9.970628,8.269728
2.052,9.973152,8.269725
2.053,9.975676,8.269722
2.054,9.978199,8.269719
2.055,9.980785,8.269680
2.056,9.983703,8.269449
2.057,9.986620,8.269218
2.058,9.989537,8.268987
2.059,9.992526,8.268778
2.060,9.995893,8.268681
2.061,9.999262,8.268583
2.062,10.002629,8.268486
2.063,10.005999,8.268435
2.064,10.009376,8.268634
2.065,10.012753,8.268832
2.066,10.016130,8.269030
2.067,10.019485,8.269267
2.068,10.022722,8.269708
2.069,10.025960,8.270148
2.070,10.029197,8.270589
2.071,10.032406,8.271040
2.072,10.035468,8.271544
2.073,10.038531,8.272048
2.074,10.041594,8.272552
2.075,10.044646,8.273061
2.076,10.047647,8.273591
2.077,10.050649,8.274121
2.078,10.053650,8.274652
2.079,10.056623,8.275138
2.080,10.059444,8.275396
2.081,10.062267,8.275655
2.082,10.065089,8.275913
2.083,10.067868,8.276170
2.084,10.070420,8.276415
2.085,10.072972,8.276660
2.086,10.075524,8.276905
2.087,10.078030,8.277154
2.088,10.080289,8.277423
2.089,10.082548,8.277692
2.090,10.084806,8.277960
2.091,10.086986,8.278234
2.092,10.088745,8.278535
2.093,10.090505,8.278835
2.094,10.092263,8.279136
2.095,10.093979,8.279425
2.096,10.095466,8.279652
2.097,10.096952,8.279879
2.098,10.098439,8.280106
2.099,10.099846,8.280277
2.100,10.100830,8.280155
2.101,10.101814,8.280033
2.102,10.102798,8.279911
2.103,10.103705,8.279755
2.104,10.104212,8.279411
2.105,10.104718,8.279069
2.106,10.105225,8.278727
2.107,10.105710,8.278329
2.108,10.106083,8.277645
2.109,10.106456,8.276960
2.110,10.106829,8.276277
2.111,10.107181,8.275588
2.112,10.107417,8.274881
2.113,10.107654,8.274174
2.114,10.107890,8.273467
2.115,10.108144,8.272788
2.116,10.108485,8.272255
2.117,10.108827,8.271722
2.118,10.109167,8.271189
2.119,10.109531,8.270683
2.120,10.110011,8.270323
2.121,10.110492,8.269963
2.122,10.110971,8.269603
2.123,10.111507,8.269305
2.124,10.112334,8.269338
2.125,10.113162,8.269370
2.126,10.113989,8.269403
2.127,10.114881,8.269443
2.128,10.116105,8.269527
2.129,10.117331,8.269612
2.130,10.118555,8.269696
2.131,10.119853,8.269738
2.132,10.121533,8.269556
2.133,10.123214,8.269374
2.134,10.124894,8.269192
2.135,10.126689,8.268931
2.136,10.129084,8.268266
2.137,10.131478,8.267599
2.138,10.133873,8.266933
2.139,10.136358,8.266220
2.140,10.139322,8.265259
2.141,10.142286,8.264298
2.142,10.145249,8.263337
2.143,10.148336,8.262424
2.144,10.152067,8.261761
2.145,10.155798,8.261097
2.146,10.159530,8.260433
2.147,10.163383,8.259871
2.148,10.167875,8.259839
2.149,10.172368,8.259808
2.150,10.176862,8.259775
2.151,10.181394,8.259830
2.152,10.186133,8.260344
2.153,10.190872,8.260857
2.154,10.195612,8.261369
2.155,10.200394,8.261938
2.156,10.205403,8.262801
2.157,10.210412,8.263663
2.158,10.215422,8.264526
2.159,10.220469,8.265371
2.160,10.225721,8.266119
2.161,10.230972,8.266868
2.162,10.236224,8.267616
2.163,10.241504,8.268355
2.164,10.246934,8.269050
2.165,10.252365,8.269744
2.166,10.257795,8.270438
2.167,10.263330,8.271089
2.168,10.269418,8.271507
2.169,10.275505,8.271926
2.170,10.281591,8.272345
2.171,10.287703,8.272840
2.172,10.293935,8.273731
2.173,10.300168,8.274623
2.174,10.306401,8.275515
2.175,10.312696,8.276479
2.176,10.319321,8.277822
2.177,10.325945,8.279165
2.178,10.332569,8.280509
2.179,10.339268,8.282672
2.180,10.346359,8.289136
2.181,10.353451,8.295600
2.182,10.360543,8.302064
2.183,10.367650,8.308602
2.184,10.374836,8.315531
2.185,10.382022,8.322458
2.186,10.389208,8.329386
2.187,10.396376,8.336322
2.188,10.403442,8.343303
2.189,10.410509,8.350284
2.190,10.417576,8.357265
2.191,10.424577,8.364246
2.192,10.431236,8.371235
2.193,10.437896,8.378222
2.194,10.444554,8.385210
2.195,10.451202,8.392424
2.196,10.457786,8.400821
2.197,10.464370,8.409219
2.198,10.470954,8.417616
2.199,10.477511,8.426220
2.200,10.483932,8.435907
2.201,10.490353,8.445595
2.202,10.496774,8.455281
2.203,10.503149,8.465195
2.204,10.509290,8.476295
2.205,10.515430,8.487394
2.206,10.521571,8.498494
2.207,10.527611,8.509704
2.208,10.533121,8.521487
2.209,10.538630,8.533272
2.210,10.544141,8.545055
2.211,10.549441,8.556910
2.212,10.553643,8.569135
2.213,10.557844,8.581361
2.214,10.562046,8.593586
2.215,10.566142,8.605859
2.216,10.569682,8.618384
2.217,10.573222,8.630910
2.218,10.576762,8.643435
2.219,10.580118,8.656013
2.220,10.582511,8.668858
2.221,10.584903,8.681702
2.222,10.587296,8.694547
2.223,10.589415,8.706789
2.224,10.590099,8.715864
2.225,10.590783,8.724939
2.226,10.591468,8.734015
2.227,10.591946,8.743143
2.228,10.591340,8.752557
2.229,10.590734,8.761971
2.230,10.590128,8.771384
2.231,10.589273,8.780799
2.232,10.587117,8.790223
2.233,10.584960,8.799647
2.234,10.582804,8.809071
2.235,10.580392,8.818302
2.236,10.576641,8.826522
2.237,10.572891,8.834743
2.238,10.569140,8.842962
2.239,10.565181,8.850499
2.240,10.560122,8.854453
2.241,10.555061,8.858406
2.242,10.550002,8.862360
2.243,10.544669,8.865666
2.244,10.537905,8.865580
2.245,10.531140,8.865493
2.246,10.524375,8.865406
2.247,10.517224,8.865046
2.248,10.508043,8.863255
2.249,10.498862,8.861464
2.250,10.489681,8.859673
2.251,10.480287,8.856029
2.252,10.469773,8.842657
2.253,10.459260,8.829286
2.254,10.448746,8.815914
2.255,10.438262,8.802456
2.256,10.427933,8.788539
2.257,10.417604,8.774623
2.258,10.407275,8.760706
2.259,10.396993,8.746742
2.260,10.386956,8.732532
2.261,10.376919,8.718321
2.262,10.366882,8.704110
2.263,10.356967,8.689831
2.264,10.347690,8.675191
2.265,10.338412,8.660551
2.266,10.329135,8.645912
2.267,10.320012,8.631113
2.268,10.311706,8.615478
2.269,10.303398,8.599841
2.270,10.295092,8.584206
2.271,10.286911,8.568501
2.272,10.279393,8.552430
2.273,10.271875,8.536360
2.274,10.264359,8.520290
2.275,10.257044,8.504180
2.276,10.250798,8.487863
2.277,10.244553,8.471544
2.278,10.238306,8.455226
2.279,10.232288,8.439049
2.280,10.227469,8.423612
2.281,10.222650,8.408175
2.282,10.217831,8.392737
2.283,10.213199,8.377787
2.284,10.209553,8.365386
2.285,10.205907,8.352986
2.286,10.202261,8.340587
2.287,10.198888,8.330944
2.288,10.196952,8.335774
2.289,10.195015,8.340606
2.290,10.193079,8.345437
2.291,10.191525,8.350314
2.292,10.191978,8.355437
2.293,10.192431,8.360559
2.294,10.192884,8.365682
2.295,10.193590,8.372437
2.296,10.195622,8.387763
2.297,10.197655,8.403089
2.298,10.199687,8.418415
2.299,10.201747,8.431477
2.300,10.203951,8.432652
2.301,10.206155,8.433827
2.302,10.208359,8.435003
2.303,10.210531,8.436088
2.304,10.212537,8.436692
2.305,10.214542,8.437298
2.306,10.216548,8.437902
2.307,10.218478,8.439144
2.308,10.220008,8.443728
2.309,10.221539,8.448312
2.310,10.223068,8.452896
2.311,10.224526,8.457498
2.312,10.225608,8.462192
2.313,10.226688,8.466887
2.314,10.227769,8.471581
2.315,10.228802,8.475585
2.316,10.229584,8.475965
2.317,10.230367,8.476344
2.318,10.231149,8.476724
2.319,10.231842,8.477213
2.320,10.232071,8.478275
2.321,10.232299,8.479338
2.322,10.232527,8.480400
2.323,10.232674,8.481320
2.324,10.232395,8.481495
2.325,10.232117,8.481669
2.326,10.231838,8.481844
2.327,10.231522,8.481917
2.328,10.231004,8.481459
2.329,10.230486,8.481000
2.330,10.229968,8.480541
2.331,10.229383,8.477708
2.332,10.228445,8.462409
2.333,10.227507,8.447110
2.334,10.226568,8.431810
2.335,10.225598,8.416523
2.336,10.224461,8.401293
2.337,10.223323,8.386062
2.338,10.222184,8.370831
2.339,10.220977,8.355703
2.340,10.219405,8.341115
2.341,10.217834,8.326526
2.342,10.216262,8.311936
2.343,10.214625,8.299621
2.344,10.212651,8.299238
2.345,10.210678,8.298856
2.346,10.208704,8.298473
2.347,10.206697,8.298105
2.348,10.204506,8.297813
2.349,10.202316,8.297523
2.350,10.200126,8.297231
2.351,10.197916,8.296326
2.352,10.195605,8.292202
2.353,10.193295,8.288078
2.354,10.190984,8.283954
2.355,10.188641,8.279840
2.356,10.186131,8.275775
2.357,10.183622,8.271711
2.358,10.181113,8.267647
2.359,10.178612,8.264275
2.360,10.176148,8.264534
2.361,10.173685,8.264793
2.362,10.171223,8.265053
2.363,10.168798,8.265256
2.364,10.166579,8.265162
2.365,10.164360,8.265068
2.366,10.162141,8.264975
2.367,10.159954,8.264994
2.368,10.157942,8.265605
2.369,10.155929,8.266217
2.370,10.153915,8.266829
2.371,10.151885,8.267443
2.372,10.149766,8.268066
2.373,10.147647,8.268690
2.374,10.145528,8.269314
2.375,10.143432,8.269960
2.376,10.141459,8.270728
2.377,10.139485,8.271497
2.378,10.137512,8.272264
2.379,10.135573,8.273026
2.380,10.133813,8.273749
2.381,10.132052,8.274472
2.382,10.130292,8.275196
2.383,10.128591,8.275915
2.384,10.127195,8.276612
2.385,10.125799,8.277309
2.386,10.124404,8.278007
2.387,10.123095,8.278687
2.388,10.122235,8.279276
2.389,10.121376,8.279866
2.390,10.120518,8.280456
2.391,10.119731,8.281008
2.392,10.119323,8.281362
2.393,10.118915,8.281714
2.394,10.118506,8.282068
2.395,10.118166,8.282334
2.396,10.118180,8.282141
2.397,10.118194,8.281947
2.398,10.118208,8.281754
2.399,10.118336,8.281543
2.400,10.119066,8.281242
2.401,10.119796,8.280942
2.402,10.120526,8.280642
2.403,10.121325,8.280326
2.404,10.122486,8.279932
2.405,10.123647,8.279538
2.406,10.124808,8.279145
2.407,10.126027,8.278665
2.408,10.127553,8.277726
2.409,10.129078,8.276789
2.410,10.130604,8.275850
2.411,10.132207,8.274913
2.412,10.134216,8.273977
2.413,10.136227,8.273041
2.414,10.138236,8.272105
2.415,10.140361,8.271173
2.416,10.143088,8.270263
2.417,10.145817,8.269352
2.418,10.148544,8.268441
2.419,10.151349,8.267495
2.420,10.154556,8.266363
2.421,10.157763,8.265230
2.422,10.160971,8.264097
2.423,10.164220,8.262957
2.424,10.167689,8.261768
2.425,10.171160,8.260581
2.426,10.174629,8.259393
2.427,10.178124,8.258112
2.428,10.181754,8.256344
2.429,10.185384,8.254576
2.430,10.189013,8.252808
2.431,10.192653,8.251053
2.432,10.196342,8.249365
2.433,10.200030,8.247678
2.434,10.203719,8.245990
2.435,10.207423,8.244428
2.436,10.211208,8.243523
2.437,10.214994,8.242617
2.438,10.218780,8.241712
2.439,10.222548,8.240879
2.440,10.226228,8.240434
2.441,10.229907,8.239988
2.442,10.233587,8.239543
2.443,10.237249,8.239160
2.444,10.240817,8.239100
2.445,10.244386,8.239041
2.446,10.247954,8.238982
2.447,10.251505,8.238944
2.448,10.254961,8.239015
2.449,10.258418,8.239086
2.450,10.261874,8.239157
2.451,10.265322,8.239282
2.452,10.268723,8.239690
2.453,10.272122,8.240097
2.454,10.275522,8.240504
2.455,10.278875,8.240935
2.456,10.281981,8.241490
2.457,10.285085,8.242045
2.458,10.288190,8.242600
2.459,10.291211,8.243196
2.460,10.293791,8.244000
2.461,10.296371,8.244804
2.462,10.298951,8.245609
2.463,10.301447,8.246574
2.464,10.303504,8.248380
2.465,10.305561,8.250185
2.466,10.307618,8.251990
2.467,10.309600,8.253800
2.468,10.311183,8.255635
2.469,10.312767,8.257471
2.470,10.314351,8.259306
2.471,10.315862,8.261316
2.472,10.316989,8.264245
2.473,10.318117,8.267174
2.474,10.319244,8.270103
2.475,10.320307,8.273035
2.476,10.321030,8.275993
2.477,10.321753,8.278952
2.478,10.322474,8.281910
2.479,10.323149,8.285156
2.480,10.323566,8.289913
2.481,10.323984,8.294670
2.482,10.324402,8.299426
2.483,10.324802,8.304751
2.484,10.325112,8.313057
2.485,10.325421,8.321363
2.486,10.325731,8.329669
2.487,10.326083,8.337875
2.488,10.326653,8.345559
2.489,10.327224,8.353243
2.490,10.327794,8.360926
2.491,10.328374,8.367629
2.492,10.329003,8.369184
2.493,10.329633,8.370738
2.494,10.330262,8.372293
2.495,10.330918,8.373866
2.496,10.331715,8.375534
2.497,10.332512,8.377203
2.498,10.333308,8.378871
2.499,10.334160,8.381275
2.500,10.335299,8.387542
2.501,10.336438,8.393808
2.502,10.337578,8.400075
2.503,10.338780,8.406289
2.504,10.340321,8.412224
2.505,10.341861,8.418159
2.506,10.343401,8.424093
2.507,10.345014,8.429876
2.508,10.347005,8.434858
2.509,10.348996,8.439840
2.510,10.350986,8.444822
2.511,10.353063,8.449794
2.512,10.355582,8.454714
2.513,10.358103,8.459633
2.514,10.360622,8.464552
2.515,10.363167,8.469341
2.516,10.365837,8.473448
2.517,10.368508,8.477554
2.518,10.371179,8.481661
2.519,10.373851,8.485151
2.520,10.376533,8.485406
2.521,10.379213,8.485661
2.522,10.381895,8.485916
2.523,10.384542,8.485787
2.524,10.387012,8.483648
2.525,10.389482,8.481508
2.526,10.391952,8.479369
2.527,10.394329,8.476645
2.528,10.396223,8.470860
2.529,10.398117,8.465073
2.530,10.400011,8.459287
2.531,10.401768,8.453493
2.532,10.402805,8.447666
2.533,10.403842,8.441839
2.534,10.404879,8.436012
2.535,10.405793,8.431128
2.536,10.406060,8.431184
2.537,10.406327,8.431241
2.538,10.406594,8.431297
2.539,10.406684,8.431351
2.540,10.405846,8.431390
2.541,10.405006,8.431428
2.542,10.404168,8.431466
2.543,10.403169,8.430773
2.544,10.401326,8.426240
2.545,10.399485,8.421707
2.546,10.397642,8.417174
2.547,10.395615,8.412659
2.548,10.392612,8.408233
2.549,10.389608,8.403808
2.550,10.386605,8.399383
2.551,10.383449,8.394963
2.552,10.379487,8.390575
2.553,10.375525,8.386188
2.554,10.371564,8.381801
2.555,10.367431,8.377452
2.556,10.362394,8.373310
2.557,10.357357,8.369168
2.558,10.352321,8.365026
2.559,10.347222,8.361201
2.560,10.341801,8.359042
2.561,10.336379,8.356883
2.562,10.330957,8.354725
2.563,10.325437,8.353198
2.564,10.319391,8.354995
2.565,10.313347,8.356791
2.566,10.307302,8.358586
2.567,10.301169,8.360399
2.568,10.294577,8.362304
2.569,10.287983,8.364207
2.570,10.281390,8.366111
2.571,10.274720,8.368016
2.572,10.267644,8.369927
2.573,10.260568,8.371839
2.574,10.253491,8.373750
2.575,10.246317,8.375713
2.576,10.238626,8.377957
2.577,10.230936,8.380200
2.578,10.223247,8.382444
2.579,10.215428,8.384841
2.580,10.206942,8.388041
2.581,10.198454,8.391240
2.582,10.189967,8.394441
2.583,10.181444,8.397688
2.584,10.172739,8.401188
2.585,10.164034,8.404687
2.586,10.155329,8.408187
2.587,10.146572,8.411648
2.588,10.137548,8.414906
2.589,10.128525,8.418164
2.590,10.119501,8.421422
2.591,10.110388,8.424610
2.592,10.100806,8.427430
2.593,10.091225,8.430250
2.594,10.081643,8.433070
2.595,10.072064,8.435745
2.596,10.062504,8.437661
2.597,10.052944,8.439576
2.598,10.043384,8.441491
2.599,10.033926,8.443308
2.600,10.025006,8.444607
2.601,10.016087,8.445906
2.602,10.007167,8.447206
2.603,9.998350,8.448194
2.604,9.990074,8.447552
2.605,9.981797,8.446909
2.606,9.973520,8.446267
2.607,9.965446,8.445606
2.608,9.958432,8.444848
2.609,9.951419,8.444090
2.610,9.944406,8.443332
2.611,9.937610,8.442566
2.612,9.931956,8.441763
2.613,9.926303,8.440960
2.614,9.920650,8.440157
2.615,9.915237,8.439368
2.616,9.911091,8.438655
2.617,9.906943,8.437941
2.618,9.902797,8.437227
2.619,9.898863,8.436515
2.620,9.896049,8.435811
2.621,9.893236,8.435107
2.622,9.890423,8.434404
2.623,9.887918,8.433599
2.624,9.887029,8.432264
2.625,9.886140,8.430929
2.626,9.885252,8.429594
2.627,9.884641,8.428214
2.628,9.885485,8.426601
2.629,9.886329,8.424989
2.630,9.887173,8.423376
2.631,9.888299,8.421809
2.632,9.890912,8.420479
2.633,9.893525,8.419148
2.634,9.896138,8.417818
2.635,9.899126,8.416585
2.636,9.904082,8.415866
2.637,9.909039,8.415147
2.638,9.913995,8.414428
2.639,9.919201,8.414070
2.640,9.925715,8.415607
2.641,9.932230,8.417146
2.642,9.938745,8.418684
2.643,9.945401,8.420390
2.644,9.952805,8.422980
2.645,9.960208,8.425570
2.646,9.967610,8.428161
2.647,9.975107,8.431561
2.648,9.983091,8.439217
2.649,9.991076,8.446871
2.650,9.999060,8.454526
2.651,10.007148,8.462361
2.652,10.015783,8.471144
2.653,10.024418,8.479927
2.654,10.033053,8.488710
2.655,10.041801,8.495424
2.656,10.051143,8.491276
2.657,10.060485,8.487127
2.658,10.069826,8.482979
2.659,10.079320,8.478813
2.660,10.089613,8.474555
2.661,10.099905,8.470298
2.662,10.110198,8.466040
2.663,10.120617,8.461846
2.664,10.131697,8.457989
2.665,10.142777,8.454130
2.666,10.153857,8.450273
2.667,10.164996,8.446392
2.668,10.176442,8.442392
2.669,10.187888,8.438393
2.670,10.199334,8.434394
2.671,10.210736,8.431423
2.672,10.221910,8.433854
2.673,10.233082,8.436285
2.674,10.244255,8.438717
2.675,10.255345,8.441175
2.676,10.266006,8.443770
2.677,10.276666,8.446366
2.678,10.287326,8.448962
2.679,10.297823,8.451612
2.680,10.307459,8.454545
2.681,10.317095,8.457479
2.682,10.326731,8.460412
2.683,10.336183,8.463122
2.684,10.344663,8.464657
2.685,10.353144,8.466192
2.686,10.361624,8.467728
2.687,10.369914,8.469091
2.688,10.377206,8.469557
2.689,10.384498,8.470021
2.690,10.391789,8.470486
2.691,10.398913,8.470179
2.692,10.405158,8.465815
2.693,10.411403,8.461452
2.694,10.417647,8.457088
2.695,10.423604,8.452545
2.696,10.428049,8.447064
2.697,10.432495,8.441583
2.698,10.436940,8.436101
2.699,10.441092,8.432373
2.700,10.443694,8.437854
2.701,10.446297,8.443334
2.702,10.448899,8.448814
2.703,10.451127,8.454292
2.704,10.451391,8.459758
2.705,10.451655,8.465223
2.706,10.451920,8.470689
2.707,10.451905,8.476281
2.708,10.450430,8.482537
2.709,10.448955,8.488794
2.710,10.447479,8.495050
2.711,10.445776,8.501335
2.712,10.442872,8.507766
2.713,10.439968,8.514196
2.714,10.437064,8.520628
2.715,10.433899,8.526001
2.716,10.429364,8.525821
2.717,10.424830,8.525640
2.718,10.420296,8.525461
2.719,10.415623,8.524072
2.720,10.410219,8.516332
2.721,10.404817,8.508593
2.722,10.399413,8.500853
2.723,10.393835,8.493016
2.724,10.387335,8.484670
2.725,10.380836,8.476324
2.726,10.374335,8.467978
2.727,10.367774,8.459666
2.728,10.360887,8.451535
2.729,10.354000,8.443405
2.730,10.347114,8.435274
2.731,10.340221,8.427213
2.732,10.333300,8.419513
2.733,10.326379,8.411814
2.734,10.319457,8.404114
2.735,10.312575,8.396357
2.736,10.305897,8.388296
2.737,10.299219,8.380236
2.738,10.292542,8.372175
2.739,10.285964,8.364120
2.740,10.279916,8.356088
2.741,10.273868,8.348057
2.742,10.267819,8.340025
2.743,10.261976,8.332369
2.744,10.257210,8.326683
2.745,10.252443,8.320997
2.746,10.247677,8.315311
2.747,10.243117,8.309633
2.748,10.239649,8.303997
2.749,10.236181,8.298361
2.750,10.232713,8.292725
2.751,10.229332,8.286910
2.752,10.226412,8.280162
2.753,10.223491,8.273414
2.754,10.220570,8.266666
2.755,10.218102,8.259892
2.756,10.218007,8.252983
2.757,10.217913,8.246075
2.758,10.217818,8.239165
2.759,10.217968,8.232284
2.760,10.219399,8.225543
2.761,10.220831,8.218801
2.762,10.222261,8.212061
2.763,10.223840,8.206486
2.764,10.226186,8.207036
2.765,10.228533,8.207586
2.766,10.230880,8.208137
2.767,10.233400,8.208712
2.768,10.236835,8.209417
2.769,10.240269,8.210122
2.770,10.243703,8.210828
2.771,10.247210,8.211528
2.772,10.251097,8.212200
2.773,10.254984,8.212873
2.774,10.258871,8.213546
2.775,10.262756,8.214227
2.776,10.266629,8.214955
2.777,10.270502,8.215684
2.778,10.274376,8.216413
2.779,10.278242,8.217241
2.780,10.282074,8.218596
2.781,10.285906,8.219949
2.782,10.289738,8.221303
2.783,10.293586,8.222651
2.784,10.297518,8.223972
2.785,10.301451,8.225294
2.786,10.305383,8.226616
2.787,10.309259,8.227868
2.788,10.312839,8.228758
2.789,10.316419,8.229648
2.790,10.319999,8.230537
2.791,10.323552,8.231375
2.792,10.326971,8.231936
2.793,10.330389,8.232497
2.794,10.333807,8.233058
2.795,10.337320,8.233598
2.796,10.341332,8.234030
2.797,10.345345,8.234462
2.798,10.349358,8.234894
2.799,10.352997,8.235359
2.800,10.354680,8.235994
2.801,10.356362,8.236629
2.802,10.358046,8.237265
2.803,10.359660,8.237909
2.804,10.360919,8.238609
2.805,10.362177,8.239309
2.806,10.363436,8.240009
2.807,10.364635,8.240719
2.808,10.365525,8.241474
2.809,10.366416,8.242230
2.810,10.367307,8.242986
2.811,10.368219,8.247299
2.812,10.369253,8.270289
2.813,10.370287,8.293281
2.814,10.371321,8.316271
2.815,10.372419,8.338640
2.816,10.373855,8.357747
2.817,10.375290,8.376854
2.818,10.376725,8.395961
2.819,10.378160,8.414687
2.820,10.379600,8.431416
2.821,10.381038,8.448144
2.822,10.382476,8.464872
2.823,10.383750,8.481089
2.824,10.384164,8.494622
2.825,10.384577,8.508155
2.826,10.384991,8.521688
2.827,10.385210,8.533046
2.828,10.384411,8.532983
2.829,10.383613,8.532919
2.830,10.382814,8.532856
2.831,10.381797,8.532790
2.832,10.379634,8.532716
2.833,10.377470,8.532640
2.834,10.375307,8.532565
2.835,10.373077,8.532598
2.836,10.370503,8.533202
2.837,10.367929,8.533806
2.838,10.365355,8.534409
2.839,10.362690,8.535095
2.840,10.359541,8.536217
2.841,10.356392,8.537337
2.842,10.353243,8.538459
2.843,10.350080,8.539568
2.844,10.346844,8.540620
2.845,10.343607,8.541672
2.846,10.340370,8.542724
2.847,10.337157,8.543994
2.848,10.334069,8.546410
2.849,10.330981,8.548825
2.850,10.327893,8.551240
2.851,10.324848,8.553722
2.852,10.322031,8.556555
2.853,10.319214,8.559386
2.854,10.316397,8.562219
2.855,10.313558,8.560937
2.856,10.310601,8.538058
2.857,10.307644,8.515180
2.858,10.304688,8.492301
2.859,10.301602,8.470025
2.860,10.297838,8.450910
2.861,10.294075,8.431793
2.862,10.290312,8.412678
2.863,10.286604,8.393940
2.864,10.283186,8.377187
2.865,10.279768,8.360434
2.866,10.276350,8.343679
2.867,10.273143,8.327416
2.868,10.271039,8.313724
2.869,10.268935,8.300032
2.870,10.266831,8.286339
2.871,10.264982,8.274890
2.872,10.264473,8.275215
2.873,10.263963,8.275541
2.874,10.263453,8.275867
2.875,10.263143,8.276240
2.876,10.263875,8.276863
2.877,10.264607,8.277487
2.878,10.265341,8.278111
2.879,10.266030,8.278695
