"Time","46 sw offset","45 sw onset","23 toex (cm)","11 Gr","10 Gs","9 TA","8 St","7 VL","6 BF","5 Ip","4 GM","3 Platform","2 Trdml","1 Synch"
0.00,0,0,14.398599,-0.01746,0.00344,-0.02065,-0.01362,0.00823,-0.01239,0.00536,0.00192,-1.47891,0.10129,3.27687
0.01,0,0,14.330627,-0.01667,0.00400,-0.02069,-0.01384,0.00852,-0.01262,0.00383,-0.00057,-1.47982,0.10166,3.27695
0.02,0,1,14.228565,-0.01762,0.00798,-0.01706,-0.01540,0.00779,-0.01220,0.04857,-0.01097,-1.48014,0.10191,3.27763
0.03,0,0,14.214235,-0.01896,0.01066,-0.02437,-0.01696,0.00847,-0.01221,-0.01039,0.00364,-1.47872,0.10134,3.27678
0.04,0,0,14.369702,-0.00618,-0.00135,-0.02086,-0.01497,0.00875,-0.01188,0.00513,0.00181,-1.48079,0.10018,3.27698
0.05,0,0,14.851212,-0.01687,0.00613,-0.02448,-0.01282,0.00886,-0.01252,0.01747,0.00023,-1.47962,0.10045,3.27725
0.06,0,0,15.373554,-0.01781,0.00845,-0.03256,-0.00832,0.00802,-0.01138,0.00803,0.00421,-1.47851,0.10135,3.27754
0.07,0,0,15.607770,-0.01986,0.00322,-0.02068,-0.01351,0.00859,-0.01297,0.00958,0.00153,-1.48169,0.10172,3.27614
0.08,0,0,15.852182,-0.01975,0.00549,-0.02004,-0.01251,0.00857,-0.01271,0.03058,0.00338,-1.47789,0.10146,3.27672
0.09,0,0,16.050987,-0.01934,0.00397,-0.02176,-0.01484,0.00934,-0.01191,0.00622,0.00933,-1.47650,0.10088,3.27722
0.10,0,0,16.156484,-0.01787,0.00439,-0.01885,-0.01318,0.00851,-0.01251,0.00671,0.00244,-1.48015,0.10036,3.27762
0.11,0,0,16.241649,-0.01539,0.00397,-0.02414,-0.01310,0.00904,-0.01172,0.00667,0.00326,-1.48151,0.10072,3.27739
0.12,0,0,16.372763,-0.01768,0.00398,-0.02105,-0.01585,0.00820,-0.01213,0.03948,0.00269,-1.47785,0.10182,3.27725
0.13,0,0,16.518905,-0.01722,0.00401,-0.02045,-0.01286,0.00765,-0.01212,-0.03238,0.00240,-1.47939,0.10205,3.27722
0.14,0,0,16.629854,-0.01901,0.00317,-0.02055,-0.01434,0.00878,-0.01221,0.03183,0.00302,-1.47969,0.10110,3.27709
0.15,0,0,16.818371,-0.01735,0.00325,-0.01852,-0.01408,0.00935,-0.01319,0.00246,0.04733,-1.48008,0.10047,3.27710
0.16,0,0,17.003710,-0.01726,0.00374,-0.02095,-0.01372,0.00787,-0.01263,0.00862,-0.00157,-1.48250,0.10011,3.27707
0.17,0,0,17.171511,-0.01783,0.00381,-0.01983,-0.01257,0.00760,-0.01202,0.00471,0.00189,-1.47935,0.10015,3.27722
0.18,1,0,17.522486,-0.01600,0.00265,-0.02106,-0.01342,0.00961,-0.01317,0.00423,0.00270,-1.47957,0.09990,3.27789
0.19,0,0,17.556224,-0.01432,0.00367,-0.01994,-0.01403,0.00802,-0.01201,0.00493,0.00280,-1.48168,0.09987,3.27651
0.20,0,0,17.392569,-0.01764,0.00389,-0.02070,-0.01373,0.00891,-0.01350,0.00635,0.00215,-1.48186,0.09939,3.27657
0.21,0,0,17.269059,-0.02134,0.00239,-0.02059,-0.01420,0.00855,-0.01158,0.00606,0.00361,-1.47724,0.09943,3.27673
0.22,0,0,17.178640,-0.01494,0.00355,-0.01998,-0.01302,0.00946,-0.01262,0.00485,0.00306,-1.47857,0.10001,3.27643
0.23,0,0,17.047615,-0.01165,0.00298,-0.02010,-0.01280,0.00810,-0.01198,0.00488,0.00282,-1.48064,0.10001,3.27660
0.24,0,0,16.894272,-0.01910,0.00510,-0.02090,-0.01548,0.00762,-0.01067,0.00633,0.00262,-1.47982,0.09935,3.27672
0.25,0,0,16.728491,-0.01771,0.00389,-0.02019,-0.01486,0.00872,-0.01288,0.00591,0.00314,-1.47748,0.09929,3.27711
0.26,0,0,16.596679,-0.01198,0.00325,-0.01959,-0.01405,0.00925,-0.01218,0.00572,0.00328,-1.48250,0.09956,3.27704
0.27,0,0,16.493221,-0.01495,0.00409,-0.01977,-0.01495,0.00893,-0.01292,0.00579,0.00239,-1.47912,0.09962,3.27710
0.28,0,0,16.358322,-0.01185,0.00470,-0.02091,-0.01253,0.00848,-0.01272,0.00531,0.00262,-1.47849,0.09964,3.27687
0.29,0,0,16.256472,-0.01917,0.00459,-0.02137,-0.01583,0.00853,-0.01120,0.00500,0.00267,-1.47949,0.09949,3.27612
0.30,0,0,16.729574,-0.01053,0.00405,-0.02050,-0.01348,0.00814,-0.01288,0.00519,0.00292,-1.47448,0.09911,3.27673
0.31,0,0,16.449269,-0.00960,0.00578,-0.02182,-0.01730,0.00792,-0.01297,0.00634,0.00195,-1.47805,0.09952,3.27757
0.32,0,0,16.007953,-0.01770,0.00706,-0.02034,-0.01346,0.00837,-0.01201,0.00416,0.00236,-1.47942,0.09977,3.27740
0.33,0,0,15.854788,-0.01399,0.00422,-0.02050,-0.01544,0.00866,-0.01139,0.00567,0.00305,-1.47912,0.10013,3.27640
0.34,0,0,15.743776,-0.01781,0.00380,-0.02023,-0.01395,0.00890,-0.01270,0.00580,0.00232,-1.47804,0.10081,3.27766
0.35,0,0,15.627099,-0.01814,0.00271,-0.02024,-0.01348,0.00814,-0.01158,0.00448,0.00226,-1.47737,0.10084,3.27681
0.36,0,0,15.348397,-0.01636,0.00291,-0.01958,-0.01228,0.00812,-0.01281,0.00535,0.00259,-1.47781,0.10061,3.27728
0.37,0,0,15.265324,-0.01576,0.00450,-0.01953,-0.01422,0.00965,-0.01189,0.00530,0.00226,-1.47864,0.10021,3.27678
0.38,0,0,15.124126,-0.01650,0.00550,-0.02048,-0.01484,0.00788,-0.01178,0.00542,0.00316,-1.47979,0.09995,3.27692
0.39,0,0,14.972636,-0.01880,0.00372,-0.02070,-0.01375,0.00853,-0.01373,0.00390,0.00254,-1.47773,0.09995,3.27661
0.40,0,0,14.764610,-0.01807,0.00369,-0.01984,-0.01301,0.00872,-0.01246,0.00519,0.00316,-1.47841,0.10029,3.27739
0.41,0,1,14.704582,-0.01694,0.00390,-0.01969,-0.01409,0.00760,-0.01176,-0.02220,0.00343,-1.47852,0.10002,3.27673
0.42,0,0,14.678126,-0.03215,0.00906,-0.02809,-0.02084,0.00779,-0.01185,-0.00307,-0.00546,-1.47830,0.09922,3.27707
0.43,0,0,15.229120,-0.01908,0.00355,-0.02075,-0.00925,0.00788,-0.01289,0.00693,0.05888,-1.47854,0.09935,3.27763
0.44,0,0,14.850091,-0.01817,0.00369,-0.01089,-0.00728,0.00944,-0.01361,0.00959,0.00199,-1.47892,0.09918,3.27750
0.45,0,0,15.732967,-0.01855,0.00561,-0.02531,-0.01515,0.00874,-0.01270,-0.04566,-0.00063,-1.47801,0.09892,3.27731
0.46,0,0,15.979786,-0.01746,0.00278,-0.01506,-0.00884,0.00922,-0.01125,-0.00657,0.00229,-1.47953,0.09980,3.27730
0.47,0,0,16.310133,-0.01621,0.00328,-0.02121,-0.01272,0.00777,-0.01367,0.00909,0.00333,-1.47817,0.10003,3.27742
0.48,0,0,16.654048,-0.01685,0.00183,-0.01821,-0.01405,0.00870,-0.01183,0.01261,0.00326,-1.47919,0.10025,3.27722
0.49,0,0,16.818799,-0.01711,0.00326,-0.02049,-0.01416,0.00886,-0.01144,0.00138,0.00298,-1.47747,0.10073,3.27754
0.50,0,0,16.858599,-0.01740,0.00519,-0.02041,-0.01397,0.00989,-0.01229,-0.01012,-0.00046,-1.47900,0.10076,3.27599
0.51,1,0,16.877488,-0.01765,0.00450,-0.01938,-0.01390,0.00803,-0.01158,-0.01330,0.00321,-1.47996,0.10069,3.27756
0.52,0,0,16.923311,-0.01873,0.00479,-0.02131,-0.01414,0.00914,-0.01254,-0.00098,0.00339,-1.47982,0.10050,3.27762
0.53,0,0,16.843009,-0.01812,0.00398,-0.02117,-0.01333,0.00890,-0.01154,0.00659,0.00262,-1.47495,0.10047,3.27620
0.54,0,0,16.701376,-0.01757,0.00263,-0.02040,-0.01504,0.00836,-0.01212,0.00428,0.00226,-1.47866,0.10100,3.27796
0.55,0,0,16.603655,-0.01257,0.00298,-0.01907,-0.01320,0.00858,-0.01215,0.00385,0.00229,-1.48031,0.10114,3.27713
0.56,0,0,16.466072,-0.01650,0.00440,-0.02101,-0.01595,0.00954,-0.01197,0.00507,0.00305,-1.47966,0.10079,3.27718
0.57,0,0,16.309649,-0.01242,0.00409,-0.02014,-0.01254,0.00966,-0.01255,0.00153,0.00272,-1.47462,0.10081,3.27763
0.58,0,0,16.135496,-0.01880,0.00352,-0.01998,-0.01219,0.00770,-0.01174,0.00595,0.00240,-1.47752,0.10120,3.27797
0.59,0,0,16.033684,-0.01665,0.00272,-0.02095,-0.01185,0.00829,-0.01217,0.00507,0.00186,-1.47493,0.10112,3.27667
0.60,0,0,15.976046,-0.02446,0.00446,-0.01897,-0.01453,0.00759,-0.01207,0.00519,0.00244,-1.47540,0.10078,3.27754
0.61,0,0,15.796594,-0.01912,0.00439,-0.02014,-0.01349,0.00828,-0.01084,0.00579,0.00338,-1.47896,0.10075,3.27734
0.62,0,0,15.704221,-0.01650,0.00240,-0.02046,-0.01167,0.00837,-0.01229,0.00466,0.00316,-1.47840,0.10077,3.27725
0.63,0,0,15.534188,-0.01807,0.00287,-0.02111,-0.01414,0.00924,-0.01268,0.00553,0.00201,-1.47876,0.10097,3.27739
0.64,0,0,15.421969,-0.01890,0.00529,-0.02148,-0.01620,0.00898,-0.01227,0.00796,0.00293,-1.47937,0.10121,3.27754
0.65,0,0,15.291385,-0.01593,0.00444,-0.02050,-0.01485,0.00694,-0.01263,0.00503,0.00156,-1.48008,0.10086,3.27742
0.66,0,0,15.180115,-0.01783,0.00201,-0.02070,-0.01392,0.00846,-0.01238,0.00437,0.00250,-1.48119,0.09962,3.27731
0.67,0,0,15.083142,-0.02597,0.00352,-0.02034,-0.01954,0.00909,-0.01244,0.00549,0.00200,-1.47972,0.09906,3.27708
0.68,0,0,14.929393,-0.01812,0.00279,-0.02044,-0.01346,0.00877,-0.01278,0.00546,0.00250,-1.47913,0.09899,3.27753
0.69,0,0,14.749133,-0.01840,0.00300,-0.01968,-0.01337,0.00773,-0.01296,0.00454,0.00293,-1.47879,0.09914,3.27711
0.70,0,0,14.645563,-0.01754,0.00496,-0.01989,-0.01331,0.00880,-0.01284,0.00545,0.00276,-1.47900,0.09954,3.27701
0.71,0,0,14.492655,-0.01991,-0.00182,-0.02157,-0.01768,0.00899,-0.01299,0.00602,0.00247,-1.47964,0.09940,3.27725
0.72,0,0,14.341262,-0.01830,0.00318,-0.02014,-0.01294,0.00852,-0.01328,0.00596,0.00309,-1.47786,0.09942,3.27809
0.73,0,0,14.198186,-0.01776,0.00331,-0.01974,-0.01375,0.00805,-0.01199,0.00511,0.00317,-1.47941,0.09996,3.27774
0.74,0,0,14.064354,-0.01784,0.00423,-0.02111,-0.01554,0.00988,-0.01220,0.00530,0.00257,-1.47946,0.10042,3.27708
0.75,0,0,13.977735,-0.01755,0.00485,-0.01974,-0.01331,0.00838,-0.01288,0.00594,0.00308,-1.47728,0.10050,3.27632
0.76,0,0,13.866120,-0.01796,0.00390,-0.02095,-0.01263,0.00916,-0.01269,0.00628,0.00214,-1.47799,0.10098,3.27698
0.77,0,0,13.759858,-0.01816,0.00275,-0.01967,-0.01276,0.00796,-0.01196,0.00374,0.00172,-1.48019,0.10086,3.27706
0.78,0,0,13.646658,-0.01721,0.00504,-0.02029,-0.01229,0.00745,-0.01304,0.00500,0.00262,-1.47950,0.10082,3.27692
0.79,0,0,13.505842,-0.01752,0.00354,-0.02024,-0.01370,0.00762,0.01522,0.00539,0.00300,-1.47736,0.10123,3.27715
0.80,0,0,13.404868,-0.01960,0.00412,-0.01989,-0.01316,0.00817,-0.01249,0.00419,0.00226,-1.48562,0.10148,3.27623
0.81,0,0,13.314988,-0.01783,0.00387,-0.02084,-0.01322,0.00974,-0.01133,0.00461,0.00137,-1.47956,0.10093,3.27722
0.82,0,0,13.247735,-0.01826,0.00328,-0.02086,-0.01422,0.00912,-0.01225,0.00597,0.00122,-1.47747,0.10023,3.27763
0.83,0,0,13.150816,-0.01713,0.00305,-0.02003,-0.01378,0.00846,-0.01372,0.00522,0.00402,-1.47688,0.09943,3.27690
0.84,0,0,13.091672,-0.01818,0.00472,-0.02084,-0.01417,0.00798,-0.01198,-0.00547,0.02054,-1.47984,0.10028,3.27605
0.85,0,1,13.041518,-0.01565,0.00507,-0.01963,-0.01566,0.00819,-0.01176,0.01259,0.00296,-1.47922,0.10110,3.27722
0.86,0,0,13.084964,-0.01816,0.00018,-0.01836,-0.01489,0.00853,-0.01195,0.00668,-0.00800,-1.47823,0.10112,3.27715
0.87,0,0,13.588241,-0.02360,-0.00274,-0.02029,-0.01265,0.00763,-0.01194,-0.00944,0.00380,-1.48005,0.10059,3.27731
0.88,0,0,13.883431,-0.01804,0.00291,-0.01952,-0.01421,0.00843,-0.01164,0.00058,0.00248,-1.47988,0.09966,3.27686
0.89,0,0,14.172245,-0.01933,0.00246,-0.02031,-0.01073,0.00877,-0.01328,0.00697,0.00328,-1.47805,0.09945,3.27669
0.90,0,0,14.515631,-0.01801,0.00170,-0.01853,-0.01575,0.00832,-0.01264,-0.01936,-0.00944,-1.47903,0.09985,3.27667
0.91,0,0,14.813468,-0.01732,0.00284,-0.01802,-0.01417,0.00877,-0.01184,0.03055,-0.00148,-1.47864,0.09985,3.27666
0.92,0,0,15.112189,-0.01635,0.00356,-0.02234,-0.01387,0.00777,-0.01196,-0.01582,-0.01071,-1.47784,0.09954,3.27677
0.93,0,0,15.421860,-0.01757,0.00298,-0.02110,-0.01250,0.00826,-0.01186,0.00580,0.00211,-1.47861,0.09921,3.27707
0.94,0,0,15.735401,-0.01781,0.00339,-0.02132,-0.01393,0.00879,-0.01319,0.01116,-0.00037,-1.47932,0.09898,3.27766
0.95,0,0,16.024583,-0.01770,0.00251,-0.01989,-0.01324,0.00717,-0.01225,0.00330,0.00381,-1.47914,0.09931,3.27739
0.96,0,0,16.383301,-0.01625,0.00308,-0.01984,-0.01397,0.00878,-0.01233,0.00455,0.00267,-1.47938,0.09942,3.27806
0.97,0,0,16.606669,-0.01709,0.00322,-0.02014,-0.01503,0.00826,-0.01262,0.00320,0.00316,-1.47680,0.09844,3.27667
0.98,1,0,16.772275,-0.01778,0.00414,-0.01865,-0.01558,0.00832,-0.01168,0.00565,0.00206,-1.47921,0.09707,3.27747
0.99,0,0,16.697954,-0.01743,0.00236,-0.02130,-0.01305,0.01002,-0.01320,0.00628,0.00328,-1.48018,0.09697,3.27695
1.00,0,0,16.556293,-0.01687,0.00389,-0.02005,-0.01343,0.00860,-0.01246,0.00273,0.00325,-1.47821,0.09769,3.27710
1.01,0,0,16.401546,-0.01606,0.00447,-0.02056,-0.01270,0.00919,-0.01295,0.00608,0.00254,-1.47952,0.09824,3.27733
1.02,0,0,16.295603,-0.01802,0.00315,-0.02003,-0.01334,0.00756,-0.01186,0.00407,0.00300,-1.48033,0.09827,3.27710
1.03,0,0,16.159187,-0.01807,0.00446,-0.02040,-0.01426,0.00857,-0.01105,0.00635,0.00203,-1.47921,0.09833,3.27748
1.04,0,0,15.995048,-0.02123,0.00389,-0.02009,-0.01370,0.00907,-0.01300,0.00484,0.00275,-1.47846,0.09772,3.27715
1.05,0,0,15.833452,-0.01790,0.00346,-0.02045,-0.01476,0.00792,-0.01223,0.00533,0.00219,-1.47990,0.09800,3.27756
1.06,0,0,15.678205,-0.01724,0.00378,-0.02110,-0.01400,0.00783,-0.01212,0.00379,0.00284,-1.47828,0.09892,3.27740
1.07,0,0,15.571453,-0.01648,0.00386,-0.01938,-0.01408,0.00914,-0.01207,-0.00051,0.00187,-1.47902,0.09955,3.27724
1.08,0,0,15.490614,-0.01698,0.00328,-0.02014,-0.01316,0.00926,-0.01223,0.00580,0.00267,-1.47829,0.09997,3.27666
1.09,0,0,15.488984,-0.01881,0.00451,-0.01999,-0.01368,0.00769,-0.01076,0.00598,0.00301,-1.48131,0.10006,3.27787
1.10,0,0,15.693412,-0.01724,0.00394,-0.02005,-0.01355,0.00711,-0.01136,0.00577,0.00232,-1.48033,0.09976,3.27713
1.11,0,0,15.862431,-0.02296,0.00350,-0.02142,-0.01389,0.00918,-0.01259,0.00490,0.00249,-1.47926,0.10029,3.27744
1.12,0,0,14.967045,-0.02197,0.00216,-0.02000,-0.01376,0.00807,-0.01306,0.00444,0.00314,-1.47821,0.10112,3.27783
1.13,0,0,15.042245,-0.02031,0.00443,-0.02140,-0.01322,0.00895,-0.01264,0.00449,0.00273,-1.47834,0.10138,3.27591
1.14,0,0,15.030134,-0.01768,0.00479,-0.02101,-0.01364,0.00941,-0.01279,0.00377,0.00255,-1.48011,0.10082,3.27635
1.15,0,0,14.821670,-0.01628,0.00374,-0.02070,-0.01208,0.00821,-0.01491,0.00624,0.00265,-1.47795,0.10025,3.27766
1.16,0,0,15.123886,-0.01622,0.00264,-0.02135,-0.01416,0.00788,-0.01188,0.00393,0.00242,-1.47723,0.10011,3.27646
1.17,0,0,14.673076,-0.01729,0.00296,-0.01933,-0.01493,0.00970,-0.01124,0.00443,0.00200,-1.47292,0.10062,3.27791
1.18,0,0,14.291971,-0.01624,0.00411,-0.01989,-0.01412,0.00919,-0.01225,0.00531,0.00311,-1.47982,0.10067,3.27686
1.19,0,0,14.038181,-0.02145,0.00423,-0.02086,-0.01448,0.00870,-0.01349,0.00545,0.00266,-1.47881,0.09992,3.27728
1.20,0,0,13.926020,-0.01685,0.00223,-0.01974,-0.01496,0.00858,-0.01274,0.00507,0.00316,-1.48078,0.09999,3.27783
1.21,0,0,13.832583,-0.01743,0.00361,-0.01974,-0.01290,0.00833,-0.01685,0.00594,0.00283,-1.48574,0.10047,3.27716
1.22,0,0,13.736084,-0.01759,0.00374,-0.02172,-0.01391,0.00819,-0.01183,0.00535,0.00333,-1.48048,0.10011,3.27718
1.23,0,0,13.627929,-0.01764,0.00362,-0.01968,-0.01376,0.00732,-0.01349,0.00539,0.00397,-1.47833,0.10009,3.27730
1.24,0,0,13.468214,-0.01952,0.00400,-0.01960,-0.01458,0.00860,-0.01122,0.00337,0.00178,-1.48041,0.10022,3.27649
1.25,0,0,13.343501,-0.01753,0.00403,-0.02081,-0.01333,0.00795,-0.01236,0.00602,0.00372,-1.47910,0.10001,3.27733
1.26,0,0,13.281840,-0.01875,0.00381,-0.02050,-0.01411,0.00925,-0.01177,0.00324,0.00168,-1.47948,0.10022,3.27667
1.27,0,0,13.191707,-0.01777,0.00382,-0.01974,-0.01341,0.00841,-0.01194,0.00493,0.00071,-1.47932,0.10101,3.27631
1.28,0,1,13.111605,-0.01766,0.00110,-0.02049,-0.01728,0.00875,-0.01185,-0.00504,0.00264,-1.47897,0.10100,3.27734
1.29,0,0,13.058704,-0.01434,0.00320,-0.01974,-0.01409,0.00882,-0.01234,-0.01366,0.00019,-1.47900,0.10034,3.27762
1.30,0,0,13.422481,-0.01685,0.00405,-0.01685,-0.01110,0.00826,-0.01163,-0.01476,0.00383,-1.47895,0.09967,3.27728
1.31,0,0,13.575177,-0.02045,0.00535,-0.02329,-0.00890,0.00850,-0.01306,0.00165,0.00383,-1.47756,0.10008,3.27742
1.32,0,0,14.177969,-0.02106,0.00550,-0.01815,-0.01323,0.00755,-0.01212,-0.00443,0.00267,-1.48224,0.10118,3.27794
1.33,0,0,14.466884,-0.01696,0.00350,-0.01376,-0.01382,0.00846,-0.01168,0.03874,-0.00174,-1.48027,0.10179,3.27695
1.34,0,0,14.871744,-0.01787,0.00370,-0.01821,-0.01411,0.00778,-0.01409,0.00706,0.00853,-1.47717,0.10162,3.27733
1.35,0,0,15.267878,-0.01842,0.00400,-0.01967,-0.01385,0.00907,-0.01126,-0.01291,0.00854,-1.47949,0.10111,3.27780
1.36,0,0,15.681963,-0.01886,0.00460,-0.02171,-0.01421,0.00904,-0.01253,0.01295,-0.00026,-1.47972,0.10087,3.27757
1.37,0,0,16.029881,-0.01896,0.00404,-0.02146,-0.01332,0.00829,-0.01211,0.00289,0.00096,-1.47810,0.10094,3.27664
1.38,0,0,16.210328,-0.01807,0.00543,-0.02009,-0.01360,0.00793,-0.01285,0.00759,0.00283,-1.47515,0.10101,3.27658
1.39,1,0,16.332291,-0.01442,0.00417,-0.01978,-0.01292,0.00887,-0.01202,0.00790,0.00204,-1.48052,0.10056,3.27635
1.40,0,0,16.245824,-0.01903,0.00253,-0.01978,-0.01297,0.00798,-0.01282,0.00524,0.00372,-1.48012,0.09949,3.27713
1.41,0,0,16.138969,-0.01812,0.00382,-0.01775,-0.01329,0.00846,-0.01269,0.00583,0.00327,-1.48066,0.09974,3.27718
1.42,0,0,15.983785,-0.01713,0.00377,-0.02111,-0.01499,0.00812,-0.01255,0.00323,0.00297,-1.47688,0.10046,3.27680
1.43,0,0,15.732358,-0.02009,0.00891,-0.02085,-0.01335,0.00823,-0.01379,0.00632,0.00292,-1.47798,0.10116,3.27687
1.44,0,0,15.622702,-0.01678,0.00270,-0.02162,-0.01306,0.00803,-0.01470,0.00492,0.00441,-1.47693,0.10167,3.27704
1.45,0,0,15.526703,-0.01724,0.16848,-0.02015,-0.01406,0.00866,-0.01141,0.00493,0.00323,-1.48051,0.10209,3.27719
1.46,0,0,15.352033,-0.00477,0.00240,-0.02121,-0.01441,0.00873,-0.01393,0.00553,0.00164,-1.47773,0.10220,3.27738
1.47,0,0,15.157568,-0.02030,0.01729,-0.01953,-0.01397,0.00883,-0.01340,0.00683,0.00219,-1.48056,0.10225,3.27737
1.48,0,0,14.988626,-0.01591,-0.00580,-0.02150,-0.01353,0.00786,-0.01194,0.00680,0.00239,-1.47776,0.10164,3.27716
1.49,0,0,14.891228,-0.01831,0.00737,-0.01881,-0.01274,0.00914,-0.01324,0.00530,0.00278,-1.47941,0.10031,3.27728
1.50,0,0,14.780614,-0.01798,0.00558,-0.01953,-0.01411,0.01045,-0.01105,0.00501,0.00303,-1.47885,0.10016,3.27742
1.51,0,0,14.673753,-0.01899,0.00041,-0.02015,-0.01212,0.00875,-0.01231,0.00700,0.00160,-1.47410,0.10055,3.27678
1.52,0,0,14.516502,-0.01648,0.00798,-0.01924,-0.01316,0.00810,-0.01194,0.00518,0.00278,-1.47930,0.10094,3.27744
1.53,0,0,14.339551,-0.01759,-0.00213,-0.02081,-0.01427,0.00940,-0.01266,0.00629,0.00128,-1.47928,0.10134,3.27629
1.54,0,0,14.209580,-0.01765,0.00344,-0.01974,-0.01280,0.00835,-0.03425,0.00500,0.00167,-1.48047,0.10183,3.27704
1.55,0,0,14.110158,-0.01689,0.00383,-0.02024,-0.01348,0.00872,-0.01183,0.00567,0.00203,-1.47649,0.10146,3.27768
1.56,0,0,14.002290,-0.01773,0.00199,-0.02009,-0.01180,0.00780,-0.01031,0.00485,0.00264,-1.47794,0.10060,3.27760
1.57,0,0,13.914919,-0.02094,0.00533,-0.01993,-0.01356,0.00801,-0.01153,0.00515,0.00216,-1.48566,0.10092,3.27695
1.58,0,0,13.798180,-0.01815,0.00190,-0.02100,-0.01329,0.00846,-0.01175,0.00626,0.00290,-1.47801,0.10118,3.27701
1.59,0,0,13.699203,-0.01935,0.00356,-0.02116,-0.01437,0.00933,-0.01617,0.00588,0.00259,-1.47737,0.10116,3.27715
1.60,0,0,13.589360,-0.01705,0.00470,-0.02071,-0.01471,0.00934,-0.01259,0.00645,0.00305,-1.47921,0.10104,3.27670
1.61,0,0,13.419965,-0.01537,0.00179,-0.02038,-0.01586,0.01495,-0.01163,0.00804,0.00322,-1.47970,0.10117,3.27709
1.62,0,0,13.265846,-0.01389,0.00435,-0.01846,-0.01448,0.00779,-0.01283,0.00693,0.00270,-1.47870,0.10155,3.27661
1.63,0,0,13.168896,-0.01781,0.00408,-0.02030,-0.01213,0.00768,-0.03450,0.00581,0.00134,-1.48187,0.10224,3.27672
1.64,0,0,13.137981,-0.01707,0.00369,-0.02034,-0.01319,0.00769,-0.01120,0.00552,0.00264,-1.47984,0.10190,3.27719
1.65,0,0,13.108837,-0.01798,0.00259,-0.02054,-0.01303,0.00873,-0.01320,0.00531,0.00344,-1.47970,0.10081,3.27772
1.66,0,1,12.993215,-0.01678,0.00119,-0.02112,-0.01484,0.00739,-0.01203,-0.00412,-0.01445,-1.47459,0.10015,3.27514
1.67,0,0,13.047314,-0.01634,0.00309,-0.01954,-0.01478,0.00863,-0.01246,0.00474,0.00154,-1.47942,0.10008,3.27774
1.68,0,0,13.203246,-0.00952,0.00330,-0.02123,-0.01352,0.00869,-0.01223,0.00683,0.00149,-1.47790,0.10001,3.27832
1.69,0,0,14.376952,-0.01727,0.00749,-0.02049,-0.01667,0.00960,-0.01281,0.03618,0.00411,-1.48036,0.10025,3.27725
1.70,0,0,14.260326,-0.01729,0.00471,-0.01925,-0.01071,0.00860,-0.01225,-0.02238,0.00350,-1.48316,0.09993,3.27751
1.71,0,0,14.368135,-0.01754,0.00544,-0.01228,-0.01284,0.00880,-0.01215,-0.00918,0.00190,-1.47959,0.09897,3.27810
1.72,0,0,14.534082,-0.01680,0.00612,-0.01158,-0.01146,0.00869,-0.01155,-0.01291,0.00054,-1.47761,0.09896,3.27729
1.73,0,0,14.799000,-0.01626,0.00483,-0.02843,-0.01455,0.00822,-0.01165,0.01086,0.00154,-1.47983,0.09979,3.27702
1.74,1,0,15.032646,-0.01772,0.00289,-0.02090,-0.00919,0.00845,-0.01312,0.00439,0.00342,-1.48128,0.10086,3.27739
1.75,0,0,14.985594,-0.01702,0.00191,-0.01709,-0.01024,0.00831,-0.01061,0.01117,0.00427,-1.47820,0.10105,3.27777
1.76,0,0,14.954293,-0.01648,0.00961,-0.01797,-0.01566,0.00919,-0.01240,0.00638,0.00292,-1.47992,0.10021,3.27734
1.77,0,0,14.902259,-0.01619,0.00460,-0.02055,-0.01373,0.00780,-0.01199,0.00727,0.00203,-1.47913,0.10014,3.27623
1.78,0,0,14.691833,-0.01866,0.00220,-0.01958,-0.01176,0.00833,-0.01183,0.00493,0.00385,-1.47690,0.10000,3.27733
1.79,0,0,14.444393,-0.01733,0.00324,-0.01978,-0.01205,0.00844,-0.01216,0.00397,0.00219,-1.47859,0.10016,3.27744
1.80,0,0,14.333019,-0.01807,0.00261,-0.01984,-0.01325,0.00859,-0.01360,0.00519,0.00321,-1.47726,0.09992,3.27744
1.81,0,0,14.190271,-0.02110,0.00444,-0.02101,-0.01299,0.00818,-0.01182,0.00482,0.00298,-1.48019,0.10014,3.27765
1.82,0,0,14.040078,-0.01811,0.00544,-0.02019,-0.01513,0.00836,-0.01172,0.00481,0.00267,-1.47989,0.09964,3.27778
1.83,0,0,13.911964,-0.01613,0.00278,-0.02076,-0.01384,0.00900,-0.01298,0.00334,0.00357,-1.47968,0.09946,3.27672
1.84,0,0,13.801567,-0.01774,0.00339,-0.02050,-0.01516,0.00849,-0.01130,0.00583,0.00283,-1.48127,0.09935,3.27708
1.85,0,0,13.718311,-0.01768,0.00615,-0.01942,-0.01584,0.00720,-0.01358,0.00616,0.00223,-1.47889,0.09821,3.27716
1.86,0,0,13.643713,-0.01744,0.00424,-0.02115,-0.01601,0.00865,-0.01261,0.00500,0.00267,-1.48029,0.09816,3.27670
1.87,0,0,13.539070,-0.01908,0.00440,-0.01942,-0.01329,0.00823,-0.01124,0.00587,0.00329,-1.47751,0.09764,3.27670
1.88,0,0,13.378464,-0.01622,0.00367,-0.02162,-0.01259,0.00843,-0.01318,0.00526,0.00380,-1.47984,0.09755,3.27746
1.89,0,0,13.289421,-0.01700,0.00385,-0.02157,-0.01281,0.00238,-0.01332,0.00862,0.00363,-1.47778,0.09782,3.27791
1.90,0,0,13.177328,-0.01598,0.00285,-0.01918,-0.01294,0.00584,-0.00918,0.00620,0.00206,-1.47820,0.09883,3.27637
1.91,0,0,13.106347,-0.01641,0.00316,-0.01938,-0.01453,0.00872,-0.01279,0.00357,0.00435,-1.47854,0.09891,3.27638
1.92,0,0,12.989926,-0.01380,0.00121,-0.02126,-0.01345,0.01260,-0.01534,0.01291,0.00170,-1.47941,0.09925,3.27727
1.93,0,0,12.892079,-0.01969,0.00518,-0.02020,-0.01315,0.00933,-0.03022,0.00466,0.00273,-1.47781,0.09979,3.27702
1.94,0,0,12.833385,-0.01877,0.00224,-0.02100,-0.01302,0.00972,-0.00338,0.00576,0.00291,-1.48087,0.09973,3.27648
1.95,0,1,14.312864,-0.01711,0.00236,-0.02109,-0.01479,0.00818,-0.01316,0.00455,0.00071,-1.47947,0.09958,3.27719
1.96,0,0,12.254997,-0.01851,0.00572,-0.01304,-0.01204,0.00832,-0.01318,0.04515,0.00359,-1.47831,0.09886,3.27684
1.97,0,0,13.112462,-0.01892,0.00084,-0.02356,-0.01617,0.00809,-0.01299,-0.00072,-0.00833,-1.47827,0.09785,3.27751
1.98,0,0,14.082033,-0.01744,0.00270,-0.02272,-0.01347,0.00835,-0.01365,0.00995,-0.00892,-1.47945,0.09700,3.27744
1.99,0,0,14.935606,-0.01545,0.00236,-0.02004,-0.01438,0.00819,-0.01181,0.00793,-0.00275,-1.47858,0.09801,3.27788
2.00,1,0,15.374955,-0.01844,0.00316,-0.02318,-0.01124,0.00864,-0.01268,0.00567,0.00577,-1.47853,0.09813,3.27655
2.01,0,0,15.368557,-0.01866,0.00360,-0.01902,-0.01497,0.00792,-0.01238,0.00648,0.00275,-1.47846,0.09892,3.27704
2.02,0,0,14.993292,-0.01779,0.00421,-0.02227,-0.02010,0.00768,-0.01375,0.00454,0.00284,-1.47573,0.09946,3.27678
2.03,0,0,14.854065,-0.01831,0.00353,-0.02055,-0.01380,0.00785,-0.01077,0.00539,0.00374,-1.47910,0.09930,3.27757
2.04,0,0,14.655053,-0.02098,0.00555,-0.02081,-0.01789,0.00844,-0.01201,0.00536,0.00159,-1.48021,0.09985,3.27707
2.05,0,0,14.620504,-0.01761,0.00313,-0.01958,-0.01400,0.00831,-0.01218,0.00592,0.00289,-1.48118,0.10050,3.27696
2.06,0,0,14.467608,-0.01740,0.00350,-0.02115,-0.01399,0.00870,-0.01304,0.00446,0.00202,-1.47778,0.10123,3.27679
2.07,0,0,14.387837,-0.01814,0.00431,-0.02204,-0.01307,0.00782,-0.01303,0.00514,0.00233,-1.48142,0.10109,3.27634
2.08,0,0,14.334161,-0.01407,0.00381,-0.01968,-0.01301,0.00765,-0.01196,0.00589,0.00333,-1.48015,0.09983,3.27666
2.09,0,0,14.172781,-0.02022,0.00516,-0.02066,-0.01485,0.00874,-0.01299,0.00537,0.00121,-1.47855,0.09972,3.27719
2.10,0,0,13.982531,-0.01751,0.00330,-0.02121,-0.01258,0.00826,-0.01272,0.00515,0.00326,-1.48076,0.10012,3.27740
2.11,0,0,13.878361,-0.01818,0.00363,-0.02000,-0.01390,0.00752,-0.01244,0.00555,0.00400,-1.48029,0.10069,3.27584
2.12,0,0,13.761968,-0.01962,0.00450,-0.02015,-0.01458,0.00823,-0.01311,0.00547,0.00157,-1.47971,0.10109,3.27704
2.13,0,0,13.688227,-0.02076,0.00254,-0.02049,-0.01440,0.00813,-0.01171,0.00352,0.00542,-1.48180,0.10056,3.27699
2.14,0,0,13.648163,-0.01392,0.00383,-0.01978,-0.01400,0.00812,-0.01270,0.00584,0.00087,-1.48045,0.10005,3.27718
2.15,0,0,13.482135,-0.01655,0.00310,-0.02065,-0.01324,0.00771,-0.00956,0.00634,0.00283,-1.47951,0.10030,3.27596
2.16,0,0,13.313709,-0.01840,0.00372,-0.02126,-0.01426,0.00750,-0.01318,0.00589,0.00222,-1.48058,0.09985,3.27713
2.17,0,0,13.183048,-0.01882,0.00282,-0.01958,-0.01445,0.00899,-0.00914,0.00347,0.00320,-1.47896,0.09983,3.27782
2.18,0,0,13.058845,-0.01672,0.00527,-0.02065,-0.01453,0.00829,-0.01179,0.00391,0.00229,-1.48146,0.10065,3.27678
2.19,0,0,12.936379,-0.01879,0.00463,-0.01984,-0.01422,0.00843,-0.01322,0.00363,0.00270,-1.47876,0.10096,3.27693
2.20,0,0,12.880409,-0.01702,0.00355,-0.02050,-0.01300,0.00862,-0.01172,0.00598,0.00369,-1.48138,0.09998,3.27711
2.21,0,0,12.815192,-0.01757,0.00372,-0.01985,-0.01461,0.01015,-0.01276,0.00289,0.00261,-1.47704,0.09903,3.27619
2.22,0,0,12.758074,-0.01805,0.00396,-0.02105,-0.01461,0.00699,-0.00991,0.00691,0.00292,-1.47912,0.09893,3.27754
2.23,0,1,12.699973,-0.01912,-0.00057,-0.02018,-0.01720,0.00755,-0.01136,-0.00249,0.00181,-1.48094,0.09827,3.27678
2.24,0,0,12.674498,-0.01781,0.00403,-0.02050,-0.01214,0.00916,-0.01194,0.00660,0.00329,-1.47940,0.09864,3.27710
2.25,0,0,12.787521,-0.01936,0.01021,-0.02624,-0.00865,0.00744,-0.01227,0.00786,0.00901,-1.48022,0.09810,3.27696
2.26,0,0,13.268100,-0.02608,0.00247,-0.01878,-0.01150,0.00869,-0.01165,0.00332,0.00413,-1.47787,0.09939,3.27693
2.27,0,0,13.783464,-0.02037,0.00596,-0.02013,-0.01530,0.00805,-0.01109,0.00805,0.00398,-1.47960,0.10017,3.27812
2.28,0,0,14.070494,-0.01729,0.00339,-0.01989,-0.01266,0.00858,-0.01156,0.00545,0.00277,-1.47941,0.10000,3.27713
2.29,0,0,14.405858,-0.01842,0.00328,-0.01828,-0.01438,0.00824,-0.01132,-0.00224,0.00205,-1.47973,0.09966,3.27715
2.30,0,0,14.861774,-0.01702,0.00319,-0.01963,-0.01404,0.00723,-0.01241,-0.00182,0.00186,-1.47982,0.10051,3.27740
2.31,0,0,15.324931,-0.01729,0.00313,-0.02015,-0.01380,0.00714,-0.01035,0.02457,0.00119,-1.47882,0.10086,3.27710
2.32,0,0,15.752474,-0.01663,0.00266,-0.02045,-0.01337,0.00792,-0.01167,0.00695,-0.00687,-1.47779,0.09903,3.27782
2.33,0,0,16.238605,-0.01754,0.00299,-0.01728,-0.01353,0.00910,-0.01288,0.00584,0.00328,-1.47809,0.09797,3.27706
2.34,1,0,16.552891,-0.01258,0.00345,-0.01726,-0.01395,0.00822,-0.01155,-0.01142,0.00390,-1.48334,0.09716,3.27737
2.35,0,0,16.635957,-0.01836,0.00390,-0.02074,-0.01400,0.00808,-0.01265,0.00522,0.00322,-1.47716,0.09772,3.27667
2.36,0,0,16.462703,-0.01707,0.00530,-0.02126,-0.01694,0.00929,-0.01146,0.00659,0.00259,-1.48038,0.09839,3.27753
2.37,0,0,16.354824,-0.02066,0.00332,-0.01812,-0.01539,0.00705,-0.01247,0.00541,0.00285,-1.47857,0.09931,3.27784
2.38,0,0,16.122841,-0.02923,0.00209,-0.02004,-0.01172,0.00809,-0.01157,0.00584,0.00355,-1.47798,0.09907,3.27682
2.39,0,0,15.949144,-0.01807,0.00282,-0.02146,-0.01467,0.00914,-0.01124,0.00486,0.00221,-1.47975,0.09940,3.27760
2.40,0,0,15.897151,-0.01585,0.00560,-0.02034,-0.01538,0.00778,-0.01243,0.00591,0.00283,-1.47959,0.09983,3.27701
2.41,0,0,16.023088,-0.01537,0.00200,-0.02079,-0.01380,0.00791,-0.01113,0.00507,0.00274,-1.47688,0.10096,3.27715
2.42,0,0,16.119770,-0.02281,0.00293,-0.02116,-0.01357,0.00827,-0.01299,0.00659,0.00273,-1.48012,0.10219,3.27681
2.43,0,0,16.206148,-0.01724,0.00260,-0.02008,-0.01385,0.00802,-0.01279,0.00633,0.00357,-1.47936,0.10177,3.27657
2.44,0,0,16.206895,-0.02016,0.00381,-0.01973,-0.01219,0.00838,-0.01194,0.00700,0.00405,-1.47734,0.10006,3.27791
2.45,0,0,16.108636,-0.01726,0.00328,-0.02000,-0.01299,0.00790,-0.01346,0.00788,0.00153,-1.47860,0.09973,3.27696
2.46,0,0,16.019360,-0.01663,0.00311,-0.02024,-0.01336,0.00893,-0.01316,0.00631,0.00250,-1.48050,0.10036,3.27622
2.47,0,0,15.428949,-0.01755,0.00376,-0.01993,-0.01285,0.00858,-0.01216,0.00519,0.00256,-1.47939,0.10126,3.27748
2.48,0,0,14.947492,-0.01726,0.00356,-0.01989,-0.01439,0.00852,-0.01190,0.00572,0.00170,-1.47929,0.10179,3.27765
2.49,0,0,14.874284,-0.02735,0.00447,-0.02030,-0.01614,0.00876,-0.01193,0.00540,0.00144,-1.47723,0.10165,3.27673
2.50,0,0,14.725848,-0.01707,0.00312,-0.02050,-0.01315,0.00777,-0.01276,0.00650,0.00307,-1.47781,0.10168,3.27698
2.51,0,0,14.580429,-0.01770,0.00323,-0.02030,-0.01469,0.00887,-0.01177,0.00663,0.00295,-1.48012,0.10170,3.27585
2.52,0,0,14.474011,-0.02043,0.00307,-0.02131,-0.01312,0.00853,-0.01344,0.00328,0.00167,-1.47990,0.10208,3.27756
2.53,0,0,14.290707,-0.01753,0.00404,-0.01985,-0.01464,0.00744,-0.01198,0.00623,0.00129,-1.47946,0.10166,3.27704
2.54,0,0,14.113181,-0.01848,0.00446,-0.02044,-0.01296,0.00763,-0.00687,0.00651,0.00248,-1.47967,0.09986,3.27749
2.55,0,0,13.977545,-0.01796,0.00302,-0.01892,-0.01385,0.00820,-0.01248,0.00514,0.00236,-1.47924,0.09943,3.27738
2.56,0,0,13.854503,-0.01689,0.00423,-0.02141,-0.01298,0.00856,-0.01737,0.00295,0.00303,-1.47852,0.09953,3.27715
2.57,0,0,13.721620,-0.01530,0.00408,-0.01978,-0.01576,0.01098,-0.00922,0.00180,0.00645,-1.47959,0.09992,3.27742
2.58,0,0,13.606302,-0.01665,0.00307,-0.02070,-0.01527,0.00613,-0.01355,0.00458,0.00374,-1.47891,0.10005,3.27711
2.59,0,0,13.527086,-0.01502,0.00379,-0.02035,-0.01362,0.00923,-0.01162,0.00547,0.00316,-1.47850,0.09897,3.27763
2.60,0,1,13.437230,-0.01743,-0.00078,-0.02050,-0.01532,0.00770,-0.01235,0.01220,-0.00332,-1.47876,0.09906,3.27782
2.61,0,0,13.340046,-0.01962,0.00864,-0.02024,-0.01198,0.00809,-0.01107,0.00547,0.00278,-1.47881,0.09850,3.27734
2.62,0,0,13.920904,-0.01676,0.00148,-0.02187,-0.01009,0.00794,-0.01265,0.00496,0.00357,-1.47854,0.09831,3.27677
2.63,0,0,14.022410,-0.01499,0.00497,-0.02018,-0.01531,0.00791,-0.01237,0.03219,0.01458,-1.47796,0.09866,3.27763
2.64,0,0,14.579684,-0.01808,0.00310,-0.02211,-0.01421,0.00855,-0.01399,0.00983,0.00430,-1.47991,0.09875,3.27692
2.65,0,0,14.948037,-0.01779,0.00421,-0.01653,-0.01357,0.00905,-0.01320,-0.00822,-0.00071,-1.48048,0.09912,3.27903
2.66,0,0,15.249909,-0.01685,0.00294,-0.01943,-0.01346,0.00823,-0.01194,0.00543,0.00282,-1.47873,0.09976,3.27768
2.67,0,0,15.447868,-0.02034,0.00264,-0.02005,-0.01407,0.00807,-0.01266,0.03701,0.00788,-1.47894,0.09993,3.27753
2.68,1,0,15.424606,-0.01830,0.00443,-0.01918,-0.01281,0.00813,-0.01186,0.00466,0.00278,-1.47832,0.10033,3.27670
2.69,0,0,15.508865,-0.01825,0.00378,-0.02147,-0.01371,0.00861,-0.01236,0.00388,0.00389,-1.47644,0.10055,3.27661
2.70,0,0,15.375249,-0.01530,0.00264,-0.02000,-0.01321,0.00708,-0.01160,0.00354,0.00290,-1.47718,0.10033,3.27782
2.71,0,0,15.229495,-0.01949,0.00318,-0.01983,-0.01289,0.00894,-0.01323,0.00511,0.00274,-1.47863,0.09974,3.27815
2.72,0,0,15.080077,-0.01700,0.00549,-0.01993,-0.01524,0.00786,-0.01192,0.00705,0.00269,-1.47946,0.09958,3.27704
2.73,0,0,14.982573,-0.01556,0.00251,-0.01978,-0.01328,0.00776,-0.01323,0.00508,0.00390,-1.47964,0.09896,3.27716
2.74,0,0,14.836040,-0.01787,0.00347,-0.02146,-0.01368,0.00842,-0.01241,0.00579,0.00236,-1.47824,0.09879,3.27737
2.75,0,0,14.716753,-0.01781,0.00459,-0.02034,-0.01246,0.00947,-0.01299,0.00632,0.00305,-1.48003,0.09888,3.27778
2.76,0,0,14.558447,-0.01740,0.00213,-0.02045,-0.01146,0.00852,-0.01119,0.00493,0.00285,-1.47873,0.09875,3.27713
2.77,0,0,14.441667,-0.01679,0.00281,-0.01886,-0.01220,0.00948,-0.01293,0.00558,0.00259,-1.47973,0.09963,3.27774
2.78,0,0,14.335295,-0.01622,0.00249,-0.02044,-0.01462,0.00925,-0.01222,0.00582,0.00239,-1.48032,0.10084,3.27715
2.79,0,0,14.156705,-0.02237,0.00735,-0.02111,-0.01224,0.00973,-0.01313,0.00427,0.00214,-1.47990,0.10122,3.27711
2.80,0,0,13.993035,-0.01779,0.00230,-0.01924,-0.01143,0.00725,-0.01277,0.00511,0.00266,-1.48408,0.10164,3.27631
2.81,0,0,14.006880,-0.01700,0.00443,-0.02030,-0.01261,0.01527,-0.01135,0.00622,0.00142,-1.48019,0.10192,3.27780
2.82,0,0,13.859749,-0.01836,0.00336,-0.01928,-0.01570,0.00762,-0.01292,0.00540,0.00341,-1.47944,0.10129,3.27698
2.83,0,0,13.752555,-0.01539,0.00525,-0.01998,-0.01435,0.01007,-0.01199,0.00657,0.00388,-1.47797,0.10065,3.27702
2.84,0,0,13.604826,-0.01777,0.00371,-0.02013,-0.01417,0.00879,-0.01183,0.00461,0.00317,-1.47873,0.10019,3.27664
2.85,0,0,13.465420,-0.01696,0.00316,-0.02105,-0.01253,0.00798,-0.01179,0.00942,0.00203,-1.47807,0.10043,3.27670
2.86,0,0,13.350502,-0.01711,0.00314,-0.01888,-0.01303,0.00871,-0.01242,0.00527,0.00218,-1.48031,0.10104,3.27719
2.87,0,0,13.279261,-0.01818,0.00306,-0.01923,-0.01262,0.02042,-0.00699,0.00661,0.00366,-1.48095,0.10080,3.27763
2.88,0,0,13.144743,-0.01681,0.00382,-0.02004,-0.01435,0.00696,-0.00615,0.00384,0.00319,-1.47990,0.10037,3.27710
2.89,0,0,13.077765,-0.01733,0.00388,-0.02116,-0.01460,0.00841,-0.00980,0.00600,0.00308,-1.47978,0.10042,3.27646
2.90,0,0,12.976793,-0.01722,0.00168,-0.02003,-0.01414,0.00880,-0.01210,0.00454,0.00323,-1.47869,0.10168,3.27742
2.91,0,1,12.901367,-0.01930,0.00858,-0.02264,-0.01802,0.00807,-0.01153,-0.02959,0.00118,-1.47980,0.10144,3.27680
2.92,0,0,12.956974,-0.01377,0.00838,-0.01761,-0.01213,0.00796,-0.01247,0.00694,0.00309,-1.47711,0.10148,3.27797
2.93,0,0,13.409448,-0.02026,0.00357,-0.02029,-0.01337,0.00897,-0.01343,-0.00305,0.01357,-1.47760,0.10170,3.27672
2.94,0,0,13.899356,-0.01639,0.00488,-0.01989,-0.01271,0.00867,-0.01237,0.01747,0.00308,-1.48022,0.10277,3.27704
2.95,0,0,14.089933,-0.01824,0.00241,-0.01721,-0.01379,0.00777,-0.01235,-0.00879,0.00192,-1.47853,0.10284,3.27585
2.96,0,0,14.388185,-0.01824,0.00046,-0.02208,-0.01262,0.00815,-0.01122,0.00338,0.00020,-1.47970,0.10297,3.27772
2.97,0,0,14.644192,-0.01774,0.00209,-0.02725,-0.01198,0.00760,-0.01155,-0.00999,0.00257,-1.48107,0.10237,3.27782
2.98,0,0,14.855486,-0.01735,0.00320,-0.02435,-0.01384,0.00741,-0.01153,0.00492,-0.00250,-1.47781,0.10193,3.27713
2.99,0,0,15.100066,-0.01863,0.00199,-0.02427,-0.01606,0.00912,-0.01218,0.00251,0.01025,-1.47714,0.10166,3.27748
3.00,0,0,15.281803,-0.01894,0.00365,-0.02059,-0.01191,0.00844,-0.01241,0.00659,0.00393,-1.48087,0.10112,3.27724
3.01,1,0,15.490223,-0.01905,0.00404,-0.02106,-0.01382,0.00780,-0.01245,0.00520,0.00302,-1.47786,0.10061,3.27664
3.02,0,0,15.521349,-0.01692,0.00247,-0.02132,-0.01554,0.00756,-0.01181,0.00728,0.00331,-1.48050,0.10067,3.27731
3.03,0,0,15.425326,-0.01838,0.00311,-0.01642,-0.01409,0.00866,-0.01277,0.00728,0.00236,-1.48004,0.10043,3.27692
3.04,0,0,15.212571,-0.01918,0.00380,-0.01994,-0.01247,0.00939,-0.01279,0.00710,0.00331,-1.47800,0.10097,3.27844
3.05,0,0,15.053103,-0.01732,0.00385,-0.02065,-0.01475,0.00745,-0.01278,0.01790,0.00238,-1.47888,0.10063,3.27617
3.06,0,0,14.828206,-0.01859,0.00441,-0.01979,-0.01507,0.00844,-0.01187,0.00663,0.00239,-1.47641,0.10082,3.27658
3.07,0,0,14.731887,-0.01646,0.00250,-0.01973,-0.01021,0.00839,-0.01516,0.00530,0.00240,-1.47817,0.10203,3.27667
3.08,0,0,14.549117,-0.01665,0.00646,-0.02034,-0.01412,0.00796,-0.01268,0.00594,0.00250,-1.47719,0.10293,3.27833
3.09,0,0,14.474634,-0.01755,0.00326,-0.01934,-0.01382,0.00968,-0.01191,0.00510,0.00127,-1.47835,0.10255,3.27753
3.10,0,0,14.346910,-0.01713,0.00324,-0.01994,-0.01180,0.00811,-0.01196,0.00529,0.00438,-1.47909,0.10114,3.27612
3.11,0,0,14.225632,-0.01707,0.00320,-0.02101,-0.01445,0.00864,-0.01246,0.00531,0.00213,-1.47950,0.10026,3.27670
3.12,0,0,14.123175,-0.01694,0.00339,-0.01959,-0.01301,0.00772,-0.01248,0.00490,0.00269,-1.47965,0.10008,3.27681
3.13,0,0,13.969622,-0.01759,0.00515,-0.01952,-0.01377,0.00793,-0.01202,0.00568,0.00247,-1.47951,0.10040,3.27638
3.14,0,0,13.872865,-0.01798,0.00350,-0.02115,-0.01450,0.00951,-0.01215,0.00303,0.00293,-1.48495,0.10198,3.27739
3.15,0,0,13.737155,-0.01495,0.00668,-0.02024,-0.01814,0.00935,-0.01298,0.00362,0.00338,-1.47812,0.10279,3.27606
3.16,0,0,13.582188,-0.01780,0.00359,-0.02107,-0.01259,0.00774,-0.01188,0.00615,0.00366,-1.47792,0.10235,3.27628
3.17,0,0,13.409698,-0.01862,0.00325,-0.01963,-0.01191,0.00859,-0.01320,0.00474,0.00264,-1.47871,0.10110,3.27754
3.18,0,0,13.284114,-0.01754,0.00369,-0.02004,-0.01307,0.00804,-0.01190,0.00667,0.00322,-1.47942,0.10035,3.27709
3.19,0,0,13.144411,-0.01849,0.00490,-0.02110,-0.01662,0.00748,-0.01171,0.00393,0.00187,-1.48321,0.10111,3.27714
3.20,0,0,13.010886,-0.01801,0.00488,-0.01852,-0.01448,0.00852,-0.01292,0.00627,0.00205,-1.48000,0.10274,3.27740
3.21,0,0,12.877949,-0.01731,0.00334,-0.02069,-0.01349,0.00886,-0.01207,0.00482,0.00297,-1.47859,0.10322,3.27751
3.22,0,0,12.757438,-0.01750,0.00398,-0.01867,-0.01345,0.00809,-0.01299,0.00598,0.00298,-1.47870,0.10281,3.27776
3.23,0,0,12.615575,-0.01687,0.00392,-0.02049,-0.01290,0.00833,-0.01144,0.00596,0.00226,-1.47949,0.10185,3.27713
3.24,0,0,12.586992,-0.01522,0.00516,-0.01887,-0.01423,0.00927,-0.01441,0.00594,0.00142,-1.48015,0.10094,3.27708
3.25,0,0,12.487423,-0.01720,0.00442,-0.02034,-0.01288,0.00834,-0.00938,0.00751,0.00127,-1.47818,0.10085,3.27702
3.26,0,0,12.448484,-0.01765,-0.00055,-0.02075,-0.01322,0.00861,-0.01250,0.00332,0.00339,-1.47924,0.10110,3.27686
3.27,0,0,11.937738,-0.01440,0.00524,-0.02142,-0.01614,0.00734,0.00699,0.00941,0.00255,-1.47781,0.10101,3.27698
3.28,0,0,12.164195,-0.01633,0.00377,-0.01943,-0.01342,-0.00322,-0.01564,0.00081,0.00220,-1.47962,0.10073,3.27794
3.29,0,0,12.128714,-0.01497,0.00400,-0.02177,-0.01382,0.03616,0.03348,0.00657,0.00343,-1.47994,0.09969,3.27772
3.30,0,0,12.067065,-0.01974,0.00844,-0.02060,-0.01218,0.00817,-0.02244,0.00297,0.00211,-1.48224,0.09980,3.27754
3.31,0,0,11.924509,-0.02082,-0.00479,-0.02833,-0.00461,-0.00898,-0.00779,0.01035,0.00689,-1.47444,0.10090,3.27644
3.32,0,1,11.821030,-0.01650,0.00757,-0.01135,-0.02120,0.01472,-0.01567,-0.00679,-0.00228,-1.47888,0.10095,3.27695
3.33,0,0,11.871213,-0.01736,0.00546,-0.02182,-0.01168,0.00484,-0.01266,0.02220,-0.01453,-1.47748,0.10007,3.27715
3.34,0,0,12.554554,-0.01726,0.00163,-0.02152,-0.01486,0.00727,-0.01138,0.01302,0.00151,-1.47865,0.10009,3.27826
3.35,0,0,13.168767,-0.01637,0.00821,-0.01776,-0.01874,0.01306,-0.01312,0.00086,0.00381,-1.47835,0.10066,3.27681
3.36,0,0,13.388332,-0.02314,0.00124,-0.02654,-0.01180,0.00558,-0.01203,0.01035,0.00900,-1.47846,0.10090,3.27695
3.37,0,0,13.518998,-0.01759,0.00975,-0.01663,-0.01473,0.00952,-0.01454,0.01358,-0.00400,-1.47944,0.10049,3.27681
3.38,0,0,13.649545,-0.02262,0.00386,-0.02136,-0.01139,0.00702,-0.01152,0.02865,0.00466,-1.47877,0.10012,3.27699
3.39,0,0,13.583967,-0.02280,0.00344,-0.02192,-0.01322,0.00818,-0.01243,0.02502,0.00366,-1.47949,0.09977,3.27753
3.40,0,0,13.539469,-0.01755,0.00475,-0.02462,-0.01536,0.00953,-0.01181,0.00207,-0.00177,-1.47851,0.10062,3.27693
3.41,0,0,13.597325,-0.01750,0.00258,-0.02717,-0.01498,0.00760,-0.01215,0.00892,0.00044,-1.47919,0.10106,3.27792
3.42,0,0,13.604039,-0.01778,0.00510,-0.01458,-0.01396,0.00948,-0.01277,-0.00340,0.00107,-1.47503,0.10082,3.27745
3.43,0,0,13.771330,-0.01731,0.00173,-0.01725,-0.01104,0.00869,-0.01221,0.00477,-0.00018,-1.48017,0.09979,3.27768
3.44,0,0,13.759373,-0.01596,0.00294,-0.02281,-0.01401,0.00879,-0.01243,0.00094,-0.01376,-1.47833,0.09952,3.27763
3.45,0,0,13.771878,-0.01412,0.00405,-0.02141,-0.01494,0.00782,-0.01368,0.00447,0.00293,-1.47964,0.09948,3.27749
3.46,0,0,13.883520,-0.01733,0.00425,-0.01904,-0.01276,0.00793,-0.01263,-0.03565,-0.01481,-1.47384,0.09955,3.27713
3.47,0,0,14.027361,-0.01770,0.00375,-0.01963,-0.01429,0.00786,-0.01249,0.01423,0.00121,-1.48056,0.10003,3.27713
3.48,0,0,14.284597,-0.01768,0.00500,-0.02054,-0.01284,0.00926,-0.01255,0.00824,-0.00615,-1.47806,0.09992,3.27753
3.49,0,0,14.565872,-0.01724,0.00336,-0.02217,-0.01436,0.00966,-0.01319,0.00906,0.00195,-1.47606,0.09924,3.27702
3.50,0,0,15.068592,-0.01890,0.00466,-0.02030,-0.01411,0.00837,-0.01174,0.00615,0.00344,-1.48072,0.09943,3.27591
3.51,0,0,15.519721,-0.01844,0.00334,-0.02338,-0.01332,0.00862,-0.01244,0.00628,0.00309,-1.47892,0.09997,3.27713
3.52,1,0,15.809923,-0.01678,0.00450,-0.01481,-0.01494,0.00785,-0.01169,0.00657,0.00219,-1.48139,0.09955,3.27785
3.53,0,0,15.914731,-0.01755,0.00493,-0.02119,-0.01405,0.00958,-0.01146,0.00505,0.00326,-1.47857,0.09959,3.27681
3.54,0,0,15.766470,-0.01881,0.00366,-0.02040,-0.01349,0.00846,-0.01315,0.00427,0.00217,-1.47854,0.09988,3.27660
3.55,0,0,15.635144,-0.01733,0.00366,-0.01978,-0.01276,0.00820,-0.01199,0.00519,0.00245,-1.47842,0.09956,3.27789
3.56,0,0,15.489580,-0.01689,0.00358,-0.02050,-0.01351,0.01494,-0.01257,0.00547,0.00267,-1.48021,0.09924,3.27693
3.57,0,0,15.314707,-0.01447,0.00626,-0.02035,-0.01577,0.00761,-0.01296,0.00319,0.00305,-1.47825,0.09952,3.27835
3.58,0,0,15.150304,-0.01646,0.00388,-0.02038,-0.01349,0.00824,-0.01198,0.00473,0.00310,-1.47843,0.09918,3.27728
3.59,0,0,15.043371,-0.01755,0.00877,-0.02003,-0.02062,0.00867,-0.01205,0.00683,0.00269,-1.47698,0.09899,3.27775
3.60,0,0,14.922227,-0.02227,0.00344,-0.02060,-0.01552,0.00681,-0.01143,0.00484,0.00392,-1.48465,0.09942,3.27733
3.61,0,0,14.692315,-0.01543,0.00406,-0.02024,-0.01526,0.00751,-0.01177,0.00596,0.00313,-1.47756,0.09937,3.27780
3.62,0,0,14.637466,-0.01761,0.00377,-0.02095,-0.01297,0.00876,-0.01318,0.00608,0.00234,-1.47699,0.09992,3.27701
3.63,0,0,14.559227,-0.01924,0.00339,-0.02040,-0.01188,0.00823,-0.01183,0.00580,0.00316,-1.47986,0.10033,3.27713
3.64,0,0,14.427296,-0.01761,0.00403,-0.01939,-0.01331,0.00742,-0.01205,0.00414,0.00232,-1.47965,0.10046,3.27684
3.65,0,0,14.238742,-0.01575,0.00482,-0.01974,-0.01453,0.00782,-0.01146,0.00354,0.00318,-1.47972,0.10040,3.27736
3.66,0,0,14.121148,-0.01637,0.00306,-0.02076,-0.01355,0.00768,-0.01147,0.00503,0.00234,-1.47653,0.10020,3.27701
3.67,0,0,14.049072,-0.01772,0.00661,-0.01974,-0.01633,0.00890,-0.01263,0.00647,0.00254,-1.48078,0.10038,3.27658
3.68,0,0,13.945109,-0.01788,0.00317,-0.02050,-0.01312,0.00826,-0.01175,0.00555,0.00395,-1.47876,0.10061,3.27635
3.69,0,0,13.853240,-0.01808,0.00560,-0.01979,-0.01426,0.00970,-0.03137,0.00207,0.00267,-1.48016,0.10058,3.27631
3.70,0,0,13.777052,-0.02101,0.00222,-0.02060,-0.01397,0.00797,-0.01215,0.00529,0.00480,-1.47997,0.10005,3.27728
3.71,0,0,13.655548,-0.01778,0.00314,-0.02066,-0.01469,0.00917,-0.01226,0.00555,0.00195,-1.47846,0.09995,3.27704
3.72,0,0,13.604953,-0.01654,0.00445,-0.02024,-0.01331,0.00843,-0.01315,0.00563,-0.00208,-1.47816,0.10058,3.27719
3.73,0,1,13.521287,-0.00992,-0.02003,-0.02122,-0.01934,0.00745,-0.01240,-0.00630,0.00167,-1.47898,0.10105,3.27832
3.74,0,0,13.477804,-0.02194,0.00097,-0.01977,-0.01138,0.00868,-0.01261,0.00135,0.00338,-1.47827,0.10104,3.27775
3.75,0,0,13.761776,-0.02062,0.00852,-0.02219,-0.01204,0.00914,-0.01163,-0.02873,-0.00397,-1.47723,0.10076,3.27803
3.76,0,0,14.131939,-0.01914,0.00223,-0.02019,-0.01222,0.00896,-0.01117,-0.03963,0.00283,-1.47777,0.10017,3.27747
3.77,0,0,14.403517,-0.01728,0.00765,-0.02191,-0.01336,0.00850,-0.01098,0.00702,0.00359,-1.48095,0.10018,3.27640
3.78,0,0,14.840660,-0.01907,0.00419,-0.01852,-0.01251,0.00849,-0.01253,-0.00299,0.00201,-1.47773,0.10010,3.27719
3.79,0,0,15.098121,-0.01774,0.00312,-0.02130,-0.01302,0.00896,-0.01251,-0.00361,0.00380,-1.47554,0.09965,3.27759
3.80,1,0,15.329218,-0.01764,0.00531,-0.01984,-0.01320,0.00843,-0.01240,0.01592,-0.00001,-1.47816,0.09995,3.27768
3.81,0,0,15.298567,-0.01781,0.00262,-0.01843,-0.01402,0.00827,-0.01353,0.00005,-0.00096,-1.48158,0.10023,3.27693
3.82,0,0,15.098512,-0.01648,0.00363,-0.02420,-0.01247,0.00854,-0.01152,0.00440,0.00298,-1.47828,0.10003,3.27643
3.83,0,0,14.936683,-0.01637,0.00354,-0.01927,-0.01250,0.00914,-0.01164,0.01742,0.00283,-1.47982,0.09961,3.27740
3.84,0,0,14.855315,-0.02638,0.00446,-0.01968,-0.01367,0.00892,-0.01211,0.00342,0.00341,-1.47824,0.10015,3.27582
3.85,0,0,14.668350,-0.01886,0.00387,-0.02065,-0.01407,0.00880,-0.01301,0.00462,-0.00080,-1.47872,0.10088,3.27716
3.86,0,0,14.563637,-0.01024,0.00368,-0.02095,-0.01375,0.00854,-0.01254,0.00496,0.00193,-1.47917,0.10121,3.27771
3.87,0,0,14.313370,-0.01660,0.00527,-0.02070,-0.01495,0.00800,-0.01261,0.00544,0.00336,-1.48019,0.10119,3.27707
3.88,0,0,14.187121,-0.01706,0.00367,-0.01933,-0.01397,0.00856,-0.01241,0.00561,0.00323,-1.47962,0.10075,3.27789
3.89,0,0,14.093537,-0.01750,0.00524,-0.02090,-0.01492,0.00865,-0.01215,0.00539,0.00211,-1.47788,0.10020,3.27629
3.90,0,0,13.929023,-0.01665,0.00409,-0.02024,-0.01349,0.00873,-0.01283,0.00446,-0.00028,-1.47778,0.10022,3.27737
3.91,0,0,13.850367,-0.02155,0.00359,-0.02015,-0.01564,0.00853,-0.01163,0.00575,0.00219,-1.47707,0.10057,3.27725
3.92,0,0,13.723873,-0.01617,0.00269,-0.01902,-0.01560,0.00843,-0.01082,0.00686,0.00218,-1.47770,0.10090,3.27734
3.93,0,0,13.608167,-0.01504,0.00225,-0.02023,-0.01389,0.00927,-0.01301,0.00853,-0.00128,-1.47688,0.10099,3.27657
3.94,0,1,13.548770,-0.01714,0.00748,-0.02405,-0.01215,0.00825,-0.01263,0.01081,0.01605,-1.47793,0.10094,3.27720
3.95,0,0,13.407873,-0.01805,0.00573,-0.02079,-0.01301,0.00847,-0.01174,-0.00194,0.00348,-1.47845,0.10071,3.27713
3.96,0,0,14.039987,-0.01790,0.00380,-0.01585,-0.01406,0.00834,-0.01239,-0.03311,0.00276,-1.47874,0.10033,3.27740
3.97,0,0,14.513082,-0.01764,0.00424,-0.01913,-0.01300,0.00851,-0.01201,-0.01670,0.00068,-1.47886,0.10041,3.27594
3.98,0,0,15.093532,-0.01833,0.00438,-0.02150,-0.01356,0.00802,-0.01070,0.00281,0.00443,-1.47867,0.10151,3.27751
3.99,0,0,15.539912,-0.01837,0.00375,-0.02087,-0.01558,0.00842,-0.01129,0.00226,0.00352,-1.47595,0.10133,3.27678
4.00,1,0,15.793782,-0.01720,0.00377,-0.02165,-0.01312,0.00835,-0.01236,0.00288,0.00311,-1.47942,0.10114,3.27757
4.01,0,0,15.768815,-0.01989,0.00452,-0.02105,-0.01246,0.00758,-0.01191,0.00758,0.00244,-1.47941,0.10031,3.27688
4.02,0,0,15.631341,-0.01727,0.00596,-0.01994,-0.01406,0.00906,-0.01243,0.00770,0.00316,-1.47847,0.09986,3.27699
4.03,0,0,15.477114,-0.01890,0.00323,-0.02043,-0.01256,0.00822,-0.01109,0.00732,0.00205,-1.48081,0.10024,3.27765
4.04,0,0,15.336130,-0.01892,0.00370,-0.01964,-0.01346,0.00871,-0.01213,0.00623,0.00187,-1.47921,0.09997,3.27809
4.05,0,0,15.166543,-0.01570,0.00629,-0.02106,-0.01545,0.00441,-0.00988,0.00490,0.00224,-1.47808,0.09945,3.27612
4.06,0,0,15.003715,-0.01770,0.00201,-0.02085,-0.01068,0.00926,-0.01160,0.00508,0.00443,-1.47885,0.09919,3.27658
4.07,0,0,14.897765,-0.01794,0.00389,-0.02069,-0.01331,0.00951,-0.01172,0.00461,0.00196,-1.47877,0.09827,3.27533
4.08,0,0,14.811479,-0.01853,0.01295,-0.02004,-0.01332,0.00818,-0.01346,0.00584,0.00106,-1.47670,0.09864,3.27682
4.09,0,0,14.667508,-0.01716,0.00540,-0.02086,-0.01335,0.00941,-0.01144,0.00450,0.00385,-1.47858,0.09892,3.27762
4.10,0,0,14.308671,-0.01779,0.00421,-0.02033,-0.01126,0.00718,-0.01182,0.00332,0.00214,-1.47968,0.09936,3.27736
4.11,0,0,14.416187,-0.01779,0.00462,-0.01995,-0.01245,0.00879,-0.01194,0.00470,0.00198,-1.47825,0.09909,3.27667
4.12,0,0,14.372381,-0.01735,0.00261,-0.02029,-0.01530,0.00785,-0.01261,0.00432,0.00331,-1.47392,0.09805,3.27655
4.13,0,0,14.213868,-0.01757,0.00175,-0.02111,-0.01863,0.00933,-0.01338,0.00442,0.00319,-1.47845,0.09822,3.27687
4.14,0,0,14.089459,-0.01748,0.00270,-0.02105,-0.01266,0.00816,-0.01151,0.00571,0.00245,-1.47934,0.09877,3.27769
4.15,0,0,13.998947,-0.01830,0.00284,-0.01958,-0.01222,0.00751,-0.01325,0.00500,0.00259,-1.48058,0.09947,3.27682
4.16,0,0,13.884829,-0.01694,0.00439,-0.02003,-0.01370,0.00860,-0.01221,0.00475,0.00249,-1.47869,0.09922,3.27806
4.17,0,0,13.775046,-0.01783,0.00494,-0.01954,-0.01378,0.00526,-0.01229,0.00565,0.00326,-1.47813,0.09872,3.27687
4.18,0,0,13.671871,-0.01806,0.00294,-0.02041,-0.01462,0.00876,-0.02314,0.00383,0.00286,-1.47990,0.09859,3.27658
4.19,0,0,13.581867,-0.01700,0.00319,-0.02106,-0.01375,0.00896,-0.01184,0.00493,0.00342,-1.48448,0.09876,3.27702
4.20,0,0,13.419181,-0.01772,0.00221,-0.02024,-0.01200,0.00809,-0.01117,0.00477,0.00323,-1.48033,0.09979,3.27698
4.21,0,0,13.327202,-0.01770,0.00440,-0.02060,-0.01348,0.00884,-0.01288,0.00504,0.00251,-1.47908,0.10036,3.27652
4.22,0,0,13.231021,-0.01772,0.00976,-0.02009,-0.01262,0.00862,-0.01254,0.00287,-0.00206,-1.47729,0.10017,3.27710
4.23,0,1,13.149747,-0.01678,0.00436,-0.01944,-0.01254,0.00874,-0.01288,0.00602,0.00510,-1.47663,0.09941,3.27660
4.24,0,0,13.155800,-0.02094,0.00259,-0.02029,-0.01449,0.00857,-0.01256,0.00431,0.00306,-1.47801,0.09876,3.27716
4.25,0,0,13.453543,-0.01870,0.00033,-0.02085,-0.01511,0.00823,-0.01288,0.00527,0.00714,-1.47968,0.09843,3.27782
4.26,0,0,13.829169,-0.01622,0.00625,-0.02178,-0.01342,0.00903,-0.01215,0.00820,0.00174,-1.47910,0.09913,3.27736
4.27,0,0,14.081006,-0.01992,0.00398,-0.02049,-0.01468,0.00829,-0.01247,0.00510,0.00241,-1.48002,0.09932,3.27663
4.28,0,0,14.182380,-0.01812,0.00345,-0.02131,-0.01308,0.00819,-0.01305,0.03524,0.00550,-1.47860,0.09929,3.27719
4.29,0,0,14.354317,-0.01415,0.00351,-0.02210,-0.01317,0.00930,-0.01292,0.00602,0.00274,-1.47949,0.10008,3.27666
4.30,0,0,14.521018,-0.01832,0.00380,-0.01471,-0.01316,0.00862,-0.01265,-0.00714,0.00883,-1.47911,0.10076,3.27800
4.31,0,0,14.669835,-0.01894,0.00472,-0.02183,-0.01376,0.00776,-0.01164,0.00576,0.00339,-1.47870,0.10114,3.27713
4.32,0,0,14.798387,-0.01667,0.00291,-0.02024,-0.01584,0.00824,-0.01279,0.00402,0.00103,-1.47903,0.10124,3.27768
4.33,0,0,14.969237,-0.01641,0.00281,-0.02031,-0.01328,0.00901,-0.01204,0.02353,0.00250,-1.47900,0.10111,3.27754
4.34,0,0,15.158528,-0.01781,0.00320,-0.02244,-0.01395,0.00840,-0.01240,0.00403,0.00427,-1.47962,0.10067,3.27713
4.35,0,0,15.431486,-0.01694,0.00454,-0.01938,-0.01332,0.00867,-0.01165,0.01188,-0.00263,-1.47904,0.10065,3.27727
4.36,0,0,15.701004,-0.01686,0.00363,-0.02178,-0.01326,0.00812,-0.01160,0.00198,0.04061,-1.47818,0.10109,3.27674
4.37,0,0,15.989623,-0.01842,0.00308,-0.01948,-0.01335,0.00923,-0.01192,0.00161,0.00099,-1.48005,0.10124,3.27711
4.38,1,0,16.226957,-0.01827,0.00343,-0.01999,-0.01452,0.00797,-0.01118,0.00616,0.00244,-1.47913,0.10048,3.27736
4.39,0,0,16.301585,-0.02062,0.00292,-0.02000,-0.01614,0.00956,-0.01247,0.00563,0.00193,-1.47826,0.09934,3.27672
4.40,0,0,16.100031,-0.01670,0.00229,-0.01698,-0.01376,0.00807,-0.01323,0.00507,0.00323,-1.47854,0.09992,3.27742
4.41,0,0,15.882575,-0.02086,0.00321,-0.02009,-0.01771,0.01001,-0.01234,0.00393,0.00242,-1.48044,0.10120,3.27678
4.42,0,0,15.733056,-0.01870,0.00607,-0.02025,-0.01501,0.00894,-0.01242,0.00472,0.00137,-1.47971,0.10207,3.27675
4.43,0,0,15.627539,-0.02030,0.00534,-0.02089,-0.01268,0.00825,-0.01172,0.00461,0.00313,-1.47939,0.10289,3.27731
4.44,0,0,15.492826,-0.01796,0.00417,-0.02054,-0.01331,0.00842,-0.01223,0.00406,0.00212,-1.47979,0.10325,3.27747
4.45,0,0,15.384264,-0.01646,0.00317,-0.02004,-0.01323,0.00749,-0.01259,0.00572,0.00288,-1.47885,0.10253,3.27728
4.46,0,0,15.205152,-0.01794,0.00287,-0.01817,-0.01295,0.00930,-0.01202,0.00523,0.00367,-1.47816,0.10128,3.27804
4.47,0,0,15.066953,-0.01691,0.00315,-0.02085,-0.01443,0.00859,-0.01318,0.00461,0.00344,-1.48169,0.10093,3.27612
4.48,0,0,14.902956,-0.01401,0.00343,-0.01999,-0.01231,0.00891,-0.01177,0.00598,0.00248,-1.47953,0.10069,3.27670
4.49,0,0,14.793965,-0.01814,0.00272,-0.02085,-0.01451,0.00837,-0.01279,0.00527,0.00295,-1.47669,0.10075,3.27693
4.50,0,0,14.649544,-0.01722,0.00344,-0.02065,-0.01378,0.00847,-0.01235,0.00535,0.00247,-1.47738,0.10108,3.27739
4.51,0,0,14.537608,-0.01869,0.00353,-0.02115,-0.01382,0.00741,-0.01014,0.00807,0.00318,-1.48052,0.10114,3.27704
4.52,0,0,14.399097,-0.01897,0.00430,-0.01923,-0.01236,0.00866,-0.01335,0.00542,0.00198,-1.47760,0.10126,3.27701
4.53,0,0,14.192334,-0.01879,0.00236,-0.01952,-0.01221,0.00808,-0.01232,0.00614,0.00267,-1.47623,0.10114,3.27641
4.54,0,0,14.123565,-0.01840,0.00488,-0.02170,-0.01309,0.00830,-0.01286,0.00557,0.00308,-1.48033,0.10118,3.27727
4.55,0,0,14.110270,-0.01788,0.00437,-0.02035,-0.01323,0.00916,-0.01152,0.00478,0.00280,-1.47956,0.10154,3.27661
4.56,0,0,12.982134,-0.01515,0.00412,-0.02101,-0.01497,0.00824,-0.01582,0.00332,0.00259,-1.48039,0.10164,3.27702
4.57,0,0,13.673640,-0.01548,0.00259,-0.01994,-0.01435,0.00711,-0.01094,0.00494,0.00262,-1.48034,0.10126,3.27715
4.58,0,0,13.621635,-0.01888,0.00181,-0.02069,-0.00972,0.00852,0.03052,0.00356,0.00147,-1.47862,0.10125,3.27769
4.59,0,0,13.378609,-0.01927,0.00366,-0.02136,-0.01341,0.00842,-0.01252,0.00474,0.00108,-1.47939,0.10168,3.27669
4.60,0,0,13.342339,-0.01576,0.00197,-0.01988,-0.01104,0.01335,-0.01159,0.00583,0.00389,-1.47825,0.10188,3.27681
4.61,0,0,13.244357,-0.01687,0.00440,-0.02060,-0.01504,0.00854,-0.00115,0.00454,0.00302,-1.47952,0.10121,3.27706
4.62,0,0,13.120183,-0.01794,0.00389,-0.02121,-0.01304,0.00742,-0.01451,0.00450,0.00187,-1.47948,0.10047,3.27719
4.63,0,0,13.052626,-0.01602,0.00423,-0.02035,-0.01349,0.00790,-0.01354,0.00623,0.00081,-1.48059,0.10027,3.27789
4.64,0,1,12.947222,-0.01849,0.00317,-0.01944,-0.01302,0.00919,-0.01356,0.00306,0.00254,-1.48064,0.10038,3.27739
4.65,0,0,12.929277,-0.01805,0.00482,-0.02086,-0.01554,0.00793,-0.01297,0.00288,-0.00367,-1.47844,0.10001,3.27778
4.66,0,0,12.978326,-0.01847,0.00579,-0.02090,-0.01082,0.00917,-0.01201,0.01536,-0.00098,-1.47975,0.09965,3.27702
4.67,0,0,13.508952,-0.01992,0.00281,-0.02302,-0.01182,0.00869,-0.01390,0.00783,0.00434,-1.48018,0.09971,3.27677
4.68,0,0,14.035307,-0.01839,0.00278,-0.01974,-0.01338,0.00803,-0.01264,0.00670,0.00418,-1.47824,0.09996,3.27690
4.69,0,0,14.276667,-0.01885,0.00236,-0.02212,-0.01350,0.00824,-0.01201,0.00183,0.00441,-1.47929,0.10008,3.27707
4.70,0,0,14.549958,-0.01890,0.00594,-0.02055,-0.01323,0.00797,-0.01243,0.00916,-0.00560,-1.48016,0.10036,3.27654
4.71,0,0,14.818143,-0.01772,0.00354,-0.00888,-0.00822,0.00898,-0.01282,0.02923,0.01985,-1.47829,0.10111,3.27720
4.72,0,0,14.982837,-0.01685,0.00325,-0.02034,-0.01534,0.00865,-0.01182,0.00617,-0.00818,-1.47784,0.10096,3.27710
4.73,1,0,15.121479,-0.01770,0.00480,-0.01964,-0.01300,0.00873,-0.01249,0.01852,0.00324,-1.47901,0.10054,3.27664
4.74,0,0,15.094926,-0.01951,0.00542,-0.02157,-0.01134,0.00817,-0.01187,0.00541,0.00257,-1.47810,0.09982,3.27809
4.75,0,0,14.998983,-0.01750,0.00345,-0.02029,-0.01395,0.00751,-0.01248,0.00544,0.00317,-1.47811,0.09995,3.27676
4.76,0,0,14.868393,-0.01750,0.00183,-0.02086,-0.01285,0.00906,-0.01176,0.00408,0.00439,-1.47821,0.10159,3.27713
4.77,0,0,14.682953,-0.01871,0.00265,-0.02009,-0.01148,0.00864,-0.01241,0.00435,0.00361,-1.47908,0.10274,3.27796
4.78,0,0,14.557255,-0.02159,0.00254,-0.01978,-0.01382,0.00840,-0.01326,0.00526,0.00269,-1.48184,0.10309,3.27654
4.79,0,0,14.408124,-0.01833,0.00386,-0.02167,-0.01392,0.00874,-0.01205,0.00594,0.00206,-1.48033,0.10182,3.27692
4.80,0,0,14.289291,-0.01670,0.00393,-0.02070,-0.01299,0.00905,-0.01221,0.00662,0.00316,-1.47770,0.10114,3.27669
4.81,0,0,14.079111,-0.01750,0.00228,-0.02051,-0.01343,0.00874,-0.01247,0.00559,0.00280,-1.47997,0.10137,3.27688
4.82,0,0,13.908432,-0.01746,0.00291,-0.01953,-0.01394,0.00833,-0.01311,0.00465,0.00256,-1.47929,0.10164,3.27722
4.83,0,0,13.784589,-0.01877,0.00474,-0.02166,-0.01465,0.00833,-0.01287,0.00462,0.00308,-1.47630,0.10144,3.27672
4.84,0,0,13.612713,-0.01722,0.00363,-0.02125,-0.01364,0.00940,-0.01251,0.00621,0.00208,-1.47841,0.10087,3.27690
4.85,0,0,13.545317,-0.01519,0.00280,-0.01994,-0.01297,0.00839,-0.01328,0.00510,0.00227,-1.47954,0.10021,3.27612
4.86,0,0,13.448033,-0.01724,0.00316,-0.02151,-0.01332,0.00832,-0.03041,0.00390,0.00333,-1.47746,0.09969,3.27731
4.87,0,0,13.358652,-0.01822,0.00346,-0.02096,-0.01317,0.00784,-0.01300,0.00565,0.00214,-1.47981,0.10032,3.27734
4.88,0,0,13.273217,-0.01772,0.00144,-0.02085,-0.01378,0.00799,-0.01335,-0.00847,-0.00621,-1.47989,0.10059,3.27667
4.89,0,1,13.191695,-0.01787,0.00192,-0.01852,-0.01440,0.00824,-0.01257,-0.00072,0.00246,-1.47700,0.10061,3.27713
4.90,0,0,13.150282,-0.01822,0.00086,-0.02951,-0.01646,0.00744,-0.01300,0.00808,-0.02499,-1.47827,0.09972,3.27727
4.91,0,0,13.710407,-0.01820,0.00363,-0.02040,-0.01448,0.00723,-0.01221,0.00511,0.00295,-1.47588,0.09919,3.27740
4.92,0,0,14.246462,-0.01522,0.00396,-0.02207,-0.01448,0.00873,-0.00999,0.00502,0.00368,-1.47988,0.09966,3.27704
4.93,0,0,14.772647,-0.01591,0.00427,-0.01928,-0.01260,0.00938,-0.01249,0.00396,0.00219,-1.47658,0.10012,3.27736
4.94,0,0,14.930513,-0.01927,0.00260,-0.02126,-0.01397,0.00906,-0.01309,-0.00213,0.00310,-1.47941,0.10025,3.27713
4.95,1,0,15.125630,-0.01984,0.00356,-0.02045,-0.01325,0.00769,-0.01146,0.00934,0.00244,-1.47879,0.10014,3.27680
4.96,0,0,15.051115,-0.01676,0.00324,-0.02182,-0.01302,0.00692,-0.01197,0.00356,0.00103,-1.47912,0.09958,3.27673
4.97,0,0,14.913851,-0.01510,0.00456,-0.02156,-0.01304,0.00878,-0.01271,0.00769,0.00152,-1.47786,0.09920,3.27679
4.98,0,0,14.779947,-0.01750,0.00521,-0.01938,-0.01271,0.00788,-0.01164,0.00556,0.00303,-1.47935,0.10001,3.27725
4.99,0,0,14.619569,-0.01709,0.00420,-0.02023,-0.01466,0.00948,-0.01171,0.00298,0.00367,-1.48028,0.10085,3.27641
5.00,0,0,14.491827,-0.01683,0.00432,-0.01979,-0.01515,0.00645,-0.01143,0.00677,0.00213,-1.47933,0.09998,3.27658
5.01,0,0,14.308334,-0.01885,0.00421,-0.02066,-0.01257,0.00893,-0.01241,0.00513,0.00344,-1.47872,0.09834,3.27750
5.02,0,0,14.147275,-0.01595,0.00206,-0.01968,-0.01314,0.00812,-0.01346,0.00338,0.00255,-1.47915,0.09837,3.27667
5.03,0,0,13.312296,-0.01619,0.00267,-0.01948,-0.01193,0.00931,-0.01401,0.00420,0.00333,-1.47914,0.09853,3.27804
5.04,0,0,13.910094,-0.01654,0.00595,-0.02162,-0.01833,0.00851,-0.01180,0.00549,0.00196,-1.47929,0.09949,3.27724
5.05,0,0,13.829253,-0.01654,0.00551,-0.02030,-0.01351,0.00730,-0.01284,0.00437,0.00257,-1.47870,0.09938,3.27667
5.06,0,0,13.643007,-0.02043,0.00427,-0.01882,-0.01314,0.00809,-0.01594,0.00447,0.00352,-1.47863,0.09894,3.27680
5.07,0,0,13.674962,-0.01674,0.00432,-0.02076,-0.01384,0.00881,-0.01678,0.00432,0.00265,-1.47910,0.09919,3.27599
5.08,0,0,13.449803,-0.01715,0.00171,-0.02024,-0.01359,0.00913,-0.01328,0.00259,0.00351,-1.47949,0.09894,3.27678
5.09,0,0,13.321944,-0.01732,0.00333,-0.01954,-0.01335,0.00800,-0.01241,0.00523,0.00277,-1.47998,0.09939,3.27687
5.10,0,0,13.233404,-0.01827,0.00266,-0.01994,-0.01329,0.01158,-0.00652,0.00494,0.00287,-1.47999,0.09934,3.27762
5.11,0,0,13.120923,-0.01672,0.01122,-0.02040,-0.01368,0.00892,-0.01122,0.00470,0.00343,-1.48033,0.09821,3.27765
5.12,0,0,13.035160,-0.01934,0.00421,-0.02011,-0.01401,0.00927,-0.01287,0.00450,0.00280,-1.47952,0.09766,3.27718
5.13,0,0,12.916333,-0.01737,0.00500,-0.02004,-0.01216,0.00575,-0.00836,0.00428,0.00366,-1.47780,0.09795,3.27651
5.14,0,0,12.812120,-0.01824,0.00502,-0.02065,-0.01335,0.00553,-0.01302,0.00271,0.00285,-1.47874,0.09728,3.27617
5.15,0,0,12.654454,-0.01801,0.00400,-0.01989,-0.01359,0.00826,-0.02253,0.00471,0.00443,-1.47703,0.09889,3.27807
5.16,0,0,12.544701,-0.01737,0.00107,-0.02091,-0.01439,0.00843,-0.01230,0.00504,-0.00009,-1.47812,0.09908,3.27774
5.17,0,1,12.471951,-0.01875,0.00372,-0.02010,-0.01368,0.00805,-0.01282,-0.00158,0.01542,-1.48180,0.09851,3.27698
5.18,0,0,12.489045,-0.01410,0.01216,-0.01978,-0.01260,0.00818,-0.01264,0.00531,0.00056,-1.47966,0.09854,3.27681
5.19,0,0,12.759557,-0.02143,0.00450,-0.02050,-0.01360,0.00866,-0.01154,0.00666,0.00356,-1.47930,0.10038,3.27765
5.20,0,0,13.110209,-0.01545,0.00834,-0.02091,-0.01263,0.00718,-0.01162,0.01045,-0.00010,-1.47881,0.10082,3.27797
5.21,0,0,13.316085,-0.01729,0.03136,-0.02014,-0.01243,0.00852,-0.01199,0.00469,0.00297,-1.48067,0.10032,3.27648
5.22,0,0,13.475551,-0.01550,0.00379,-0.01587,-0.01301,0.00806,-0.01179,0.00709,0.00269,-1.47931,0.09977,3.27746
5.23,0,0,13.611678,-0.01382,0.01456,-0.02208,-0.01324,0.00821,-0.01293,0.01827,0.00036,-1.48257,0.09871,3.27708
5.24,0,0,13.663081,-0.02006,-0.00346,-0.02220,-0.01274,0.00803,-0.01138,-0.00873,0.00267,-1.47791,0.09943,3.27723
5.25,0,0,13.702384,-0.01674,0.01067,-0.02126,-0.01420,0.00772,-0.01226,0.01919,0.00267,-1.47821,0.10044,3.27720
5.26,0,0,13.766941,-0.01748,0.00118,-0.01958,-0.01367,0.00803,-0.01291,0.00251,-0.00060,-1.48034,0.10100,3.27684
5.27,0,0,13.958631,-0.01306,0.00479,-0.02207,-0.01193,0.00850,-0.01288,0.00464,0.00234,-1.47922,0.10073,3.27806
5.28,0,0,14.053073,-0.01759,0.00748,-0.02064,-0.01425,0.00779,-0.01127,0.00479,0.00274,-1.48169,0.10051,3.27696
5.29,0,0,14.070123,-0.01783,0.00164,-0.02490,-0.01411,0.00900,-0.01163,-0.01227,0.00451,-1.47867,0.10057,3.27710
5.30,0,0,14.127541,-0.01467,0.00607,-0.01496,-0.01343,0.00746,-0.01278,0.00116,0.00069,-1.48207,0.10082,3.27823
5.31,0,0,14.200523,-0.01956,0.00349,-0.02142,-0.01368,0.00820,-0.01223,0.00395,0.00132,-1.47860,0.10114,3.27716
5.32,0,0,14.281583,-0.01578,0.00717,-0.01817,-0.01492,0.00791,-0.01257,0.00300,0.00410,-1.47847,0.10068,3.27631
5.33,0,0,14.391547,-0.01643,0.00591,-0.01800,-0.01298,0.00841,-0.01298,0.01116,0.00164,-1.48069,0.10004,3.27729
5.34,0,0,14.487208,-0.01803,0.00416,-0.02325,-0.01375,0.00785,-0.01145,0.00671,-0.00425,-1.47914,0.10020,3.27648
5.35,0,0,14.661754,-0.01949,0.00576,-0.02044,-0.01356,0.00725,-0.01247,0.00947,0.00413,-1.47861,0.10037,3.27684
5.36,0,0,14.960885,-0.01624,0.00360,-0.02121,-0.01420,0.00819,-0.01318,0.01307,0.00316,-1.47841,0.10032,3.27693
5.37,0,0,15.205429,-0.01726,0.00497,-0.02044,-0.01365,0.00901,-0.01314,0.00544,0.00136,-1.48024,0.09966,3.27693
5.38,0,0,15.415680,-0.01604,0.00414,-0.02203,-0.01353,0.00843,-0.01353,0.00452,0.00046,-1.47646,0.09935,3.27715
5.39,1,0,15.802459,-0.01714,0.00390,-0.02020,-0.01406,0.00875,-0.01248,0.00381,0.00247,-1.47835,0.09867,3.27753
5.40,0,0,15.695353,-0.02085,0.00132,-0.01888,-0.01292,0.00837,-0.01088,0.00398,0.00417,-1.48223,0.09861,3.27613
5.41,0,0,15.574183,-0.02113,0.00320,-0.01856,-0.01384,0.00836,-0.01038,0.00271,0.00402,-1.47695,0.09919,3.27745
5.42,0,0,15.332454,-0.01650,0.00343,-0.01933,-0.01370,0.00946,-0.01232,0.00467,0.00165,-1.47761,0.09973,3.27681
5.43,0,0,15.203824,-0.01532,0.00368,-0.02019,-0.01348,0.00855,-0.01357,0.00410,0.00190,-1.48117,0.10005,3.27702
5.44,0,0,15.088702,-0.01805,0.00366,-0.02014,-0.01357,0.00918,-0.01204,0.00322,0.00244,-1.47893,0.10028,3.27644
5.45,0,0,14.931707,-0.01711,0.00302,-0.01932,-0.01148,0.00684,-0.01249,0.00398,0.00289,-1.47953,0.09988,3.27705
5.46,0,0,14.799635,-0.01857,0.00328,-0.02046,-0.01257,0.00914,-0.01235,0.00590,0.00253,-1.47802,0.09953,3.27718
5.47,0,0,14.690678,-0.01686,0.00414,-0.02019,-0.01381,0.00797,-0.01311,0.00495,0.00311,-1.47885,0.09963,3.27706
5.48,0,0,14.566533,-0.01060,0.00213,-0.02065,-0.01218,0.00783,-0.01295,0.00608,0.00341,-1.48101,0.09897,3.27661
5.49,0,0,14.388269,-0.01779,0.00282,-0.02080,-0.01366,0.00750,-0.01190,0.00590,0.00339,-1.47892,0.09924,3.27745
5.50,0,0,14.350027,-0.01807,0.00278,-0.01963,-0.01356,0.00769,-0.01312,0.00352,0.00208,-1.47882,0.09995,3.27614
5.51,0,0,14.246809,-0.01918,0.00328,-0.02065,-0.01358,0.00819,-0.01084,0.00523,0.00306,-1.47988,0.10056,3.27778
5.52,0,0,14.161724,-0.01764,0.00451,-0.02141,-0.01322,0.00748,-0.01188,0.00477,0.00247,-1.47856,0.10106,3.27672
5.53,0,0,13.989866,-0.02028,0.00308,-0.01923,-0.01271,0.00392,-0.01375,0.00222,0.00147,-1.47812,0.10051,3.27740
5.54,0,0,13.864499,-0.01885,0.00309,-0.02085,-0.01338,0.00884,-0.01279,0.00622,0.00412,-1.47952,0.10032,3.27728
5.55,0,0,13.752086,-0.01794,0.00401,-0.01922,-0.01344,0.00765,-0.01139,0.00523,0.00308,-1.47980,0.10101,3.27778
5.56,0,0,13.626391,-0.01838,0.00449,-0.02086,-0.01361,0.00735,-0.01348,0.00527,0.00290,-1.47816,0.10118,3.27678
5.57,0,0,13.567596,-0.01741,0.00373,-0.02036,-0.01326,0.00811,-0.01226,0.00428,0.00273,-1.47803,0.10105,3.27683
5.58,0,0,13.428637,-0.01704,0.00462,-0.01989,-0.01335,0.00864,-0.01313,0.00285,0.00349,-1.47949,0.10052,3.27702
5.59,0,0,13.334948,-0.01875,0.00309,-0.02054,-0.01380,0.00856,-0.01245,0.00534,0.00198,-1.47759,0.10023,3.27738
5.60,0,0,13.244738,-0.01744,0.00530,-0.01907,-0.01041,0.00792,-0.01171,0.00005,0.00141,-1.47817,0.10043,3.27681
5.61,0,1,13.213018,-0.01822,0.00664,-0.02035,-0.01299,0.00765,-0.01157,0.00320,0.00103,-1.47674,0.10064,3.27690
5.62,0,0,13.234225,-0.02221,0.00202,-0.02050,-0.01441,0.00772,-0.01146,0.00346,0.00293,-1.48054,0.09974,3.27670
5.63,0,0,13.557183,-0.01810,0.00655,-0.02443,-0.01307,0.00865,-0.01243,0.00634,0.00209,-1.48333,0.09877,3.27727
5.64,0,0,13.892954,-0.01783,0.00535,-0.02359,-0.01042,0.00892,-0.01270,0.00786,0.00251,-1.48268,0.09921,3.27713
5.65,0,0,14.197320,-0.01692,0.00181,-0.01781,-0.01457,0.00799,-0.01317,0.00680,0.00400,-1.47669,0.09986,3.27697
5.66,0,0,14.416050,-0.00408,0.00240,-0.02283,-0.01453,0.00840,-0.01187,0.00748,0.00114,-1.48207,0.10039,3.27696
5.67,0,0,14.657194,-0.01545,0.00278,-0.02401,-0.01356,0.00837,-0.01229,0.00819,0.00170,-1.47801,0.10051,3.27668
5.68,0,0,14.989976,-0.02456,0.00325,-0.02025,-0.01422,0.00831,-0.01257,-0.00390,0.00332,-1.47963,0.09992,3.27687
5.69,0,0,15.338262,-0.01814,0.00344,-0.01928,-0.01244,0.00894,-0.01183,0.00232,0.00418,-1.47921,0.09956,3.27652
5.70,0,0,15.624352,-0.01656,0.00458,-0.01835,-0.01384,0.00864,-0.01236,0.00769,0.00475,-1.47847,0.09998,3.27775
5.71,0,0,15.857693,-0.01683,0.00200,-0.02026,-0.01403,0.00768,-0.01102,0.00357,0.00303,-1.47765,0.10049,3.27728
5.72,0,0,16.329378,-0.01925,0.00330,-0.02050,-0.01224,0.00752,-0.01204,0.00492,0.00298,-1.47912,0.10028,3.27640
5.73,1,0,16.496305,-0.01841,0.00275,-0.02036,-0.01158,0.00331,-0.01096,-0.00082,0.00247,-1.47888,0.09899,3.27778
5.74,0,0,16.526691,-0.01951,0.00357,-0.02045,-0.01360,0.00804,-0.01189,0.00453,0.00246,-1.47880,0.09835,3.27707
5.75,0,0,16.399170,-0.01482,0.00371,-0.01932,-0.01215,0.00869,-0.01230,0.00397,0.00261,-1.48083,0.09835,3.27690
5.76,0,0,16.224697,-0.01150,0.00363,-0.01943,-0.01332,0.00824,-0.01242,0.00485,0.00236,-1.48060,0.09947,3.27697
5.77,0,0,16.124265,-0.01809,0.00416,-0.01964,-0.01461,0.00854,-0.01204,0.00614,0.00222,-1.47866,0.10019,3.27722
5.78,0,0,15.991277,-0.02424,0.00278,-0.02111,-0.01404,0.00911,-0.01148,0.00569,0.00269,-1.47859,0.10032,3.27658
5.79,0,0,15.854063,-0.01877,0.00316,-0.01954,-0.01390,0.00859,-0.01225,0.00385,0.00349,-1.47938,0.09976,3.27663
5.80,0,0,15.696702,-0.01765,0.00297,-0.02028,-0.01192,0.00836,-0.01296,0.00625,0.00314,-1.48112,0.09949,3.27711
5.81,0,0,15.570959,-0.01853,0.00208,-0.01917,-0.01360,0.00725,-0.01207,0.00663,0.00259,-1.47793,0.09979,3.27614
5.82,0,0,15.396576,-0.01877,0.00363,-0.02089,-0.01431,0.00813,-0.01213,0.00432,0.00339,-1.47747,0.09932,3.27839
5.83,0,0,15.310675,-0.01589,0.00387,-0.01993,-0.01591,0.00972,-0.01180,0.00480,0.00331,-1.47900,0.09926,3.27780
5.84,0,0,15.162688,-0.01746,0.00408,-0.02050,-0.01490,0.00806,-0.01127,0.00405,0.00174,-1.47903,0.09933,3.27767
5.85,0,0,15.042637,-0.01727,0.00426,-0.02020,-0.01290,0.00816,-0.01039,0.00547,0.00273,-1.48050,0.10030,3.27666
5.86,0,0,14.881753,-0.01914,0.00228,-0.02116,-0.01570,0.00876,-0.01380,0.00558,0.00217,-1.47932,0.10020,3.27721
5.87,0,0,14.770080,-0.01818,0.00432,-0.02081,-0.01468,0.00915,-0.01233,0.00583,0.00259,-1.47841,0.10042,3.27722
5.88,0,0,14.645355,-0.01877,0.00687,-0.02009,-0.01750,0.00857,-0.01198,0.00572,0.00231,-1.47873,0.10009,3.27630
5.89,0,0,14.605285,-0.01721,0.00255,-0.02050,-0.01406,0.00953,-0.01271,0.00557,0.00239,-1.47790,0.09974,3.27731
5.90,0,0,13.217073,-0.01053,0.00325,-0.02024,-0.01697,0.00799,-0.01353,0.00641,0.00372,-1.47912,0.09977,3.27677
5.91,0,0,14.185506,-0.01670,0.00306,-0.02029,-0.01381,0.00914,-0.01208,0.00580,0.00288,-1.48017,0.10011,3.27722
5.92,0,0,14.117963,-0.01480,0.00752,-0.02026,-0.01589,0.00753,-0.01205,0.00625,0.00214,-1.47860,0.09998,3.27742
5.93,0,0,13.981313,-0.01860,0.00612,-0.02177,-0.01499,0.00816,-0.01194,0.00489,0.00253,-1.48003,0.09989,3.27715
5.94,0,0,13.909144,-0.01886,0.00652,-0.02056,-0.01337,0.00797,-0.01285,0.00559,0.00297,-1.47945,0.09983,3.27777
5.95,0,0,13.801034,-0.01548,0.00378,-0.02025,-0.01252,0.00735,-0.01227,0.00507,0.00275,-1.47991,0.10017,3.27711
5.96,0,0,13.669542,-0.02095,0.00449,-0.02081,-0.01204,0.00902,-0.01215,0.00550,0.00275,-1.47364,0.10030,3.27675
5.97,0,0,13.534118,-0.01838,0.00372,-0.02254,-0.01227,0.00649,-0.01453,0.00522,0.00298,-1.47583,0.10139,3.27638
5.98,0,0,13.366561,-0.01659,0.00440,-0.02004,-0.01711,0.00809,-0.01193,0.00484,0.00376,-1.48460,0.10074,3.27663
5.99,0,0,13.248622,-0.01635,0.00303,-0.02242,-0.01321,0.00724,-0.01110,0.00882,0.00185,-1.47876,0.10039,3.27663
6.00,0,0,13.155306,-0.01837,0.00443,-0.01887,-0.01384,0.00764,-0.01339,0.00383,0.00323,-1.47698,0.10053,3.27707
6.01,0,0,13.061553,-0.01677,0.00267,-0.02015,-0.01315,0.00906,-0.03357,0.00526,0.00231,-1.47875,0.10121,3.27749
6.02,0,0,12.971311,-0.01816,0.00171,-0.02070,-0.01323,0.00568,-0.01101,0.00413,0.00185,-1.47850,0.10189,3.27742
6.03,0,0,12.836034,-0.01811,0.00393,-0.01963,-0.01248,0.00864,-0.01248,0.00454,0.00385,-1.48010,0.10231,3.27701
6.04,0,0,12.735566,-0.01687,0.00302,-0.02043,-0.01375,0.00809,-0.01226,0.00667,0.00290,-1.48023,0.10196,3.27715
6.05,0,1,12.611603,-0.01541,0.00703,-0.02020,-0.01186,0.00860,-0.01250,0.02441,0.00251,-1.47863,0.10190,3.27725
6.06,0,0,12.575688,-0.01670,0.00669,-0.02111,-0.01066,0.00792,-0.01176,0.00806,0.00333,-1.47894,0.10157,3.27696
6.07,0,0,12.802973,-0.01759,0.00679,-0.01561,-0.01325,0.00867,-0.01288,0.00721,0.00137,-1.47928,0.10036,3.27757
6.08,0,0,13.456253,-0.01788,0.00401,-0.02132,-0.01458,0.00795,-0.01266,0.03633,0.00261,-1.47834,0.09956,3.27664
6.09,0,0,13.795760,-0.01826,0.00683,-0.02146,-0.01254,0.00829,-0.01212,0.00744,0.00283,-1.47912,0.10091,3.27771
6.10,0,0,14.091291,-0.01866,0.00179,-0.01897,-0.01523,0.00880,-0.01261,0.03347,0.00273,-1.47932,0.10214,3.27749
6.11,0,0,14.320406,-0.01803,0.00546,-0.02025,-0.01612,0.00764,-0.01185,0.00715,0.00252,-1.48002,0.10245,3.27617
6.12,0,0,14.462961,-0.01682,0.00349,-0.02012,-0.01406,0.00768,-0.01248,0.01200,0.00165,-1.47670,0.10198,3.27734
6.13,0,0,14.542014,-0.01978,0.00176,-0.02203,-0.01400,0.00854,-0.01299,-0.00296,-0.00130,-1.47844,0.10178,3.27675
6.14,0,0,14.577259,-0.02027,0.00476,-0.02172,-0.01508,0.00721,-0.01200,-0.00597,0.00170,-1.47960,0.10155,3.27707
6.15,0,0,14.560733,-0.01792,0.00239,-0.01821,-0.01926,0.00810,-0.01328,-0.01299,0.00356,-1.48098,0.10157,3.27823
6.16,0,0,14.569437,-0.01770,0.00378,-0.02281,-0.01355,0.00777,-0.01197,-0.00132,0.00085,-1.47852,0.10135,3.27689
6.17,0,0,14.589575,-0.02200,0.00782,-0.02248,-0.01329,0.00824,-0.01218,0.00541,0.00110,-1.47889,0.10167,3.27736
6.18,0,0,14.595056,-0.01722,0.00259,-0.02152,-0.01467,0.00853,-0.01186,-0.00695,-0.00070,-1.47942,0.10163,3.27702
6.19,0,0,14.634025,-0.01855,0.00515,-0.02020,-0.01317,0.00844,-0.01113,0.02997,0.00203,-1.48109,0.10087,3.27608
6.20,0,0,14.719839,-0.01814,0.00355,-0.01812,-0.01174,0.00779,-0.01329,0.00154,0.00533,-1.48051,0.10019,3.27814
6.21,0,0,14.919655,-0.01692,0.00362,-0.01953,-0.01294,0.00764,-0.01220,0.01182,0.00317,-1.47740,0.10040,3.27763
6.22,0,0,15.261142,-0.01730,0.00435,-0.01815,-0.01382,0.00829,-0.01308,-0.03152,0.02175,-1.47974,0.10067,3.27725
6.23,0,0,15.504864,-0.01633,0.00294,-0.02152,-0.01385,0.00809,-0.01235,-0.00005,0.00203,-1.47819,0.10108,3.27673
6.24,0,0,15.743593,-0.01840,0.00228,-0.02075,-0.01461,0.00898,-0.01254,0.00322,0.00262,-1.47795,0.10060,3.27736
6.25,0,0,15.927183,-0.01759,0.00410,-0.02126,-0.01302,0.00809,-0.01240,-0.00261,0.00369,-1.47911,0.09976,3.27673
6.26,1,0,16.069616,-0.01945,0.00385,-0.02044,-0.01356,0.00843,-0.01419,0.00670,0.00387,-1.47946,0.09894,3.27715
6.27,0,0,15.969397,-0.01448,0.00330,-0.02139,-0.01212,0.00570,-0.00901,0.00667,0.00212,-1.47930,0.09912,3.27771
6.28,0,0,15.828137,-0.01752,0.00400,-0.02050,-0.01459,0.00958,-0.01190,0.00495,0.00282,-1.47852,0.10085,3.27768
6.29,0,0,15.728763,-0.01605,0.00406,-0.02125,-0.01478,0.00972,-0.01282,0.00627,0.00193,-1.48088,0.10114,3.27744
6.30,0,0,15.602069,-0.01818,0.00443,-0.02044,-0.01246,0.00750,-0.01215,0.00578,0.00377,-1.47841,0.10074,3.27664
