"Time","3 Chan 3","2 Chan 2","1 Chan 1"
0.000,0.028984,0.004268,0.001668
0.001,0.028580,0.005419,0.001580
0.002,0.028059,0.006379,0.001540
0.003,0.027151,0.006649,0.001597
0.004,0.025948,0.006734,0.001676
0.005,0.024755,0.006822,0.001717
0.006,0.023454,0.006933,0.001742
0.007,0.022148,0.007105,0.001784
0.008,0.021567,0.007262,0.001763
0.009,0.021422,0.007482,0.001722
0.010,0.021215,0.007778,0.001746
0.011,0.021411,0.007915,0.001734
0.012,0.021459,0.007909,0.001727
0.013,0.021579,0.007846,0.001681
0.014,0.022121,0.007378,0.001655
0.015,0.022472,0.006368,0.001707
0.016,0.023122,0.005225,0.001756
0.017,0.024486,0.004236,0.001719
0.018,0.026508,0.003903,0.001576
0.019,0.028124,0.003904,0.001376
0.020,0.029986,0.003705,0.001187
0.021,0.030877,0.003618,0.001083
0.022,0.031651,0.003477,0.001008
0.023,0.031497,0.003381,0.001064
0.024,0.031260,0.003283,0.001091
0.025,0.030605,0.003202,0.001159
0.026,0.029590,0.003218,0.001224
0.027,0.028899,0.003250,0.001290
0.028,0.028195,0.003274,0.001399
0.029,0.027491,0.003275,0.001509
0.030,0.026573,0.003307,0.001649
0.031,0.025239,0.003370,0.001810
0.032,0.023436,0.003407,0.002014
0.033,0.021423,0.003540,0.002169
0.034,0.020015,0.003618,0.002327
0.035,0.018464,0.004043,0.002428
0.036,0.017857,0.004409,0.002458
0.037,0.017295,0.004695,0.002480
0.038,0.017050,0.004895,0.002451
0.039,0.016725,0.004989,0.002488
0.040,0.016798,0.005075,0.002524
0.041,0.017082,0.005188,0.002508
0.042,0.017191,0.005339,0.002470
0.043,0.017258,0.005477,0.002414
0.044,0.017020,0.005638,0.002425
0.045,0.016990,0.005737,0.002442
0.046,0.017008,0.005828,0.002459
0.047,0.016894,0.006008,0.002462
0.048,0.016640,0.006153,0.002466
0.049,0.016374,0.006294,0.002473
0.050,0.016010,0.006258,0.002524
0.051,0.015762,0.006134,0.002590
0.052,0.015619,0.006152,0.002625
0.053,0.015451,0.006200,0.002652
0.054,0.015443,0.006242,0.002653
0.055,0.015344,0.006230,0.002608
0.056,0.015166,0.006234,0.002581
0.057,0.015067,0.006318,0.002524
0.058,0.014965,0.006439,0.002502
0.059,0.015059,0.006523,0.002467
0.060,0.014991,0.006556,0.002471
0.061,0.014964,0.006508,0.002447
0.062,0.015213,0.006567,0.002373
0.063,0.015857,0.006525,0.002320
0.064,0.016521,0.006385,0.002251
0.065,0.017160,0.006114,0.002228
0.066,0.017507,0.005864,0.002243
0.067,0.017726,0.005641,0.002266
0.068,0.018197,0.005450,0.002240
0.069,0.018804,0.005287,0.002158
0.070,0.019701,0.005113,0.002062
0.071,0.020657,0.004782,0.002029
0.072,0.021698,0.004349,0.002014
0.073,0.022814,0.003907,0.001970
0.074,0.023480,0.003622,0.002074
0.075,0.023534,0.003599,0.002342
0.076,0.023532,0.003626,0.002629
0.077,0.023359,0.003467,0.002980
0.078,0.022881,0.003363,0.003061
0.079,0.022630,0.003325,0.003088
0.080,0.022531,0.003604,0.003017
0.081,0.023030,0.003801,0.002857
0.082,0.023486,0.003956,0.002731
0.083,0.023661,0.004093,0.002660
0.084,0.023316,0.004337,0.002689
0.085,0.022494,0.004636,0.002874
0.086,0.021453,0.005013,0.003249
0.087,0.020082,0.005568,0.004109
0.088,0.018221,0.007013,0.005610
0.089,0.016999,0.008859,0.007597
0.090,0.016145,0.011885,0.010720
0.091,0.015291,0.014919,0.014963
0.092,0.014707,0.017742,0.018359
0.093,0.013925,0.020290,0.022789
0.094,0.013072,0.022175,0.027353
0.095,0.011903,0.023852,0.032642
0.096,0.010140,0.025861,0.038182
0.097,0.008422,0.027723,0.043361
0.098,0.006663,0.029771,0.048480
0.099,0.005353,0.032385,0.053464
0.100,0.004299,0.035058,0.057603
0.101,0.003315,0.037769,0.061083
0.102,0.002625,0.041130,0.063246
0.103,0.002455,0.043705,0.065102
0.104,0.002527,0.045318,0.065626
0.105,0.003112,0.045375,0.064932
0.106,0.003876,0.045231,0.063254
0.107,0.004417,0.044510,0.062705
0.108,0.004985,0.043815,0.062112
0.109,0.005237,0.043561,0.062274
0.110,0.005655,0.042891,0.062207
0.111,0.006624,0.040899,0.061696
0.112,0.007691,0.038882,0.061644
0.113,0.008845,0.036591,0.060973
0.114,0.009885,0.033764,0.060276
0.115,0.010774,0.030866,0.061065
0.116,0.011776,0.028024,0.062209
0.117,0.012801,0.024462,0.063615
0.118,0.013744,0.020852,0.064125
0.119,0.014321,0.017714,0.065097
0.120,0.014850,0.014846,0.065191
0.121,0.015260,0.012267,0.064797
0.122,0.015695,0.010357,0.064023
0.123,0.016459,0.008597,0.062162
0.124,0.017333,0.007015,0.059007
0.125,0.018073,0.005868,0.055911
0.126,0.018571,0.005731,0.053372
0.127,0.019013,0.005771,0.050954
0.128,0.019619,0.005970,0.049251
0.129,0.020266,0.005999,0.047899
0.130,0.021014,0.005941,0.045879
0.131,0.021694,0.005791,0.043948
0.132,0.022285,0.005542,0.042744
0.133,0.023136,0.005274,0.041358
0.134,0.023800,0.005009,0.040608
0.135,0.024323,0.004613,0.040927
0.136,0.024761,0.004032,0.041403
0.137,0.025084,0.003483,0.041907
0.138,0.025174,0.003057,0.042709
0.139,0.025146,0.002641,0.044000
0.140,0.025136,0.002296,0.044897
0.141,0.024970,0.002023,0.045485
0.142,0.024881,0.001748,0.045559
0.143,0.024796,0.001457,0.044298
0.144,0.024915,0.001346,0.042899
0.145,0.025074,0.001373,0.042066
0.146,0.025639,0.001366,0.041325
0.147,0.026400,0.001384,0.040374
0.148,0.027050,0.001328,0.040301
0.149,0.027875,0.001247,0.039628
0.150,0.028650,0.001215,0.038749
0.151,0.029469,0.001236,0.038087
0.152,0.030397,0.001236,0.037274
0.153,0.031258,0.001236,0.035964
0.154,0.032150,0.001236,0.034167
0.155,0.032761,0.001236,0.032251
0.156,0.033552,0.001235,0.030328
0.157,0.034533,0.001226,0.028176
0.158,0.035533,0.001150,0.027193
0.159,0.036523,0.000961,0.026453
0.160,0.037439,0.000712,0.025168
0.161,0.037999,0.000546,0.023679
0.162,0.038349,0.000396,0.022269
0.163,0.038374,0.000308,0.020707
0.164,0.038540,0.000204,0.019262
0.165,0.038675,0.000083,0.017698
0.166,0.038891,0.000000,0.016120
0.167,0.039174,0.000000,0.014324
0.168,0.039796,0.000000,0.012823
0.169,0.040465,0.000000,0.011736
0.170,0.041421,0.000000,0.010627
0.171,0.042562,0.000000,0.009480
0.172,0.043638,0.000000,0.008808
0.173,0.044407,0.000000,0.008251
0.174,0.044969,0.000000,0.007323
0.175,0.045666,0.000000,0.006268
0.176,0.045742,0.000000,0.005391
0.177,0.045792,0.000000,0.004509
0.178,0.046170,0.000000,0.003621
0.179,0.046263,0.000018,0.002784
0.180,0.046006,0.000181,0.001995
0.181,0.046019,0.000291,0.001166
0.182,0.045852,0.000393,0.000769
0.183,0.044906,0.000571,0.000706
0.184,0.043781,0.000761,0.000712
0.185,0.042702,0.000958,0.000752
0.186,0.041206,0.001174,0.000873
0.187,0.039273,0.001442,0.001053
0.188,0.037471,0.001691,0.001246
0.189,0.035380,0.001963,0.001486
0.190,0.033242,0.002212,0.001742
0.191,0.031653,0.002471,0.001951
0.192,0.030187,0.002744,0.002133
0.193,0.028546,0.003058,0.002336
0.194,0.027066,0.003469,0.002462
0.195,0.026160,0.003902,0.002463
0.196,0.024999,0.004837,0.002415
0.197,0.024154,0.006384,0.002361
0.198,0.023796,0.007864,0.002267
0.199,0.023532,0.009146,0.002162
0.200,0.023184,0.010231,0.002066
0.201,0.022517,0.010762,0.002039
0.202,0.022206,0.011422,0.001929
0.203,0.022050,0.012278,0.001747
0.204,0.021983,0.012881,0.001590
0.205,0.021868,0.013441,0.001404
0.206,0.021392,0.013822,0.001301
0.207,0.020813,0.014102,0.001253
0.208,0.020340,0.014291,0.001212
0.209,0.019963,0.014312,0.001221
0.210,0.019816,0.013992,0.001258
0.211,0.019588,0.013235,0.001360
0.212,0.019197,0.011837,0.001449
0.213,0.018829,0.010422,0.001543
0.214,0.018566,0.009179,0.001651
0.215,0.018583,0.008066,0.001754
0.216,0.018763,0.007561,0.001768
0.217,0.019180,0.006831,0.001781
0.218,0.019475,0.005926,0.001845
0.219,0.019960,0.005292,0.001848
0.220,0.020347,0.004671,0.001907
0.221,0.020691,0.004344,0.001912
0.222,0.020930,0.004120,0.001894
0.223,0.021080,0.003935,0.001869
0.224,0.021186,0.003858,0.001832
0.225,0.021121,0.003851,0.001819
0.226,0.020970,0.003816,0.001866
0.227,0.020592,0.003827,0.001957
0.228,0.020198,0.003998,0.002031
0.229,0.019815,0.004404,0.002080
0.230,0.019325,0.004915,0.002093
0.231,0.019115,0.005385,0.002077
0.232,0.018479,0.005726,0.002123
0.233,0.017863,0.006072,0.002162
0.234,0.017262,0.006335,0.002203
0.235,0.016830,0.006615,0.002196
0.236,0.016750,0.006709,0.002188
0.237,0.016797,0.006790,0.002209
0.238,0.016917,0.006807,0.002217
0.239,0.017115,0.006766,0.002237
0.240,0.017197,0.006761,0.002282
0.241,0.017283,0.006676,0.002272
0.242,0.017237,0.006625,0.002305
0.243,0.017200,0.006439,0.002351
0.244,0.017111,0.006066,0.002419
0.245,0.016865,0.005769,0.002512
0.246,0.016630,0.005455,0.002625
0.247,0.016355,0.005363,0.002710
0.248,0.016169,0.005256,0.002776
0.249,0.016023,0.005188,0.002870
0.250,0.015816,0.005151,0.002943
0.251,0.015766,0.005213,0.002940
0.252,0.015687,0.005273,0.002914
0.253,0.015610,0.005388,0.002841
0.254,0.015480,0.005507,0.002801
0.255,0.015319,0.005646,0.002792
0.256,0.015212,0.005849,0.002809
0.257,0.015279,0.006002,0.002788
0.258,0.015728,0.006256,0.002685
0.259,0.016496,0.006365,0.002524
0.260,0.017383,0.006315,0.002393
0.261,0.018197,0.006154,0.002280
0.262,0.018804,0.005867,0.002202
0.263,0.018849,0.005699,0.002194
0.264,0.019051,0.005543,0.002100
0.265,0.019182,0.005427,0.002048
0.266,0.019167,0.005265,0.002058
0.267,0.019308,0.005128,0.002057
0.268,0.019432,0.005131,0.002100
0.269,0.019495,0.005176,0.002117
0.270,0.019632,0.005261,0.002073
0.271,0.019802,0.005430,0.001999
0.272,0.019787,0.005538,0.001944
0.273,0.019360,0.005585,0.001983
0.274,0.018651,0.005769,0.002099
0.275,0.017851,0.005942,0.002237
0.276,0.017135,0.006146,0.002350
0.277,0.016815,0.006337,0.002415
0.278,0.016855,0.006342,0.002431
0.279,0.016741,0.006322,0.002478
0.280,0.016676,0.006350,0.002547
0.281,0.016558,0.006444,0.002609
0.282,0.016299,0.006526,0.002684
0.283,0.016429,0.006393,0.002712
0.284,0.016687,0.006108,0.002708
0.285,0.016956,0.005784,0.002726
0.286,0.017536,0.005314,0.003429
0.287,0.017945,0.005238,0.004441
0.288,0.018479,0.005190,0.005466
0.289,0.018940,0.005484,0.007220
0.290,0.019084,0.006254,0.009224
0.291,0.018833,0.007625,0.014631
0.292,0.018275,0.009704,0.020881
0.293,0.017484,0.012355,0.028761
0.294,0.016713,0.015735,0.037145
0.295,0.015823,0.019322,0.044563
0.296,0.015241,0.022788,0.050244
0.297,0.014917,0.026375,0.055959
0.298,0.014185,0.030529,0.062173
0.299,0.013472,0.034587,0.069578
0.300,0.012632,0.038488,0.077919
0.301,0.011628,0.041728,0.084147
0.302,0.011030,0.043974,0.089809
0.303,0.010535,0.045655,0.094748
0.304,0.010060,0.046690,0.098791
0.305,0.009830,0.046960,0.102181
0.306,0.009724,0.046901,0.101622
0.307,0.009641,0.046485,0.099620
0.308,0.010274,0.045611,0.094540
0.309,0.010966,0.044115,0.088648
0.310,0.011765,0.042158,0.084260
0.311,0.012485,0.040187,0.081956
0.312,0.012942,0.038106,0.079558
0.313,0.013378,0.035525,0.076739
0.314,0.014036,0.032153,0.072406
0.315,0.014928,0.028758,0.066711
0.316,0.015621,0.026069,0.062465
0.317,0.016313,0.023974,0.058314
0.318,0.016891,0.022307,0.055316
0.319,0.017425,0.020864,0.053117
0.320,0.018051,0.019774,0.051140
0.321,0.018917,0.018444,0.049567
0.322,0.020043,0.016759,0.048205
0.323,0.020966,0.014859,0.048408
0.324,0.021817,0.012780,0.049343
0.325,0.022706,0.010836,0.049765
0.326,0.023373,0.008942,0.050446
0.327,0.024199,0.007019,0.050938
0.328,0.024813,0.005129,0.052117
0.329,0.024906,0.004231,0.053822
0.330,0.024846,0.003561,0.055941
0.331,0.024641,0.002940,0.057860
0.332,0.024297,0.002393,0.059577
0.333,0.023779,0.001899,0.061055
0.334,0.023397,0.001455,0.060858
0.335,0.023069,0.001001,0.060126
0.336,0.022777,0.000584,0.059003
0.337,0.022724,0.000254,0.058344
0.338,0.022581,0.000100,0.057648
0.339,0.022468,0.000047,0.057261
0.340,0.022550,0.000049,0.057203
0.341,0.022964,0.000104,0.055900
0.342,0.023266,0.000198,0.054507
0.343,0.023644,0.000265,0.053443
0.344,0.024165,0.000320,0.052491
0.345,0.024465,0.000460,0.051103
0.346,0.024819,0.000524,0.050629
0.347,0.025434,0.000524,0.049837
0.348,0.025992,0.000524,0.048554
0.349,0.026358,0.000524,0.048230
0.350,0.026864,0.000524,0.048461
0.351,0.027708,0.000520,0.048028
0.352,0.028380,0.000520,0.048031
0.353,0.028894,0.000520,0.048564
0.354,0.029637,0.000508,0.047535
0.355,0.030137,0.000475,0.046024
0.356,0.030310,0.000419,0.045040
0.357,0.030627,0.000326,0.044086
0.358,0.031028,0.000258,0.042078
0.359,0.031293,0.000204,0.039811
0.360,0.031759,0.000063,0.037773
0.361,0.032174,0.000000,0.035434
0.362,0.032158,0.000000,0.034581
0.363,0.032093,0.000000,0.034238
0.364,0.032205,0.000000,0.034079
0.365,0.031981,0.000000,0.034065
0.366,0.031613,0.000000,0.035190
0.367,0.031279,0.000000,0.035755
0.368,0.031203,0.000000,0.034919
0.369,0.031215,0.000000,0.034301
0.370,0.031428,0.000000,0.033192
0.371,0.031728,0.000000,0.032042
0.372,0.031709,0.000000,0.031119
0.373,0.031779,0.000000,0.030214
0.374,0.031913,0.000000,0.029317
0.375,0.031866,0.000008,0.028649
0.376,0.031717,0.000057,0.027581
0.377,0.031661,0.000174,0.025295
0.378,0.031697,0.000379,0.022557
0.379,0.031716,0.000567,0.019603
0.380,0.031927,0.000775,0.016585
0.381,0.031745,0.001010,0.013641
0.382,0.031110,0.001333,0.010770
0.383,0.030302,0.001673,0.008683
0.384,0.029210,0.002032,0.007216
0.385,0.028032,0.002425,0.006333
0.386,0.026754,0.002801,0.005608
0.387,0.025618,0.003234,0.004945
0.388,0.024389,0.003690,0.004293
0.389,0.023252,0.004145,0.003620
0.390,0.022332,0.004655,0.002947
0.391,0.021672,0.005113,0.002273
0.392,0.021162,0.005492,0.001997
0.393,0.020734,0.005803,0.001910
0.394,0.020361,0.006202,0.001874
0.395,0.020496,0.007052,0.001774
0.396,0.020797,0.008088,0.001659
0.397,0.021293,0.008968,0.001534
0.398,0.021502,0.009717,0.001429
0.399,0.021511,0.010190,0.001379
0.400,0.021514,0.010685,0.001306
0.401,0.021555,0.011159,0.001220
0.402,0.021456,0.011421,0.001167
0.403,0.021421,0.011645,0.001121
0.404,0.021256,0.011661,0.001126
0.405,0.021259,0.011841,0.001038
0.406,0.021473,0.012302,0.000887
0.407,0.021864,0.013046,0.000718
0.408,0.022103,0.013599,0.000581
0.409,0.022290,0.013952,0.000499
0.410,0.021803,0.013705,0.000558
0.411,0.021349,0.013152,0.000592
0.412,0.021265,0.012549,0.000711
0.413,0.021250,0.011704,0.000953
0.414,0.021902,0.011035,0.001123
0.415,0.022436,0.010372,0.001241
0.416,0.022810,0.009767,0.001303
0.417,0.022794,0.009360,0.001367
0.418,0.022684,0.008892,0.001429
0.419,0.022771,0.008669,0.001430
0.420,0.022761,0.008439,0.001481
0.421,0.022516,0.008084,0.001564
0.422,0.022012,0.007426,0.001657
0.423,0.021856,0.006820,0.001715
0.424,0.021723,0.006237,0.001763
0.425,0.021838,0.005865,0.001767
0.426,0.022028,0.005772,0.001783
0.427,0.021983,0.005885,0.001702
0.428,0.022164,0.006541,0.001479
0.429,0.021800,0.007287,0.001263
0.430,0.021487,0.007989,0.001138
0.431,0.021450,0.008944,0.001041
0.432,0.021745,0.009589,0.000948
0.433,0.022014,0.010185,0.000870
0.434,0.022227,0.010566,0.000843
0.435,0.021925,0.010463,0.000984
0.436,0.021592,0.010309,0.001131
0.437,0.021275,0.010174,0.001269
0.438,0.020938,0.010103,0.001439
0.439,0.020680,0.010021,0.001589
0.440,0.020284,0.009841,0.001775
0.441,0.019702,0.009538,0.001955
0.442,0.019160,0.009098,0.002148
0.443,0.018523,0.008593,0.002328
0.444,0.017983,0.008262,0.002521
0.445,0.017467,0.008072,0.002653
0.446,0.017071,0.007570,0.002773
0.447,0.017124,0.007043,0.003058
0.448,0.017193,0.006415,0.003340
0.449,0.017268,0.005979,0.003598
0.450,0.017441,0.005959,0.003535
0.451,0.017647,0.005863,0.003489
0.452,0.017798,0.005820,0.003443
0.453,0.017664,0.005907,0.003393
0.454,0.017476,0.006204,0.003320
0.455,0.017312,0.006544,0.003213
0.456,0.017285,0.006830,0.003112
0.457,0.017225,0.007101,0.003035
0.458,0.017213,0.007209,0.002989
0.459,0.017103,0.007070,0.002984
0.460,0.017087,0.006738,0.002993
0.461,0.016811,0.006372,0.003075
0.462,0.016535,0.006247,0.002930
0.463,0.016296,0.006329,0.002764
0.464,0.015988,0.006362,0.002557
0.465,0.015989,0.006260,0.002556
0.466,0.015750,0.006210,0.002577
0.467,0.015666,0.006091,0.002595
0.468,0.016028,0.005867,0.002569
0.469,0.016676,0.005659,0.002516
0.470,0.017499,0.005524,0.002424
0.471,0.017988,0.005431,0.002407
0.472,0.018202,0.005318,0.002431
0.473,0.018302,0.005123,0.002484
0.474,0.018954,0.004890,0.002478
0.475,0.019915,0.004613,0.002454
0.476,0.021394,0.004316,0.002330
0.477,0.022204,0.004137,0.002225
0.478,0.023219,0.003915,0.002187
0.479,0.023862,0.003744,0.002228
0.480,0.024457,0.003576,0.002247
0.481,0.025205,0.003444,0.002172
0.482,0.025628,0.003424,0.002102
0.483,0.025518,0.003575,0.002123
0.484,0.025075,0.003753,0.002223
0.485,0.024525,0.003884,0.002394
0.486,0.024323,0.004019,0.002477
0.487,0.024379,0.004146,0.002736
0.488,0.024358,0.004296,0.003828
0.489,0.023963,0.004477,0.005636
0.490,0.022692,0.004852,0.009293
0.491,0.020565,0.005600,0.014957
0.492,0.018882,0.006817,0.019748
0.493,0.017435,0.008376,0.023470
0.494,0.016229,0.010178,0.027939
0.495,0.015366,0.012002,0.031931
0.496,0.014149,0.014317,0.036922
0.497,0.012982,0.016780,0.042151
0.498,0.011808,0.019625,0.048828
0.499,0.010619,0.022514,0.056195
0.500,0.009376,0.025376,0.063350
0.501,0.008146,0.028080,0.068777
0.502,0.006841,0.031208,0.074030
0.503,0.005780,0.033904,0.078985
0.504,0.004810,0.036223,0.083514
0.505,0.004771,0.038830,0.085488
0.506,0.005524,0.040921,0.084626
0.507,0.006156,0.042357,0.084995
0.508,0.005966,0.043350,0.086872
0.509,0.006082,0.043521,0.087874
0.510,0.006285,0.043344,0.087815
0.511,0.006851,0.042524,0.086298
0.512,0.007580,0.040580,0.084592
0.513,0.008503,0.037699,0.081243
0.514,0.009377,0.034508,0.077914
0.515,0.010324,0.031270,0.074426
0.516,0.011252,0.028102,0.072682
0.517,0.012243,0.024544,0.071156
0.518,0.013226,0.021412,0.069700
0.519,0.013697,0.018705,0.069299
0.520,0.013643,0.015594,0.070247
0.521,0.013287,0.012752,0.071499
0.522,0.012984,0.010017,0.072609
0.523,0.013422,0.007424,0.072664
0.524,0.013703,0.005402,0.072948
0.525,0.013502,0.003750,0.074314
0.526,0.013602,0.002163,0.075321
0.527,0.014057,0.001415,0.075442
0.528,0.014310,0.001046,0.077064
0.529,0.014664,0.000804,0.077920
0.530,0.014761,0.000586,0.079611
0.531,0.014845,0.000400,0.080967
0.532,0.014890,0.000272,0.082123
0.533,0.015028,0.000250,0.081583
0.534,0.015268,0.000250,0.079969
0.535,0.015901,0.000264,0.076097
0.536,0.016609,0.000265,0.072197
0.537,0.017306,0.000311,0.068131
0.538,0.017563,0.000423,0.064876
0.539,0.017844,0.000557,0.061232
0.540,0.018212,0.000661,0.057979
0.541,0.018527,0.000734,0.055552
0.542,0.018548,0.000830,0.054503
0.543,0.018673,0.000994,0.052637
0.544,0.018733,0.001122,0.051306
0.545,0.019044,0.001237,0.049603
0.546,0.019398,0.001319,0.048470
0.547,0.019881,0.001375,0.047469
0.548,0.020012,0.001495,0.048369
0.549,0.020430,0.001710,0.048776
0.550,0.020663,0.001916,0.050603
0.551,0.021096,0.002190,0.051367
0.552,0.021678,0.002440,0.051509
0.553,0.022317,0.002659,0.051215
0.554,0.022821,0.002857,0.051329
0.555,0.023546,0.002952,0.050670
0.556,0.024389,0.002910,0.049814
0.557,0.025108,0.002843,0.048497
0.558,0.025714,0.002761,0.046553
0.559,0.026100,0.002645,0.045027
0.560,0.026443,0.002529,0.043464
0.561,0.026891,0.002448,0.041331
0.562,0.027307,0.002392,0.038821
0.563,0.027714,0.002272,0.035272
0.564,0.028093,0.002057,0.031860
0.565,0.028277,0.001837,0.028692
0.566,0.028414,0.001531,0.026433
0.567,0.028966,0.001217,0.024331
0.568,0.029440,0.000885,0.022511
0.569,0.029943,0.000547,0.020947
0.570,0.030277,0.000279,0.020196
0.571,0.030202,0.000159,0.019622
0.572,0.030732,0.000093,0.018916
0.573,0.031375,0.000011,0.018308
0.574,0.031905,0.000000,0.016899
0.575,0.032415,0.000000,0.015370
0.576,0.032865,0.000000,0.013794
0.577,0.033227,0.000000,0.012335
0.578,0.033859,0.000000,0.011018
0.579,0.033951,0.000113,0.009859
0.580,0.034550,0.000113,0.008665
0.581,0.034904,0.000118,0.008140
0.582,0.034967,0.000118,0.007998
0.583,0.035086,0.000133,0.007637
0.584,0.035146,0.000186,0.006854
0.585,0.035233,0.000224,0.006107
0.586,0.035373,0.000269,0.005443
0.587,0.034510,0.000434,0.004875
0.588,0.033475,0.000668,0.004307
0.589,0.032599,0.000964,0.003637
0.590,0.031514,0.001272,0.003051
0.591,0.030319,0.001590,0.002849
0.592,0.029139,0.001896,0.002678
0.593,0.027820,0.002218,0.002565
0.594,0.026956,0.002516,0.002383
0.595,0.025719,0.003071,0.002193
0.596,0.024473,0.003774,0.002088
0.597,0.023393,0.004844,0.001924
0.598,0.022500,0.006101,0.001849
0.599,0.021908,0.007429,0.001769
0.600,0.021113,0.008532,0.001680
0.601,0.020376,0.009688,0.001589
0.602,0.020101,0.010744,0.001467
0.603,0.020035,0.011750,0.001338
0.604,0.020081,0.012414,0.001250
0.605,0.020365,0.013017,0.001118
0.606,0.020484,0.013414,0.001029
0.607,0.020468,0.013734,0.000995
0.608,0.020494,0.013978,0.000988
0.609,0.020677,0.014071,0.000993
0.610,0.020788,0.013985,0.001040
0.611,0.020798,0.013644,0.001091
0.612,0.020537,0.012888,0.001203
0.613,0.020341,0.011884,0.001332
0.614,0.020333,0.010744,0.001449
0.615,0.020443,0.009886,0.001577
0.616,0.020842,0.008924,0.001672
0.617,0.021181,0.007899,0.001806
0.618,0.021386,0.006824,0.001964
0.619,0.021280,0.006053,0.002129
0.620,0.021044,0.005389,0.002267
0.621,0.021247,0.005167,0.002298
0.622,0.021672,0.005026,0.002279
0.623,0.022019,0.005015,0.002224
0.624,0.022082,0.004860,0.002222
0.625,0.022187,0.004806,0.002186
0.626,0.022402,0.004879,0.002170
0.627,0.022519,0.004994,0.002168
0.628,0.022207,0.005118,0.002220
0.629,0.021676,0.005219,0.002266
0.630,0.021149,0.005338,0.002301
0.631,0.020375,0.005464,0.002355
0.632,0.019616,0.005579,0.002383
0.633,0.019161,0.005683,0.002387
0.634,0.019207,0.005781,0.002324
0.635,0.019278,0.005912,0.002275
0.636,0.018876,0.005734,0.002318
0.637,0.018552,0.005611,0.002335
0.638,0.018536,0.005361,0.002341
0.639,0.018755,0.005357,0.002306
0.640,0.018850,0.005371,0.002285
0.641,0.018754,0.005348,0.002310
0.642,0.018612,0.005331,0.002367
0.643,0.018812,0.005260,0.002359
0.644,0.018762,0.005281,0.002356
0.645,0.019186,0.005383,0.002238
0.646,0.019498,0.005522,0.002135
0.647,0.019952,0.005685,0.002013
0.648,0.020172,0.005773,0.001948
0.649,0.019837,0.005836,0.001968
0.650,0.019663,0.005961,0.001960
0.651,0.019609,0.006201,0.001910
0.652,0.019681,0.006435,0.001918
0.653,0.019494,0.006608,0.001987
0.654,0.019221,0.006725,0.002061
0.655,0.018861,0.006671,0.002139
0.656,0.018676,0.006658,0.002206
0.657,0.018488,0.006616,0.002265
0.658,0.018277,0.006651,0.002334
0.659,0.018215,0.006539,0.002379
0.660,0.017729,0.006248,0.002544
0.661,0.017184,0.006014,0.002730
0.662,0.016452,0.005851,0.002945
0.663,0.016361,0.005691,0.003026
0.664,0.017101,0.005446,0.002980
0.665,0.018310,0.005045,0.002917
0.666,0.019015,0.004836,0.003234
0.667,0.019337,0.004684,0.003518
0.668,0.019506,0.004618,0.003781
0.669,0.020269,0.004458,0.003656
0.670,0.021554,0.004367,0.003504
0.671,0.022509,0.004398,0.003300
0.672,0.023168,0.004522,0.003119
0.673,0.023149,0.004570,0.003024
0.674,0.023111,0.004643,0.002986
0.675,0.022819,0.004709,0.002981
0.676,0.022733,0.004801,0.002941
0.677,0.023013,0.004966,0.002789
0.678,0.022781,0.005404,0.002703
0.679,0.022342,0.005888,0.002643
0.680,0.021483,0.006272,0.002641
0.681,0.021207,0.006267,0.002299
0.682,0.021411,0.005993,0.001942
0.683,0.021559,0.005775,0.001620
0.684,0.021027,0.005640,0.001680
0.685,0.019672,0.005629,0.001834
0.686,0.018642,0.005475,0.002001
0.687,0.018383,0.005197,0.002106
0.688,0.018622,0.005076,0.002601
0.689,0.018636,0.005372,0.004656
0.690,0.018217,0.006822,0.008151
0.691,0.017331,0.009645,0.013315
0.692,0.016347,0.012434,0.018924
0.693,0.015250,0.016028,0.024235
0.694,0.013973,0.019914,0.030717
0.695,0.012633,0.023579,0.037320
0.696,0.011379,0.027246,0.043136
0.697,0.009632,0.031527,0.048237
0.698,0.008292,0.035980,0.053023
0.699,0.007083,0.040448,0.057299
0.700,0.006250,0.045056,0.061428
0.701,0.005530,0.049163,0.065695
0.702,0.004686,0.053640,0.070200
0.703,0.004071,0.058100,0.073541
0.704,0.004002,0.061329,0.073879
0.705,0.004719,0.062977,0.072641
0.706,0.005905,0.062918,0.070047
0.707,0.007173,0.062389,0.067260
0.708,0.008439,0.060580,0.064852
0.709,0.009904,0.058337,0.061420
0.710,0.011626,0.056012,0.057963
0.711,0.013312,0.053431,0.055196
0.712,0.014814,0.049629,0.052963
0.713,0.016144,0.045437,0.050942
0.714,0.017277,0.041191,0.049467
0.715,0.018522,0.036668,0.047902
0.716,0.019719,0.032620,0.045837
0.717,0.020659,0.028193,0.043812
0.718,0.021438,0.023604,0.042679
0.719,0.021576,0.019926,0.043504
0.720,0.021481,0.016705,0.044091
0.721,0.021346,0.013690,0.044347
0.722,0.021031,0.011036,0.044460
0.723,0.020872,0.008682,0.044514
0.724,0.020565,0.006497,0.044311
0.725,0.019989,0.004719,0.043905
0.726,0.019389,0.003364,0.043834
0.727,0.019147,0.002784,0.043764
0.728,0.018999,0.002417,0.043506
0.729,0.019206,0.002150,0.042510
0.730,0.019591,0.001996,0.041165
0.731,0.019982,0.001913,0.039910
0.732,0.020689,0.001925,0.038507
0.733,0.021703,0.002109,0.037423
0.734,0.023172,0.002327,0.035825
0.735,0.024658,0.002607,0.034594
0.736,0.026064,0.002894,0.033489
0.737,0.027527,0.003182,0.032436
0.738,0.029189,0.003415,0.031430
0.739,0.030782,0.003657,0.030650
0.740,0.032259,0.003864,0.029985
0.741,0.033541,0.004036,0.028980
0.742,0.034472,0.004219,0.027954
0.743,0.035340,0.004278,0.026623
0.744,0.035976,0.004266,0.025991
0.745,0.036523,0.004089,0.026014
0.746,0.036977,0.003831,0.026515
0.747,0.037018,0.003554,0.026715
0.748,0.036627,0.003229,0.026266
0.749,0.036351,0.002843,0.025664
0.750,0.036239,0.002406,0.025035
0.751,0.036207,0.002009,0.024416
0.752,0.036099,0.001639,0.023872
0.753,0.035713,0.001340,0.023265
0.754,0.035472,0.001049,0.022491
0.755,0.035319,0.000794,0.021523
0.756,0.035417,0.000550,0.020017
0.757,0.035980,0.000301,0.018565
0.758,0.036586,0.000152,0.017676
0.759,0.036926,0.000042,0.016831
0.760,0.036977,0.000017,0.015886
0.761,0.037013,0.000017,0.014625
0.762,0.037042,0.000017,0.013856
0.763,0.037375,0.000001,0.013329
0.764,0.037377,0.000000,0.012954
0.765,0.037140,0.000000,0.012835
0.766,0.036828,0.000000,0.013244
0.767,0.036536,0.000000,0.013549
0.768,0.036527,0.000000,0.013878
0.769,0.036766,0.000000,0.014329
0.770,0.037280,0.000026,0.014883
0.771,0.038208,0.000026,0.015970
0.772,0.039437,0.000026,0.016732
0.773,0.040360,0.000026,0.017356
0.774,0.041421,0.000055,0.017938
0.775,0.042803,0.000086,0.018259
0.776,0.044126,0.000170,0.018098
0.777,0.045570,0.000269,0.017578
0.778,0.046493,0.000442,0.016915
0.779,0.047393,0.000539,0.016138
0.780,0.048272,0.000636,0.015121
0.781,0.048674,0.000771,0.013543
0.782,0.048655,0.001008,0.011952
0.783,0.048433,0.001256,0.010345
0.784,0.048027,0.001487,0.008701
0.785,0.047247,0.001712,0.007147
0.786,0.045864,0.001973,0.005654
0.787,0.043715,0.002255,0.004681
0.788,0.041903,0.002490,0.003846
0.789,0.040005,0.002719,0.003021
0.790,0.037872,0.002914,0.002440
0.791,0.035777,0.003043,0.002451
0.792,0.033744,0.003097,0.002536
0.793,0.032051,0.003083,0.002628
0.794,0.030226,0.003159,0.002809
0.795,0.028382,0.003285,0.002983
0.796,0.026809,0.003443,0.003067
0.797,0.025614,0.003501,0.003119
0.798,0.024516,0.003559,0.003118
0.799,0.023338,0.003802,0.003068
0.800,0.022362,0.004299,0.002970
0.801,0.021588,0.004852,0.002865
0.802,0.021219,0.005246,0.002760
0.803,0.020649,0.005484,0.002679
0.804,0.020257,0.005733,0.002579
0.805,0.019841,0.005986,0.002473
0.806,0.019412,0.006266,0.002344
0.807,0.018953,0.006643,0.002213
0.808,0.018628,0.007108,0.002090
0.809,0.018635,0.007627,0.001967
0.810,0.018878,0.008201,0.001804
0.811,0.019374,0.008781,0.001630
0.812,0.019976,0.009507,0.001416
0.813,0.020490,0.010356,0.001244
0.814,0.021002,0.011003,0.001110
0.815,0.021166,0.011174,0.001053
0.816,0.021299,0.011049,0.001074
0.817,0.021299,0.010984,0.001057
0.818,0.021406,0.011031,0.000991
0.819,0.021470,0.010960,0.000954
0.820,0.021642,0.010746,0.000977
0.821,0.021840,0.010439,0.001047
0.822,0.022013,0.010142,0.001112
0.823,0.022102,0.009732,0.001163
0.824,0.021885,0.009302,0.001222
0.825,0.021734,0.008829,0.001271
0.826,0.021519,0.008398,0.001342
0.827,0.021331,0.007867,0.001430
0.828,0.021099,0.007200,0.001521
0.829,0.020742,0.006456,0.001630
0.830,0.020546,0.005945,0.001704
0.831,0.020193,0.005659,0.001767
0.832,0.019927,0.005528,0.001812
0.833,0.019874,0.005523,0.001865
0.834,0.020018,0.005714,0.001858
0.835,0.020217,0.006269,0.001747
0.836,0.020228,0.006850,0.001640
0.837,0.020321,0.007265,0.001561
0.838,0.020503,0.007517,0.001538
0.839,0.020897,0.007635,0.001553
0.840,0.021003,0.007579,0.001620
0.841,0.020894,0.007470,0.001691
0.842,0.020755,0.007321,0.001771
0.843,0.020722,0.007187,0.001831
0.844,0.020943,0.007060,0.001862
0.845,0.021249,0.006914,0.001860
0.846,0.021340,0.006774,0.001829
0.847,0.021391,0.006569,0.001866
0.848,0.021197,0.006380,0.001908
0.849,0.021211,0.006034,0.002020
0.850,0.020974,0.005669,0.002132
0.851,0.020987,0.005431,0.002221
0.852,0.020665,0.005302,0.002281
0.853,0.020101,0.005429,0.002342
0.854,0.019363,0.005545,0.002397
0.855,0.018728,0.005775,0.002451
0.856,0.018522,0.005845,0.002486
0.857,0.018282,0.005873,0.002500
0.858,0.018091,0.005978,0.002524
0.859,0.017698,0.006260,0.002543
0.860,0.017574,0.006780,0.002590
0.861,0.017695,0.007353,0.002610
0.862,0.017752,0.007964,0.002628
0.863,0.017636,0.008235,0.002683
0.864,0.017195,0.008376,0.002722
0.865,0.016970,0.008356,0.002796
0.866,0.016684,0.008301,0.002915
0.867,0.016617,0.008315,0.003075
0.868,0.016860,0.008177,0.003230
0.869,0.017256,0.008096,0.003310
0.870,0.017747,0.007949,0.003307
0.871,0.017931,0.007887,0.003287
0.872,0.018257,0.007814,0.003301
0.873,0.018423,0.007636,0.003349
0.874,0.018879,0.007385,0.003392
0.875,0.019314,0.006857,0.003368
0.876,0.019952,0.006244,0.003327
0.877,0.020385,0.005579,0.003276
0.878,0.020532,0.005221,0.003236
0.879,0.020429,0.005205,0.003210
0.880,0.020384,0.005188,0.003172
0.881,0.020424,0.005131,0.003061
0.882,0.020662,0.004871,0.002884
0.883,0.020523,0.004706,0.002683
0.884,0.020625,0.004667,0.002471
0.885,0.020752,0.004894,0.002307
0.886,0.021340,0.005148,0.002169
0.887,0.021591,0.005699,0.002359
0.888,0.021631,0.006377,0.003384
0.889,0.020983,0.007628,0.005096
0.890,0.019994,0.009578,0.006810
0.891,0.018866,0.011661,0.008037
0.892,0.017662,0.014427,0.009192
0.893,0.017169,0.016683,0.010505
0.894,0.016460,0.018677,0.012000
0.895,0.015399,0.021323,0.014081
0.896,0.014453,0.023807,0.016319
0.897,0.013595,0.025852,0.017948
0.898,0.012990,0.027751,0.020428
0.899,0.012297,0.029580,0.024034
0.900,0.012026,0.031887,0.027517
0.901,0.011774,0.033704,0.030308
0.902,0.011546,0.035086,0.032755
0.903,0.011765,0.036277,0.034132
0.904,0.012380,0.036899,0.034777
0.905,0.012858,0.036485,0.035107
0.906,0.013377,0.035530,0.035998
0.907,0.014284,0.033792,0.037023
0.908,0.015195,0.032439,0.039351
0.909,0.016302,0.031248,0.041638
0.910,0.017852,0.029350,0.042560
0.911,0.019383,0.026975,0.043000
0.912,0.020485,0.024991,0.044595
0.913,0.021512,0.023093,0.045054
0.914,0.022021,0.021315,0.043767
0.915,0.022128,0.018838,0.042524
0.916,0.021873,0.016827,0.042068
0.917,0.021630,0.015217,0.041604
0.918,0.021086,0.013682,0.042081
0.919,0.020489,0.012157,0.042844
0.920,0.020347,0.011122,0.043444
0.921,0.020358,0.010525,0.043749
0.922,0.020350,0.010141,0.044115
0.923,0.020427,0.009840,0.042549
0.924,0.020847,0.009427,0.040687
0.925,0.021416,0.008923,0.039638
0.926,0.021727,0.008905,0.039217
0.927,0.021835,0.009024,0.038939
0.928,0.021920,0.009032,0.039064
0.929,0.022241,0.008965,0.039813
0.930,0.022394,0.009013,0.039976
0.931,0.022405,0.009114,0.040029
0.932,0.022572,0.008926,0.040355
0.933,0.022857,0.008690,0.039730
0.934,0.023235,0.008346,0.038794
0.935,0.023484,0.007698,0.038496
0.936,0.023544,0.006964,0.039027
0.937,0.023426,0.006163,0.039380
0.938,0.022793,0.005415,0.040475
0.939,0.022035,0.004747,0.041651
0.940,0.020907,0.004205,0.043047
0.941,0.019689,0.003870,0.043807
0.942,0.018794,0.003640,0.043135
0.943,0.018465,0.003408,0.042423
0.944,0.018652,0.003095,0.041334
0.945,0.019007,0.002683,0.041034
0.946,0.019536,0.002248,0.040544
0.947,0.019922,0.001870,0.040261
0.948,0.020347,0.001535,0.040038
0.949,0.020278,0.001362,0.040093
0.950,0.019992,0.001332,0.040175
0.951,0.019842,0.001376,0.039690
0.952,0.020123,0.001318,0.038901
0.953,0.020795,0.001233,0.037711
0.954,0.021373,0.001165,0.036533
0.955,0.022197,0.001044,0.035429
0.956,0.023081,0.000930,0.034333
0.957,0.023923,0.000818,0.033514
0.958,0.024228,0.000899,0.032640
0.959,0.024139,0.000975,0.032213
0.960,0.024104,0.001038,0.031499
0.961,0.024269,0.001035,0.030202
0.962,0.024923,0.000981,0.028285
0.963,0.025405,0.000937,0.026954
0.964,0.026377,0.000827,0.025242
0.965,0.027922,0.000747,0.023429
0.966,0.029640,0.000704,0.021623
0.967,0.030841,0.000793,0.020290
0.968,0.031883,0.000892,0.018775
0.969,0.033518,0.000903,0.016939
0.970,0.034760,0.001015,0.014731
0.971,0.036243,0.000957,0.012777
0.972,0.037685,0.000846,0.011232
0.973,0.039314,0.000697,0.009613
0.974,0.040797,0.000574,0.007984
0.975,0.043014,0.000468,0.006527
0.976,0.044943,0.000403,0.005874
0.977,0.046487,0.000403,0.005371
0.978,0.048059,0.000408,0.004447
0.979,0.049283,0.000408,0.003718
0.980,0.049791,0.000481,0.002977
0.981,0.049737,0.000633,0.002223
0.982,0.050024,0.000675,0.001334
0.983,0.049843,0.000774,0.000745
0.984,0.049364,0.000867,0.000504
0.985,0.049122,0.000956,0.000308
0.986,0.048379,0.001128,0.000214
0.987,0.047161,0.001394,0.000266
0.988,0.045808,0.001679,0.000397
0.989,0.044573,0.001948,0.000541
0.990,0.042061,0.002258,0.000763
0.991,0.040259,0.002432,0.000967
0.992,0.038572,0.002546,0.001170
0.993,0.036688,0.002714,0.001407
0.994,0.035077,0.002870,0.001603
0.995,0.033111,0.003138,0.001759
0.996,0.031385,0.003339,0.001848
0.997,0.029678,0.003764,0.001897
0.998,0.028570,0.004522,0.001879
0.999,0.027344,0.005442,0.001924
1.000,0.025891,0.006065,0.002057
1.001,0.024753,0.006362,0.002208
1.002,0.024608,0.006592,0.002218
1.003,0.024475,0.006816,0.002262
1.004,0.024667,0.007047,0.002251
1.005,0.024953,0.007103,0.002198
1.006,0.024732,0.007546,0.002019
1.007,0.024083,0.008190,0.001832
1.008,0.023650,0.008794,0.001607
1.009,0.023407,0.009101,0.001477
1.010,0.023825,0.009232,0.001389
1.011,0.024230,0.009697,0.001346
1.012,0.024382,0.010535,0.001297
1.013,0.024440,0.011160,0.001265
1.014,0.024355,0.011227,0.001176
1.015,0.024140,0.011017,0.001152
1.016,0.023905,0.010867,0.001153
1.017,0.023307,0.010713,0.001223
1.018,0.022708,0.010570,0.001189
1.019,0.021909,0.010455,0.001194
1.020,0.021800,0.010330,0.001155
1.021,0.021686,0.009953,0.001258
1.022,0.021913,0.009446,0.001345
1.023,0.022106,0.008930,0.001461
1.024,0.022147,0.008726,0.001510
1.025,0.022020,0.008634,0.001564
1.026,0.021726,0.008232,0.001641
1.027,0.021511,0.007192,0.001765
1.028,0.021226,0.005846,0.001904
1.029,0.020975,0.004970,0.002065
1.030,0.020921,0.004698,0.002127
1.031,0.021019,0.004919,0.002102
1.032,0.021121,0.005170,0.002057
1.033,0.021282,0.005427,0.002018
1.034,0.021276,0.005548,0.001966
1.035,0.020917,0.005698,0.001955
1.036,0.020554,0.005775,0.001927
1.037,0.020062,0.005767,0.001972
1.038,0.019617,0.005753,0.001973
1.039,0.019017,0.005838,0.002031
1.040,0.018574,0.005774,0.002059
1.041,0.018189,0.005662,0.002109
1.042,0.017838,0.005578,0.002177
1.043,0.017641,0.005623,0.002225
1.044,0.017620,0.005659,0.002237
1.045,0.017809,0.005574,0.002203
1.046,0.017886,0.005298,0.002195
1.047,0.017883,0.005227,0.002190
1.048,0.017836,0.005157,0.002238
1.049,0.017856,0.005188,0.002307
1.050,0.017796,0.005087,0.002402
1.051,0.017510,0.005107,0.002505
1.052,0.017339,0.005282,0.002534
1.053,0.017229,0.005416,0.002590
1.054,0.017123,0.005445,0.002612
1.055,0.016969,0.005482,0.002666
1.056,0.016913,0.005614,0.002666
1.057,0.016949,0.005808,0.002617
1.058,0.016990,0.006075,0.002599
1.059,0.017462,0.006207,0.002532
1.060,0.017963,0.006437,0.002492
1.061,0.018260,0.006610,0.002449
1.062,0.018091,0.006541,0.002540
1.063,0.017972,0.006293,0.002626
1.064,0.017884,0.006005,0.002700
1.065,0.018052,0.005942,0.002730
1.066,0.018512,0.005789,0.002713
1.067,0.019005,0.005581,0.002707
1.068,0.019412,0.005418,0.002648
1.069,0.020117,0.005431,0.002514
1.070,0.021108,0.005432,0.002375
1.071,0.021981,0.005371,0.002291
1.072,0.022306,0.005156,0.002343
1.073,0.022399,0.004862,0.002331
1.074,0.021984,0.004666,0.002668
1.075,0.021339,0.004455,0.003008
1.076,0.020794,0.004338,0.003379
1.077,0.020646,0.004434,0.003372
1.078,0.020409,0.004768,0.003317
1.079,0.020211,0.005164,0.003243
1.080,0.020015,0.005337,0.003137
1.081,0.019706,0.005664,0.003086
1.082,0.019564,0.006090,0.003067
1.083,0.019416,0.006531,0.003123
1.084,0.018993,0.006698,0.003273
1.085,0.018023,0.006820,0.003381
1.086,0.017080,0.006888,0.003496
1.087,0.016393,0.007365,0.004624
1.088,0.015737,0.008391,0.007232
1.089,0.014785,0.010199,0.011848
1.090,0.013889,0.013863,0.016278
1.091,0.012873,0.018935,0.021957
1.092,0.011941,0.025551,0.025742
1.093,0.011000,0.030701,0.030580
1.094,0.010029,0.036153,0.035022
1.095,0.008897,0.041909,0.037987
1.096,0.007725,0.047367,0.040832
1.097,0.006338,0.052195,0.043882
1.098,0.005052,0.056602,0.046799
1.099,0.003876,0.060793,0.049784
1.100,0.003144,0.066829,0.053377
1.101,0.002896,0.073635,0.056361
1.102,0.002919,0.079947,0.059370
1.103,0.003230,0.085113,0.061133
1.104,0.004440,0.088931,0.060459
1.105,0.005829,0.090317,0.059736
1.106,0.007411,0.089585,0.058345
1.107,0.009011,0.086911,0.059457
1.108,0.010629,0.085138,0.059575
1.109,0.012420,0.080978,0.059624
1.110,0.014100,0.075660,0.061565
1.111,0.015750,0.070336,0.062374
1.112,0.017529,0.065279,0.062866
1.113,0.019097,0.060661,0.063584
1.114,0.020775,0.056270,0.063918
1.115,0.022324,0.050135,0.062915
1.116,0.023545,0.043320,0.062360
1.117,0.024794,0.036739,0.061068
1.118,0.025512,0.030700,0.060442
1.119,0.025659,0.025156,0.059516
1.120,0.025748,0.020176,0.058837
1.121,0.025895,0.015869,0.057500
1.122,0.025953,0.011704,0.055754
1.123,0.025813,0.008074,0.054001
1.124,0.025427,0.006555,0.052687
1.125,0.025097,0.006136,0.051053
1.126,0.024712,0.005891,0.050278
1.127,0.024252,0.005934,0.049527
1.128,0.024118,0.006092,0.048304
1.129,0.024092,0.006375,0.046909
1.130,0.024212,0.006576,0.046185
1.131,0.024227,0.006643,0.046045
1.132,0.024193,0.006638,0.045946
1.133,0.024479,0.006647,0.045281
1.134,0.024781,0.006662,0.045243
1.135,0.025024,0.006691,0.045194
1.136,0.025285,0.006683,0.044343
1.137,0.025458,0.006574,0.043658
1.138,0.025476,0.006347,0.043849
1.139,0.025446,0.006029,0.044268
1.140,0.025519,0.005737,0.044309
1.141,0.025618,0.005505,0.044223
1.142,0.025669,0.005198,0.044106
1.143,0.025420,0.004760,0.044306
1.144,0.024931,0.004256,0.045004
1.145,0.024365,0.003798,0.045814
1.146,0.023946,0.003353,0.046090
1.147,0.023647,0.002983,0.045080
1.148,0.023261,0.002688,0.043513
1.149,0.023083,0.002421,0.041570
1.150,0.022934,0.002104,0.039584
1.151,0.022754,0.001824,0.038397
1.152,0.022992,0.001649,0.036691
1.153,0.023673,0.001498,0.034396
1.154,0.024405,0.001503,0.032600
1.155,0.025158,0.001548,0.031194
1.156,0.026309,0.001534,0.030213
1.157,0.027565,0.001454,0.029905
1.158,0.028869,0.001370,0.029853
1.159,0.030293,0.001283,0.029771
1.160,0.031553,0.001233,0.029533
1.161,0.032934,0.001208,0.029217
1.162,0.034432,0.001147,0.029237
1.163,0.036058,0.001017,0.028792
1.164,0.037596,0.000943,0.028250
1.165,0.039203,0.000886,0.027661
1.166,0.040770,0.000822,0.026530
1.167,0.041965,0.000779,0.025571
1.168,0.043159,0.000773,0.024290
1.169,0.044681,0.000665,0.022323
1.170,0.046058,0.000495,0.020278
1.171,0.046910,0.000338,0.018331
1.172,0.047959,0.000276,0.016180
1.173,0.048937,0.000195,0.013876
1.174,0.049443,0.000148,0.011598
1.175,0.050074,0.000077,0.009468
1.176,0.050629,0.000028,0.007562
1.177,0.050597,0.000000,0.006213
1.178,0.050410,0.000000,0.005612
1.179,0.050022,0.000000,0.005316
1.180,0.049663,0.000000,0.005046
1.181,0.048886,0.000036,0.005006
1.182,0.048040,0.000131,0.005182
1.183,0.046939,0.000248,0.005396
1.184,0.045404,0.000408,0.005609
1.185,0.043807,0.000598,0.005772
1.186,0.042707,0.000723,0.005904
1.187,0.041174,0.000883,0.005693
1.188,0.039584,0.001101,0.005440
1.189,0.038157,0.001320,0.005173
1.190,0.036631,0.001576,0.004892
1.191,0.034990,0.001806,0.004529
1.192,0.033967,0.001946,0.004090
1.193,0.033262,0.002029,0.003607
1.194,0.032240,0.002208,0.003116
1.195,0.031008,0.002417,0.002671
1.196,0.030187,0.002879,0.002561
1.197,0.029376,0.003825,0.002421
1.198,0.028704,0.004896,0.002234
1.199,0.028340,0.005914,0.002022
1.200,0.027894,0.006517,0.001913
1.201,0.026932,0.006942,0.001874
1.202,0.026021,0.007175,0.001823
1.203,0.025272,0.007365,0.001759
1.204,0.024833,0.007497,0.001682
1.205,0.024389,0.007653,0.001616
1.206,0.024032,0.008000,0.001528
1.207,0.023349,0.008458,0.001469
1.208,0.022439,0.009043,0.001434
1.209,0.021726,0.009305,0.001456
1.210,0.021034,0.009429,0.001519
1.211,0.020385,0.009212,0.001605
1.212,0.019726,0.008400,0.001766
1.213,0.019115,0.007478,0.001912
1.214,0.018315,0.006559,0.002085
1.215,0.017813,0.006143,0.002176
1.216,0.017521,0.005991,0.002229
1.217,0.017338,0.006061,0.002274
1.218,0.017245,0.006091,0.002335
1.219,0.017035,0.006057,0.002390
1.220,0.016870,0.005922,0.002428
1.221,0.016640,0.005525,0.002508
1.222,0.016381,0.005155,0.002543
1.223,0.016480,0.004729,0.002561
1.224,0.016808,0.004567,0.002520
1.225,0.017229,0.004468,0.002456
1.226,0.017722,0.004406,0.002401
1.227,0.018152,0.004394,0.002394
1.228,0.018547,0.004335,0.002421
1.229,0.019054,0.004282,0.002433
1.230,0.019417,0.004179,0.002479
1.231,0.019752,0.004243,0.002496
1.232,0.020113,0.004336,0.002471
1.233,0.020334,0.004602,0.002410
1.234,0.020700,0.005122,0.002292
1.235,0.020871,0.005572,0.002208
1.236,0.020843,0.006051,0.002181
1.237,0.020752,0.006293,0.002207
1.238,0.020228,0.006407,0.002281
1.239,0.019585,0.006432,0.002352
1.240,0.018940,0.006480,0.002400
1.241,0.018222,0.006550,0.002471
1.242,0.017760,0.006681,0.002484
1.243,0.017394,0.006835,0.002485
1.244,0.016933,0.006978,0.002483
1.245,0.016752,0.007034,0.002448
1.246,0.016545,0.006826,0.002437
1.247,0.016197,0.006514,0.002486
1.248,0.015952,0.006144,0.002535
1.249,0.015518,0.005759,0.002626
1.250,0.015346,0.005501,0.002713
1.251,0.015421,0.005332,0.002737
1.252,0.015686,0.005289,0.002731
1.253,0.015948,0.005333,0.002708
1.254,0.016304,0.005447,0.002653
1.255,0.016478,0.005587,0.002599
1.256,0.016582,0.005637,0.002557
1.257,0.016768,0.005693,0.002512
1.258,0.016754,0.005765,0.002503
1.259,0.016746,0.005912,0.002541
1.260,0.016555,0.006109,0.002624
1.261,0.016384,0.006322,0.002724
1.262,0.016469,0.006674,0.002744
1.263,0.016495,0.006953,0.002758
1.264,0.016568,0.007197,0.002753
1.265,0.016495,0.007377,0.002730
1.266,0.016377,0.007362,0.002736
1.267,0.016246,0.007383,0.002738
1.268,0.016221,0.007381,0.002704
1.269,0.016311,0.007327,0.002670
1.270,0.016601,0.007255,0.002634
1.271,0.016988,0.007171,0.002567
1.272,0.017450,0.006955,0.002523
1.273,0.017815,0.006741,0.002485
1.274,0.018456,0.006389,0.002419
1.275,0.018915,0.006040,0.002355
1.276,0.019503,0.005741,0.002256
1.277,0.020074,0.005278,0.002184
1.278,0.020962,0.004751,0.002092
1.279,0.021864,0.004148,0.002038
1.280,0.022463,0.003635,0.002032
1.281,0.022662,0.003346,0.002041
1.282,0.022859,0.003041,0.002207
1.283,0.023380,0.002715,0.002459
1.284,0.023730,0.002393,0.003065
1.285,0.024142,0.002061,0.003710
1.286,0.024439,0.001851,0.004279
1.287,0.024384,0.001708,0.005225
1.288,0.024520,0.001574,0.006693
1.289,0.024352,0.001935,0.008889
1.290,0.024338,0.002622,0.012367
1.291,0.024504,0.003795,0.016045
1.292,0.024330,0.005433,0.019220
1.293,0.023995,0.007637,0.023798
1.294,0.023632,0.010072,0.027986
1.295,0.023026,0.012206,0.034107
1.296,0.022593,0.014232,0.040464
1.297,0.022295,0.017159,0.046590
1.298,0.021584,0.020146,0.052750
1.299,0.020173,0.023440,0.059174
1.300,0.018430,0.027001,0.064371
1.301,0.016737,0.031023,0.069394
1.302,0.015227,0.035186,0.072540
1.303,0.013929,0.039043,0.074857
1.304,0.012762,0.041580,0.076885
1.305,0.011935,0.043448,0.077701
1.306,0.011243,0.044151,0.077753
1.307,0.010908,0.043781,0.078420
1.308,0.010786,0.042148,0.078151
1.309,0.010866,0.040172,0.077748
1.310,0.011329,0.038285,0.076150
1.311,0.011659,0.036423,0.073901
1.312,0.011828,0.033670,0.071167
1.313,0.012196,0.030847,0.068907
1.314,0.013341,0.027847,0.065417
1.315,0.014720,0.024551,0.062879
1.316,0.016114,0.020741,0.060890
1.317,0.017771,0.016756,0.060039
1.318,0.019090,0.013051,0.059615
1.319,0.020160,0.010226,0.058437
1.320,0.020662,0.007737,0.057249
1.321,0.020691,0.005873,0.057076
1.322,0.020550,0.004592,0.057578
1.323,0.020131,0.004074,0.057055
1.324,0.019305,0.003705,0.057258
1.325,0.018902,0.003445,0.056562
1.326,0.018879,0.003209,0.055980
1.327,0.019108,0.002918,0.055217
1.328,0.019219,0.002682,0.054577
1.329,0.019201,0.002422,0.053974
1.330,0.019090,0.002301,0.053627
1.331,0.018932,0.002256,0.052753
1.332,0.018288,0.002240,0.052900
1.333,0.017786,0.002175,0.053185
1.334,0.017297,0.002148,0.054003
1.335,0.016941,0.002093,0.054595
1.336,0.016713,0.002024,0.054716
1.337,0.016467,0.001918,0.054450
1.338,0.016245,0.001778,0.054822
1.339,0.016343,0.001596,0.055368
1.340,0.016603,0.001644,0.055761
1.341,0.016910,0.001849,0.055513
1.342,0.017053,0.002203,0.055473
1.343,0.017150,0.002575,0.055159
1.344,0.017453,0.002900,0.054856
1.345,0.018021,0.003126,0.054198
1.346,0.018639,0.003246,0.053227
1.347,0.019107,0.003163,0.052153
1.348,0.019518,0.002991,0.051618
1.349,0.020206,0.002800,0.050753
1.350,0.021095,0.002612,0.050146
1.351,0.021852,0.002501,0.049584
1.352,0.022505,0.002488,0.048617
1.353,0.023187,0.002488,0.047010
1.354,0.023877,0.002488,0.044984
1.355,0.023971,0.002315,0.043516
1.356,0.023891,0.001997,0.042744
1.357,0.023894,0.001618,0.042338
1.358,0.024041,0.001246,0.041512
1.359,0.024109,0.000847,0.041398
1.360,0.024174,0.000457,0.042056
1.361,0.024432,0.000124,0.043089
1.362,0.025431,0.000000,0.042838
1.363,0.026615,0.000000,0.041450
1.364,0.027702,0.000000,0.039968
1.365,0.028765,0.000000,0.038190
1.366,0.029884,0.000000,0.036351
1.367,0.031339,0.000000,0.034019
1.368,0.033073,0.000000,0.031650
1.369,0.034697,0.000000,0.029868
1.370,0.036533,0.000000,0.027873
1.371,0.038223,0.000000,0.026124
1.372,0.039762,0.000000,0.024560
1.373,0.041139,0.000000,0.022976
1.374,0.042345,0.000000,0.021331
1.375,0.043067,0.000000,0.018977
1.376,0.043425,0.000025,0.016434
1.377,0.043335,0.000053,0.014517
1.378,0.043016,0.000075,0.012918
1.379,0.042816,0.000155,0.011482
1.380,0.042799,0.000208,0.010184
1.381,0.042188,0.000402,0.008958
1.382,0.041681,0.000534,0.008227
1.383,0.040826,0.000677,0.008024
1.384,0.039893,0.000864,0.007276
1.385,0.039011,0.001044,0.006419
1.386,0.038127,0.001216,0.005584
1.387,0.036816,0.001432,0.004777
1.388,0.035601,0.001637,0.003996
1.389,0.034224,0.001903,0.003189
1.390,0.033164,0.002186,0.002653
1.391,0.032429,0.002520,0.002417
1.392,0.031724,0.003032,0.002299
1.393,0.031168,0.003548,0.002163
1.394,0.030449,0.004029,0.002063
1.395,0.029249,0.004550,0.002044
1.396,0.028341,0.004739,0.002002
1.397,0.027080,0.004942,0.001981
1.398,0.025809,0.005155,0.002077
1.399,0.024840,0.005665,0.002107
1.400,0.023841,0.006223,0.002173
1.401,0.023036,0.006859,0.002142
1.402,0.023136,0.007512,0.002002
1.403,0.023190,0.008190,0.001853
1.404,0.023470,0.008657,0.001672
1.405,0.022973,0.008763,0.001665
1.406,0.022482,0.008692,0.001730
1.407,0.022115,0.008442,0.001748
1.408,0.021642,0.008155,0.001786
1.409,0.021227,0.008239,0.001777
1.410,0.021094,0.008499,0.001707
1.411,0.021195,0.008959,0.001631
1.412,0.021186,0.009114,0.001627
1.413,0.021026,0.009035,0.001649
1.414,0.020716,0.008628,0.001734
1.415,0.020623,0.008247,0.001754
1.416,0.020754,0.008044,0.001742
1.417,0.020574,0.007753,0.001777
1.418,0.020403,0.007366,0.001844
1.419,0.020435,0.006821,0.001934
1.420,0.020985,0.006662,0.001893
1.421,0.021173,0.006711,0.001858
1.422,0.020976,0.007004,0.001843
1.423,0.020914,0.007478,0.001769
1.424,0.021270,0.007844,0.001641
1.425,0.021578,0.007897,0.001539
1.426,0.021880,0.007846,0.001459
1.427,0.021965,0.007808,0.001445
1.428,0.022134,0.007972,0.001397
1.429,0.022261,0.008078,0.001368
1.430,0.022269,0.008036,0.001384
1.431,0.022277,0.007701,0.001517
1.432,0.022035,0.007357,0.001706
1.433,0.021680,0.007116,0.001846
1.434,0.020989,0.007187,0.001939
1.435,0.020657,0.007208,0.001947
1.436,0.020524,0.007160,0.001924
1.437,0.020605,0.006866,0.001890
1.438,0.020631,0.006558,0.001881
1.439,0.020215,0.006061,0.001964
1.440,0.019765,0.005707,0.002058
1.441,0.019311,0.005354,0.002182
1.442,0.019283,0.005234,0.002202
1.443,0.019315,0.005188,0.002227
1.444,0.019389,0.005275,0.002219
1.445,0.019159,0.005512,0.002221
1.446,0.018680,0.005749,0.002174
1.447,0.018134,0.005932,0.002129
1.448,0.017743,0.006031,0.002114
1.449,0.017571,0.006103,0.002111
1.450,0.017371,0.006165,0.002145
1.451,0.017197,0.006171,0.002208
1.452,0.016976,0.006254,0.002306
1.453,0.016655,0.006288,0.002462
1.454,0.016397,0.006215,0.002607
1.455,0.016337,0.006034,0.002723
1.456,0.016652,0.005849,0.002747
1.457,0.017182,0.005691,0.002710
1.458,0.017734,0.005438,0.002653
1.459,0.017956,0.005078,0.002651
1.460,0.018708,0.004544,0.002608
1.461,0.019654,0.004227,0.002550
1.462,0.020685,0.004113,0.002454
1.463,0.021142,0.004244,0.002428
1.464,0.021273,0.004303,0.002451
1.465,0.021421,0.004333,0.002494
1.466,0.021524,0.004436,0.002499
1.467,0.021859,0.004480,0.002467
1.468,0.022098,0.004513,0.002399
1.469,0.022236,0.004561,0.002372
1.470,0.022059,0.004780,0.002354
1.471,0.021730,0.005057,0.002354
1.472,0.021120,0.005297,0.002381
1.473,0.020450,0.005493,0.002424
1.474,0.019811,0.005795,0.002465
1.475,0.018893,0.006211,0.002544
1.476,0.017838,0.006445,0.002621
1.477,0.016938,0.006403,0.002716
1.478,0.016607,0.006161,0.002744
1.479,0.016527,0.005996,0.002750
1.480,0.016255,0.005880,0.002767
1.481,0.015988,0.005732,0.002795
1.482,0.015715,0.005567,0.002826
1.483,0.015777,0.005341,0.002832
1.484,0.016142,0.005181,0.002774
1.485,0.016780,0.004961,0.002677
1.486,0.017300,0.004763,0.002586
1.487,0.017788,0.004656,0.002563
1.488,0.018775,0.004476,0.003697
1.489,0.019484,0.004895,0.006539
1.490,0.019620,0.005796,0.010971
1.491,0.018661,0.007607,0.018847
1.492,0.017547,0.010831,0.026980
1.493,0.016420,0.016390,0.036784
1.494,0.015310,0.022510,0.044943
1.495,0.014306,0.028820,0.051608
1.496,0.013431,0.035347,0.057897
1.497,0.012857,0.041073,0.064009
1.498,0.012065,0.046412,0.069561
1.499,0.010699,0.051591,0.075175
1.500,0.009415,0.056688,0.080014
1.501,0.008373,0.061810,0.084509
1.502,0.007605,0.065643,0.089696
1.503,0.006342,0.069301,0.093624
1.504,0.005490,0.071801,0.095558
1.505,0.005031,0.073888,0.095731
1.506,0.005544,0.074766,0.092411
1.507,0.006151,0.074383,0.088615
1.508,0.006462,0.072056,0.083177
1.509,0.007031,0.068947,0.079443
1.510,0.007684,0.065033,0.077410
1.511,0.008429,0.060333,0.075318
1.512,0.008940,0.056071,0.073109
1.513,0.009624,0.051937,0.072244
1.514,0.010781,0.047562,0.071421
1.515,0.011780,0.042956,0.071492
1.516,0.012381,0.038234,0.072059
1.517,0.012685,0.034570,0.072562
1.518,0.013310,0.030784,0.073450
1.519,0.013853,0.027439,0.074435
1.520,0.014439,0.024018,0.074668
1.521,0.015124,0.020941,0.074118
1.522,0.015758,0.017879,0.072829
1.523,0.016604,0.014485,0.070921
1.524,0.017202,0.011316,0.068976
1.525,0.017705,0.008726,0.067272
1.526,0.018069,0.006681,0.065879
1.527,0.018293,0.005060,0.064042
1.528,0.018381,0.003730,0.061311
1.529,0.018373,0.002715,0.058743
1.530,0.018457,0.001957,0.056158
1.531,0.018820,0.001252,0.053399
1.532,0.019313,0.000813,0.049790
1.533,0.019548,0.000804,0.045974
1.534,0.020025,0.000838,0.042140
1.535,0.020805,0.000841,0.039209
1.536,0.021636,0.000804,0.037226
1.537,0.022401,0.000764,0.036254
1.538,0.023253,0.000785,0.035758
1.539,0.024033,0.000926,0.035199
1.540,0.024731,0.001149,0.034131
1.541,0.025337,0.001368,0.033625
1.542,0.025933,0.001475,0.034607
1.543,0.026610,0.001559,0.035646
1.544,0.027175,0.001646,0.036486
1.545,0.027515,0.001798,0.036716
1.546,0.027823,0.001967,0.036855
1.547,0.028137,0.002112,0.037157
1.548,0.028418,0.002141,0.037613
1.549,0.028788,0.002107,0.038294
1.550,0.028997,0.002104,0.038981
1.551,0.029193,0.002104,0.038967
1.552,0.029732,0.002104,0.038270
1.553,0.030309,0.002002,0.037746
1.554,0.030978,0.001794,0.037184
1.555,0.031762,0.001538,0.036772
1.556,0.032556,0.001288,0.035859
1.557,0.033519,0.001088,0.034109
1.558,0.034394,0.000870,0.031934
1.559,0.035174,0.000681,0.029532
1.560,0.036002,0.000474,0.027667
1.561,0.036849,0.000277,0.025950
1.562,0.037679,0.000104,0.023866
1.563,0.038528,0.000082,0.021418
1.564,0.039285,0.000082,0.018887
1.565,0.039981,0.000082,0.016253
1.566,0.040503,0.000082,0.014238
1.567,0.040771,0.000082,0.012850
1.568,0.041129,0.000082,0.011345
1.569,0.041499,0.000082,0.009908
1.570,0.042114,0.000082,0.008304
1.571,0.042609,0.000082,0.006716
1.572,0.042704,0.000082,0.005261
1.573,0.042963,0.000082,0.004281
1.574,0.043203,0.000066,0.003509
1.575,0.043442,0.000037,0.002759
1.576,0.043573,0.000036,0.001986
1.577,0.043367,0.000048,0.001638
1.578,0.043153,0.000027,0.001522
1.579,0.042816,0.000037,0.001451
1.580,0.042127,0.000103,0.001540
1.581,0.041423,0.000209,0.001621
1.582,0.040617,0.000310,0.001705
1.583,0.039370,0.000471,0.001876
1.584,0.038075,0.000624,0.002085
1.585,0.036540,0.000767,0.002354
1.586,0.035082,0.000917,0.002673
1.587,0.033945,0.001077,0.002876
1.588,0.032512,0.001236,0.003060
1.589,0.031150,0.001420,0.003224
1.590,0.029794,0.001616,0.003371
1.591,0.028512,0.001851,0.003522
1.592,0.027733,0.002101,0.003550
1.593,0.027197,0.002352,0.003430
1.594,0.026653,0.002703,0.003285
1.595,0.026220,0.003038,0.003142
1.596,0.025651,0.003370,0.003052
1.597,0.025065,0.003794,0.002956
1.598,0.024945,0.004376,0.002757
1.599,0.025198,0.005468,0.002418
1.600,0.025319,0.006667,0.002082
1.601,0.025274,0.007749,0.001740
1.602,0.024937,0.008410,0.001507
1.603,0.024602,0.008681,0.001410
1.604,0.024210,0.008781,0.001413
1.605,0.023829,0.008974,0.001382
1.606,0.023372,0.009165,0.001380
1.607,0.022620,0.009487,0.001422
1.608,0.021717,0.009979,0.001447
1.609,0.020955,0.010596,0.001446
1.610,0.020541,0.011432,0.001350
1.611,0.020467,0.012264,0.001195
1.612,0.020509,0.012888,0.001065
1.613,0.020245,0.013025,0.001076
1.614,0.019700,0.012804,0.001150
1.615,0.019247,0.012466,0.001206
1.616,0.019149,0.012301,0.001237
1.617,0.019054,0.012133,0.001304
1.618,0.019093,0.012210,0.001321
1.619,0.019102,0.012364,0.001278
1.620,0.019404,0.012752,0.001228
1.621,0.019684,0.012985,0.001187
1.622,0.020074,0.013042,0.001155
1.623,0.020247,0.012955,0.001197
1.624,0.020327,0.012563,0.001246
1.625,0.020233,0.011975,0.001336
1.626,0.019977,0.011366,0.001465
1.627,0.019731,0.010877,0.001558
1.628,0.019631,0.010704,0.001555
1.629,0.019653,0.010372,0.001558
1.630,0.019706,0.009865,0.001587
1.631,0.019588,0.009186,0.001652
1.632,0.019567,0.008973,0.001675
1.633,0.019471,0.008992,0.001647
1.634,0.019508,0.009082,0.001639
1.635,0.019410,0.008757,0.001686
1.636,0.019375,0.008450,0.001722
1.637,0.019296,0.008158,0.001770
1.638,0.019212,0.007799,0.001811
1.639,0.018877,0.007581,0.001887
1.640,0.018530,0.007318,0.002006
1.641,0.018346,0.006993,0.002092
1.642,0.018152,0.006598,0.002199
1.643,0.018034,0.006123,0.002285
1.644,0.017668,0.005647,0.002390
1.645,0.017354,0.005414,0.002466
1.646,0.017125,0.005271,0.002571
1.647,0.017028,0.005059,0.002623
1.648,0.017193,0.004690,0.002690
1.649,0.017344,0.004338,0.002715
1.650,0.017275,0.004099,0.002726
1.651,0.017185,0.003967,0.002736
1.652,0.017089,0.003904,0.002738
1.653,0.017254,0.004089,0.002702
1.654,0.017579,0.004220,0.002662
1.655,0.017895,0.004324,0.002599
1.656,0.018053,0.004339,0.002558
1.657,0.018088,0.004364,0.002505
1.658,0.018052,0.004496,0.002462
1.659,0.017909,0.004704,0.002451
1.660,0.017691,0.004896,0.002463
1.661,0.017455,0.005073,0.002452
1.662,0.017193,0.005267,0.002475
1.663,0.016826,0.005547,0.002494
1.664,0.016552,0.005836,0.002523
1.665,0.016272,0.006166,0.002556
1.666,0.015912,0.006421,0.002592
1.667,0.015529,0.006604,0.002609
1.668,0.014987,0.006497,0.002654
1.669,0.014544,0.006320,0.002718
1.670,0.014154,0.006130,0.002747
1.671,0.013981,0.006068,0.002767
1.672,0.013911,0.006050,0.002773
1.673,0.013981,0.005981,0.002792
1.674,0.014177,0.005881,0.002809
1.675,0.014411,0.005729,0.002830
1.676,0.014725,0.005576,0.002842
1.677,0.015708,0.005230,0.002777
1.678,0.016989,0.004811,0.002668
1.679,0.018812,0.004345,0.002483
1.680,0.020434,0.004107,0.002307
1.681,0.021571,0.004080,0.002164
1.682,0.022374,0.004099,0.002090
1.683,0.022669,0.004238,0.002095
1.684,0.023478,0.004242,0.002085
1.685,0.024214,0.004298,0.002110
1.686,0.024997,0.004303,0.002090
1.687,0.025053,0.004495,0.002411
1.688,0.024662,0.005162,0.004291
1.689,0.024459,0.006158,0.006941
1.690,0.023880,0.007443,0.010989
1.691,0.022836,0.010388,0.015599
1.692,0.021255,0.014640,0.020787
1.693,0.018994,0.019594,0.028787
1.694,0.016155,0.025388,0.037078
1.695,0.013588,0.030582,0.045514
1.696,0.011536,0.035465,0.053617
1.697,0.009850,0.039158,0.061362
1.698,0.008908,0.041835,0.067714
1.699,0.007318,0.044870,0.074164
1.700,0.006019,0.047624,0.081151
1.701,0.004465,0.050506,0.088800
1.702,0.003700,0.052682,0.096423
1.703,0.003580,0.053973,0.101994
1.704,0.003443,0.054913,0.106511
1.705,0.003550,0.055614,0.109635
1.706,0.004020,0.054804,0.111810
1.707,0.004755,0.052450,0.113723
1.708,0.005790,0.049271,0.112691
1.709,0.007404,0.044976,0.108607
1.710,0.009344,0.040718,0.103034
1.711,0.010691,0.036401,0.099510
1.712,0.011931,0.033125,0.096469
1.713,0.013110,0.030525,0.094397
1.714,0.014571,0.027586,0.092189
1.715,0.015671,0.024873,0.089441
1.716,0.016865,0.022065,0.085393
1.717,0.018063,0.019730,0.080847
1.718,0.018809,0.017785,0.076683
1.719,0.019482,0.015849,0.071464
1.720,0.020329,0.013781,0.065872
1.721,0.021492,0.011441,0.060873
1.722,0.022331,0.009485,0.056299
1.723,0.023142,0.007692,0.052493
1.724,0.023224,0.006193,0.052066
1.725,0.022866,0.004957,0.053024
1.726,0.023074,0.004050,0.052439
1.727,0.023597,0.003263,0.052038
1.728,0.024257,0.002764,0.051603
1.729,0.024894,0.002481,0.050706
1.730,0.025527,0.002274,0.049433
1.731,0.026147,0.002134,0.048465
1.732,0.026695,0.002092,0.046904
1.733,0.027407,0.002001,0.045702
1.734,0.027990,0.001758,0.045881
1.735,0.028404,0.001534,0.046290
1.736,0.028289,0.001471,0.046766
1.737,0.028031,0.001454,0.046670
1.738,0.027806,0.001458,0.046220
1.739,0.027958,0.001458,0.045092
1.740,0.028292,0.001453,0.043940
1.741,0.028848,0.001345,0.042425
1.742,0.029351,0.001221,0.039947
1.743,0.029632,0.001120,0.038140
1.744,0.029995,0.000981,0.036457
1.745,0.030555,0.000792,0.034825
1.746,0.031097,0.000564,0.033607
1.747,0.031713,0.000302,0.033096
1.748,0.032142,0.000085,0.032338
1.749,0.032487,0.000004,0.031545
1.750,0.032723,0.000004,0.030971
1.751,0.033182,0.000004,0.029637
1.752,0.033408,0.000004,0.029309
1.753,0.033493,0.000000,0.029241
1.754,0.033305,0.000000,0.029365
1.755,0.033001,0.000000,0.029191
1.756,0.032548,0.000000,0.029050
1.757,0.032002,0.000000,0.029431
1.758,0.031396,0.000000,0.029434
1.759,0.030674,0.000000,0.029847
1.760,0.030073,0.000000,0.030004
1.761,0.029901,0.000000,0.028849
1.762,0.029545,0.000000,0.027754
1.763,0.029312,0.000000,0.026976
1.764,0.029030,0.000000,0.026385
1.765,0.028986,0.000000,0.025798
1.766,0.029249,0.000000,0.025950
1.767,0.029868,0.000000,0.025045
1.768,0.030677,0.000000,0.023562
1.769,0.031493,0.000000,0.021951
1.770,0.032698,0.000000,0.020555
1.771,0.033933,0.000000,0.019093
1.772,0.035210,0.000000,0.017406
1.773,0.036754,0.000000,0.015620
1.774,0.037983,0.000021,0.013705
1.775,0.038959,0.000122,0.012099
1.776,0.039323,0.000302,0.011753
1.777,0.039689,0.000483,0.011429
1.778,0.039651,0.000711,0.010820
1.779,0.039460,0.001020,0.009975
1.780,0.039133,0.001365,0.009055
1.781,0.038354,0.001788,0.007859
1.782,0.037294,0.002266,0.006644
1.783,0.036230,0.002730,0.005515
1.784,0.035277,0.003152,0.004474
1.785,0.034046,0.003576,0.003503
1.786,0.032663,0.004001,0.002708
1.787,0.031143,0.004434,0.002237
1.788,0.029336,0.004868,0.001955
1.789,0.027722,0.005244,0.001776
1.790,0.026185,0.005503,0.001858
1.791,0.024856,0.005918,0.001896
1.792,0.023727,0.006481,0.001850
1.793,0.022909,0.007030,0.001792
1.794,0.022698,0.007878,0.001707
1.795,0.022810,0.008933,0.001606
1.796,0.023069,0.009991,0.001519
1.797,0.023363,0.010958,0.001405
1.798,0.023688,0.012033,0.001286
1.799,0.023856,0.012924,0.001146
1.800,0.023701,0.013415,0.001057
1.801,0.024341,0.015155,0.000915
1.802,0.025396,0.017395,0.000765
1.803,0.026706,0.020059,0.000611
1.804,0.027501,0.021620,0.000443
1.805,0.027908,0.022557,0.000276
1.806,0.029143,0.024484,0.000151
1.807,0.030110,0.026198,0.000109
1.808,0.030944,0.027447,0.000055
1.809,0.030451,0.026784,0.000187
1.810,0.029795,0.026004,0.000335
1.811,0.029429,0.025470,0.000415
1.812,0.029444,0.025220,0.000432
1.813,0.029305,0.024839,0.000432
1.814,0.029385,0.024638,0.000432
1.815,0.029635,0.024621,0.000389
1.816,0.028888,0.023076,0.000490
1.817,0.027379,0.020851,0.000685
1.818,0.025768,0.018343,0.000874
1.819,0.024780,0.016952,0.001017
1.820,0.024205,0.016222,0.001175
1.821,0.022861,0.014367,0.001313
1.822,0.021780,0.012633,0.001432
1.823,0.020928,0.011374,0.001517
1.824,0.021146,0.011580,0.001463
1.825,0.021249,0.011540,0.001419
1.826,0.021009,0.010961,0.001479
1.827,0.020445,0.010130,0.001652
1.828,0.019965,0.009355,0.001840
1.829,0.019431,0.008794,0.002000
1.830,0.019290,0.008854,0.002003
1.831,0.019370,0.009157,0.001924
1.832,0.019586,0.009310,0.001848
1.833,0.019500,0.008966,0.001858
1.834,0.019344,0.008693,0.001918
1.835,0.019222,0.008645,0.001903
1.836,0.019062,0.008501,0.001878
1.837,0.019046,0.008119,0.001867
1.838,0.019088,0.007651,0.001901
1.839,0.019000,0.007209,0.001975
1.840,0.018655,0.006942,0.002058
1.841,0.018245,0.006973,0.002142
1.842,0.018059,0.007038,0.002161
1.843,0.017764,0.007068,0.002177
1.844,0.017465,0.006820,0.002220
1.845,0.016879,0.006171,0.002379
1.846,0.016154,0.005852,0.002598
1.847,0.015652,0.006031,0.002725
1.848,0.015378,0.006597,0.002744
1.849,0.015357,0.006803,0.002712
1.850,0.015319,0.006676,0.002738
1.851,0.015334,0.006515,0.002799
1.852,0.015004,0.006532,0.002841
1.853,0.014464,0.006561,0.002968
1.854,0.013957,0.006558,0.003098
1.855,0.013932,0.006632,0.003134
1.856,0.014179,0.006748,0.003039
1.857,0.014364,0.006839,0.002938
1.858,0.014394,0.006736,0.002937
1.859,0.014352,0.006723,0.002983
1.860,0.014267,0.006656,0.003092
1.861,0.014454,0.006367,0.003100
1.862,0.014817,0.005943,0.003077
1.863,0.015225,0.005439,0.003042
1.864,0.015304,0.005263,0.003067
1.865,0.015219,0.005151,0.003113
1.866,0.014967,0.005119,0.003181
1.867,0.014665,0.005130,0.003326
1.868,0.014470,0.005265,0.003346
1.869,0.014446,0.005467,0.003263
1.870,0.014367,0.005585,0.003186
1.871,0.014213,0.005545,0.003171
1.872,0.014050,0.005453,0.003206
1.873,0.014078,0.005559,0.003171
1.874,0.014076,0.005572,0.003135
1.875,0.014000,0.005721,0.003090
1.876,0.013989,0.006065,0.003007
1.877,0.013843,0.006379,0.002922
1.878,0.013746,0.006594,0.002856
1.879,0.013709,0.006534,0.002859
1.880,0.013904,0.006497,0.002853
1.881,0.014342,0.006380,0.002869
1.882,0.014850,0.006264,0.002877
1.883,0.015346,0.006156,0.002911
1.884,0.015794,0.006066,0.002920
1.885,0.016183,0.005945,0.002968
1.886,0.016787,0.005732,0.003021
1.887,0.016669,0.006140,0.004046
1.888,0.016476,0.006964,0.005668
1.889,0.016032,0.008284,0.007181
1.890,0.015795,0.009229,0.008771
1.891,0.015207,0.010521,0.010154
1.892,0.014803,0.012401,0.012167
1.893,0.014603,0.014809,0.014399
1.894,0.014259,0.018096,0.017522
1.895,0.014152,0.021146,0.020640
1.896,0.013851,0.024148,0.023513
1.897,0.013603,0.027055,0.026108
1.898,0.013428,0.029476,0.028658
1.899,0.013103,0.031707,0.031258
1.900,0.012620,0.033866,0.033723
1.901,0.011709,0.036084,0.035728
1.902,0.011515,0.037903,0.036606
1.903,0.011259,0.038731,0.037649
1.904,0.011326,0.039397,0.038988
1.905,0.010812,0.041811,0.040330
1.906,0.010690,0.043845,0.042119
1.907,0.010549,0.045256,0.043309
1.908,0.010135,0.046307,0.044316
1.909,0.009923,0.046695,0.044472
1.910,0.009340,0.047060,0.044859
1.911,0.009203,0.047037,0.044197
1.912,0.009005,0.046974,0.043823
1.913,0.009120,0.046191,0.044199
1.914,0.009457,0.044529,0.044672
1.915,0.009718,0.042758,0.045549
1.916,0.009963,0.040954,0.047223
1.917,0.010150,0.038885,0.049110
1.918,0.010663,0.037408,0.049832
1.919,0.011245,0.035692,0.050098
1.920,0.012347,0.032428,0.050790
1.921,0.013352,0.028776,0.051133
1.922,0.014290,0.024948,0.051012
1.923,0.015112,0.021055,0.050846
1.924,0.015976,0.017254,0.050353
1.925,0.016930,0.013737,0.049793
1.926,0.017489,0.010681,0.050459
1.927,0.018111,0.007667,0.051438
1.928,0.018177,0.005778,0.052032
1.929,0.017992,0.004945,0.052567
1.930,0.018118,0.004317,0.052239
1.931,0.018637,0.003780,0.051440
1.932,0.019325,0.003290,0.050468
1.933,0.019807,0.002788,0.049467
1.934,0.020112,0.002283,0.048478
1.935,0.020367,0.001843,0.046827
1.936,0.020555,0.001562,0.045068
1.937,0.020715,0.001485,0.043347
1.938,0.020845,0.001495,0.041466
1.939,0.020768,0.001389,0.040643
1.940,0.020504,0.001277,0.040028
1.941,0.020260,0.001155,0.039527
1.942,0.019960,0.001074,0.038664
1.943,0.019888,0.000984,0.037499
1.944,0.020042,0.000899,0.036316
1.945,0.020256,0.000776,0.035434
1.946,0.020451,0.000648,0.034483
1.947,0.020918,0.000551,0.033284
1.948,0.021706,0.000465,0.031535
1.949,0.022757,0.000399,0.030077
1.950,0.023968,0.000352,0.028710
1.951,0.025368,0.000301,0.027593
1.952,0.026994,0.000245,0.026861
1.953,0.028784,0.000147,0.026292
1.954,0.030662,0.000112,0.024926
1.955,0.033026,0.000083,0.023096
1.956,0.036040,0.000070,0.021055
1.957,0.039405,0.000067,0.018627
1.958,0.042826,0.000054,0.016039
1.959,0.046435,0.000036,0.013407
1.960,0.049771,0.000014,0.011081
1.961,0.052706,0.000003,0.009196
1.962,0.055142,0.000003,0.007935
1.963,0.057596,0.000000,0.007560
1.964,0.059524,0.000000,0.007155
1.965,0.060790,0.000000,0.006855
1.966,0.061740,0.000000,0.006600
1.967,0.062150,0.000000,0.006381
1.968,0.062154,0.000000,0.006203
1.969,0.062300,0.000000,0.005949
1.970,0.062438,0.000000,0.005345
1.971,0.061957,0.000042,0.004750
1.972,0.060822,0.000216,0.004537
1.973,0.059542,0.000406,0.004470
1.974,0.057595,0.000674,0.004470
1.975,0.055539,0.000946,0.004473
1.976,0.053554,0.001249,0.004267
1.977,0.051503,0.001549,0.003788
1.978,0.048936,0.001830,0.003432
1.979,0.046645,0.001970,0.003054
1.980,0.044629,0.002140,0.002648
1.981,0.042679,0.002263,0.002259
1.982,0.040979,0.002343,0.001865
1.983,0.039573,0.002453,0.001425
1.984,0.038354,0.002503,0.000980
1.985,0.036909,0.002552,0.000956
1.986,0.035571,0.002527,0.001009
1.987,0.034500,0.002396,0.001089
1.988,0.033346,0.002296,0.001208
1.989,0.032523,0.002125,0.001349
1.990,0.031693,0.001994,0.001514
1.991,0.030909,0.001887,0.001717
1.992,0.030348,0.001835,0.001951
1.993,0.029798,0.001977,0.002156
1.994,0.029071,0.002317,0.002366
1.995,0.028868,0.003043,0.002396
1.996,0.028841,0.004441,0.002234
1.997,0.028790,0.005928,0.002082
1.998,0.028651,0.007328,0.001959
1.999,0.028020,0.008413,0.001899
2.000,0.027253,0.009424,0.001886
2.001,0.026416,0.010612,0.001895
2.002,0.025735,0.011483,0.001891
2.003,0.025062,0.011895,0.001913
2.004,0.024616,0.012271,0.001895
2.005,0.024210,0.012353,0.001888
2.006,0.024144,0.012311,0.001797
2.007,0.024149,0.012120,0.001628
2.008,0.024483,0.011807,0.001419
2.009,0.025023,0.011447,0.001209
2.010,0.025143,0.010946,0.001141
2.011,0.025092,0.009903,0.001214
2.012,0.024679,0.008933,0.001313
2.013,0.024273,0.007916,0.001427
2.014,0.024142,0.007155,0.001506
2.015,0.024043,0.006425,0.001567
2.016,0.023859,0.005565,0.001594
2.017,0.023351,0.005011,0.001681
2.018,0.023049,0.004892,0.001697
2.019,0.022544,0.004787,0.001758
2.020,0.022286,0.004931,0.001772
2.021,0.021693,0.005091,0.001814
2.022,0.021241,0.005343,0.001858
2.023,0.020750,0.005518,0.001924
2.024,0.020200,0.005726,0.001975
2.025,0.019783,0.005630,0.002060
2.026,0.019291,0.005526,0.002144
2.027,0.019348,0.005285,0.002204
2.028,0.019650,0.005192,0.002236
2.029,0.019887,0.005163,0.002262
2.030,0.019987,0.005151,0.002293
2.031,0.019961,0.005113,0.002378
2.032,0.020106,0.005056,0.002398
2.033,0.020219,0.004961,0.002409
2.034,0.020521,0.004857,0.002366
2.035,0.020598,0.004751,0.002327
2.036,0.020991,0.004892,0.002247
2.037,0.021071,0.005046,0.002230
2.038,0.020849,0.005294,0.002227
2.039,0.020540,0.005447,0.002277
2.040,0.020083,0.005612,0.002308
2.041,0.019851,0.005804,0.002323
2.042,0.019446,0.006052,0.002303
2.043,0.018995,0.006232,0.002278
2.044,0.018530,0.006434,0.002281
2.045,0.018166,0.006610,0.002298
2.046,0.017991,0.006738,0.002316
2.047,0.017832,0.006756,0.002328
2.048,0.017625,0.006937,0.002347
2.049,0.017133,0.007259,0.002397
2.050,0.016745,0.007625,0.002421
2.051,0.016159,0.007611,0.002524
2.052,0.015616,0.007470,0.002586
2.053,0.015380,0.007215,0.002626
2.054,0.015260,0.007018,0.002607
2.055,0.015496,0.006874,0.002562
2.056,0.016293,0.006406,0.002524
2.057,0.017189,0.005919,0.002513
2.058,0.017861,0.005531,0.002513
2.059,0.018544,0.005265,0.002452
2.060,0.019195,0.005059,0.002377
2.061,0.020445,0.004811,0.002191
2.062,0.021673,0.004829,0.001997
2.063,0.022808,0.004705,0.001820
2.064,0.023311,0.004677,0.001740
2.065,0.023230,0.004547,0.001829
2.066,0.023027,0.004666,0.001947
2.067,0.022969,0.004842,0.002253
2.068,0.023001,0.005195,0.002513
2.069,0.023406,0.005553,0.002724
2.070,0.023709,0.005865,0.002683
2.071,0.023287,0.006291,0.002670
2.072,0.022620,0.006646,0.003010
2.073,0.021653,0.006976,0.003646
2.074,0.021088,0.007183,0.004289
2.075,0.020756,0.007324,0.004811
2.076,0.019813,0.007582,0.004991
2.077,0.018944,0.007610,0.005133
2.078,0.018143,0.007675,0.005283
2.079,0.018259,0.007378,0.005303
2.080,0.018766,0.007118,0.005200
2.081,0.019112,0.006833,0.005088
2.082,0.019368,0.006576,0.004764
2.083,0.019421,0.006213,0.004527
2.084,0.019263,0.005783,0.004310
2.085,0.019122,0.005348,0.004722
2.086,0.018818,0.005165,0.005484
2.087,0.018967,0.005283,0.006315
2.088,0.019056,0.006322,0.007528
2.089,0.018939,0.007932,0.009501
2.090,0.018286,0.010482,0.011096
2.091,0.017138,0.013331,0.013441
2.092,0.016036,0.016531,0.015986
2.093,0.015058,0.019777,0.018547
2.094,0.013780,0.022996,0.021816
2.095,0.012779,0.026365,0.025204
2.096,0.012217,0.029969,0.027825
2.097,0.011620,0.033400,0.030203
2.098,0.011278,0.036725,0.032320
2.099,0.010928,0.040118,0.034746
2.100,0.010251,0.043391,0.037599
2.101,0.009778,0.046579,0.040037
2.102,0.008879,0.049458,0.042840
2.103,0.008358,0.050436,0.045090
2.104,0.007800,0.050669,0.046533
2.105,0.007602,0.049963,0.048061
2.106,0.008005,0.048266,0.049270
2.107,0.008467,0.045827,0.049846
2.108,0.009044,0.043243,0.049619
2.109,0.009962,0.040786,0.048370
2.110,0.010929,0.038278,0.046494
2.111,0.011628,0.035488,0.045655
2.112,0.012277,0.032793,0.045585
2.113,0.012902,0.030088,0.045987
2.114,0.013213,0.027248,0.046381
2.115,0.013730,0.024170,0.046900
2.116,0.014197,0.020998,0.047685
2.117,0.014780,0.017794,0.047934
2.118,0.015692,0.015474,0.047944
2.119,0.016489,0.013326,0.047900
2.120,0.017147,0.011273,0.048190
2.121,0.017525,0.009893,0.048445
2.122,0.017950,0.008911,0.048753
2.123,0.018306,0.007952,0.049664
2.124,0.018500,0.007084,0.050238
2.125,0.018534,0.006181,0.051005
2.126,0.018498,0.005304,0.051451
2.127,0.018466,0.004461,0.051776
2.128,0.018334,0.003687,0.051577
2.129,0.018397,0.003023,0.051093
2.130,0.018575,0.002742,0.049252
2.131,0.018709,0.002528,0.047070
2.132,0.018860,0.002404,0.044669
2.133,0.018891,0.002220,0.042888
2.134,0.018903,0.002064,0.041919
2.135,0.019414,0.001905,0.040454
2.136,0.020128,0.001761,0.038939
2.137,0.020866,0.001796,0.037768
2.138,0.021685,0.001942,0.036518
2.139,0.022737,0.002018,0.036032
2.140,0.023618,0.002104,0.035823
2.141,0.024614,0.002240,0.034640
2.142,0.025659,0.002369,0.032977
2.143,0.026465,0.002492,0.032000
2.144,0.027164,0.002582,0.031495
2.145,0.027592,0.002536,0.031545
2.146,0.027834,0.002412,0.031854
2.147,0.027966,0.002312,0.031910
2.148,0.028120,0.002306,0.031432
2.149,0.028450,0.002282,0.030111
2.150,0.028411,0.002268,0.029053
2.151,0.028435,0.002271,0.027585
2.152,0.028552,0.002127,0.025942
2.153,0.028798,0.001867,0.024815
2.154,0.028887,0.001637,0.023726
2.155,0.029222,0.001356,0.022683
2.156,0.029595,0.001008,0.022667
2.157,0.029977,0.000744,0.022668
2.158,0.030467,0.000507,0.022143
2.159,0.031108,0.000319,0.021101
2.160,0.031747,0.000252,0.019912
2.161,0.032468,0.000241,0.018143
2.162,0.033335,0.000228,0.016551
2.163,0.034133,0.000221,0.014885
2.164,0.034668,0.000269,0.013284
2.165,0.035312,0.000236,0.011956
2.166,0.035937,0.000161,0.011088
2.167,0.036214,0.000161,0.010444
2.168,0.036402,0.000184,0.009504
2.169,0.036212,0.000261,0.008458
2.170,0.035868,0.000330,0.007423
2.171,0.035526,0.000412,0.006349
2.172,0.035260,0.000501,0.005348
2.173,0.035034,0.000627,0.004444
2.174,0.034759,0.000819,0.003565
2.175,0.034959,0.000930,0.002721
2.176,0.035521,0.001027,0.002327
2.177,0.036311,0.001071,0.001935
2.178,0.036971,0.001157,0.001628
2.179,0.037732,0.001192,0.001426
2.180,0.038297,0.001244,0.001241
2.181,0.038349,0.001343,0.001143
2.182,0.038647,0.001347,0.001044
2.183,0.038403,0.001425,0.000984
2.184,0.038080,0.001549,0.000947
2.185,0.037714,0.001717,0.000909
2.186,0.037255,0.001884,0.000878
2.187,0.036478,0.002109,0.000883
2.188,0.035714,0.002282,0.000944
2.189,0.034829,0.002409,0.001043
2.190,0.033415,0.002703,0.001160
2.191,0.031872,0.003048,0.001293
2.192,0.029995,0.003434,0.001475
2.193,0.028300,0.003926,0.001654
2.194,0.026932,0.004883,0.001675
2.195,0.025697,0.005897,0.001678
2.196,0.025274,0.007328,0.001632
2.197,0.024396,0.008701,0.001619
2.198,0.023903,0.010080,0.001590
2.199,0.023333,0.010877,0.001569
2.200,0.022849,0.011316,0.001557
2.201,0.022333,0.011392,0.001599
2.202,0.022356,0.011361,0.001595
2.203,0.022224,0.011351,0.001614
2.204,0.022169,0.011321,0.001595
2.205,0.021969,0.011315,0.001577
2.206,0.021835,0.011246,0.001528
2.207,0.021938,0.011297,0.001434
2.208,0.022110,0.011143,0.001336
2.209,0.022198,0.010597,0.001348
2.210,0.022333,0.009897,0.001404
2.211,0.022306,0.008620,0.001408
2.212,0.022343,0.007464,0.001456
2.213,0.022131,0.006231,0.001503
2.214,0.022086,0.005510,0.001555
2.215,0.021946,0.005081,0.001615
2.216,0.021975,0.004950,0.001631
2.217,0.021631,0.004859,0.001675
2.218,0.021629,0.005019,0.001608
2.219,0.021763,0.005467,0.001460
2.220,0.022420,0.005976,0.001274
2.221,0.022894,0.006444,0.001122
2.222,0.023193,0.006534,0.001085
2.223,0.023165,0.006610,0.001119
2.224,0.022761,0.006445,0.001216
2.225,0.022580,0.006389,0.001261
2.226,0.022217,0.006433,0.001384
2.227,0.022218,0.006509,0.001443
2.228,0.022218,0.006718,0.001505
2.229,0.022351,0.006788,0.001509
2.230,0.022623,0.006896,0.001493
2.231,0.022727,0.006989,0.001488
2.232,0.022799,0.007092,0.001472
2.233,0.022584,0.006942,0.001519
2.234,0.022119,0.006536,0.001660
2.235,0.021645,0.006142,0.001767
2.236,0.021457,0.005861,0.001834
2.237,0.021452,0.005914,0.001809
2.238,0.021500,0.006007,0.001776
2.239,0.021480,0.006198,0.001753
2.240,0.021009,0.006271,0.001786
2.241,0.020512,0.006518,0.001777
2.242,0.020208,0.007026,0.001745
2.243,0.020150,0.007577,0.001664
2.244,0.020067,0.008034,0.001636
2.245,0.019815,0.008210,0.001628
2.246,0.019442,0.008290,0.001664
2.247,0.019342,0.008314,0.001670
2.248,0.019354,0.008350,0.001660
2.249,0.019548,0.008288,0.001638
2.250,0.019520,0.008032,0.001695
2.251,0.019313,0.007788,0.001789
2.252,0.018952,0.007439,0.001910
2.253,0.018791,0.007138,0.001974
2.254,0.018737,0.006909,0.002027
2.255,0.018730,0.006901,0.002095
2.256,0.018458,0.006973,0.002177
2.257,0.017768,0.006875,0.002341
2.258,0.017060,0.006535,0.002540
2.259,0.016655,0.006257,0.002705
2.260,0.016541,0.006115,0.002783
2.261,0.016802,0.006094,0.002766
2.262,0.016759,0.006088,0.002788
2.263,0.016802,0.006169,0.002775
2.264,0.016833,0.006350,0.002795
2.265,0.016797,0.006587,0.002770
2.266,0.016868,0.006876,0.002736
2.267,0.016845,0.007128,0.002693
2.268,0.016778,0.007389,0.002658
2.269,0.016969,0.007475,0.002618
2.270,0.017424,0.007551,0.002541
2.271,0.018046,0.007471,0.002458
2.272,0.018505,0.007216,0.002368
2.273,0.018558,0.007020,0.002293
2.274,0.018483,0.006865,0.002224
2.275,0.018384,0.006802,0.002193
2.276,0.018563,0.006698,0.002140
2.277,0.018974,0.006609,0.002085
2.278,0.019284,0.006424,0.002064
2.279,0.019418,0.006244,0.002066
2.280,0.019435,0.006012,0.002102
2.281,0.019684,0.005570,0.002141
2.282,0.019922,0.005193,0.002182
2.283,0.020134,0.004772,0.002201
2.284,0.020015,0.004623,0.002241
2.285,0.020012,0.004397,0.002243
2.286,0.020324,0.004207,0.002435
2.287,0.020233,0.004750,0.003737
2.288,0.020074,0.005959,0.005744
2.289,0.019318,0.007993,0.008561
2.290,0.018544,0.010958,0.011224
2.291,0.017548,0.014057,0.013745
2.292,0.016756,0.016945,0.016279
2.293,0.016252,0.020332,0.018114
2.294,0.016314,0.023680,0.020122
2.295,0.016419,0.027483,0.022893
2.296,0.016200,0.031199,0.025104
2.297,0.015933,0.035254,0.027070
2.298,0.015220,0.040030,0.029180
2.299,0.014586,0.043744,0.031317
2.300,0.013128,0.047217,0.035185
2.301,0.011485,0.050847,0.038650
2.302,0.010278,0.053884,0.041012
2.303,0.009545,0.055985,0.042500
2.304,0.009911,0.056110,0.043641
2.305,0.010363,0.055039,0.045799
2.306,0.011234,0.053520,0.046584
2.307,0.011623,0.051300,0.047876
2.308,0.011952,0.048102,0.049958
2.309,0.011940,0.044926,0.051892
2.310,0.012075,0.041470,0.052670
2.311,0.012158,0.038164,0.053553
2.312,0.012078,0.034433,0.055408
2.313,0.012472,0.029983,0.056544
2.314,0.012831,0.026511,0.057812
2.315,0.013589,0.023217,0.057332
2.316,0.014166,0.019642,0.056558
2.317,0.014847,0.016038,0.055845
2.318,0.015448,0.012773,0.055026
2.319,0.015675,0.010750,0.053470
2.320,0.016036,0.009092,0.050863
2.321,0.015926,0.007813,0.049786
2.322,0.015955,0.007297,0.049179
2.323,0.015989,0.007141,0.048776
2.324,0.016147,0.006949,0.048286
2.325,0.016397,0.006644,0.048025
2.326,0.016466,0.006268,0.048358
2.327,0.016802,0.005779,0.049501
2.328,0.017164,0.005298,0.051090
2.329,0.017699,0.004825,0.052166
2.330,0.018474,0.004405,0.052563
2.331,0.019334,0.004007,0.053780
2.332,0.020575,0.003601,0.055154
2.333,0.021985,0.003277,0.055348
2.334,0.023189,0.003046,0.055071
2.335,0.023920,0.002841,0.054823
2.336,0.024487,0.002558,0.055586
2.337,0.025237,0.002357,0.055158
2.338,0.025595,0.002100,0.054811
2.339,0.025715,0.001849,0.054862
2.340,0.026163,0.001544,0.055071
2.341,0.026942,0.001337,0.054998
2.342,0.027644,0.001327,0.053208
2.343,0.028079,0.001327,0.051891
2.344,0.028621,0.001366,0.050033
2.345,0.028941,0.001464,0.048884
2.346,0.029050,0.001557,0.047514
2.347,0.028938,0.001578,0.045854
2.348,0.028816,0.001414,0.045497
2.349,0.028574,0.001142,0.046489
2.350,0.028509,0.000787,0.047852
2.351,0.028450,0.000527,0.048234
2.352,0.028166,0.000351,0.049132
2.353,0.028166,0.000393,0.049604
2.354,0.028137,0.000546,0.049233
2.355,0.027666,0.000727,0.048642
2.356,0.026796,0.000912,0.048467
2.357,0.026346,0.000995,0.048127
2.358,0.026399,0.001027,0.047099
2.359,0.026130,0.000989,0.046928
2.360,0.025843,0.000891,0.047081
2.361,0.025855,0.000798,0.046375
2.362,0.026087,0.000716,0.045185
2.363,0.026186,0.000688,0.044383
2.364,0.026130,0.000683,0.043459
2.365,0.025974,0.000709,0.042436
2.366,0.026385,0.000709,0.042121
2.367,0.027003,0.000709,0.041765
2.368,0.027481,0.000661,0.041842
2.369,0.028022,0.000508,0.042590
2.370,0.028802,0.000327,0.042886
2.371,0.030271,0.000142,0.042836
2.372,0.031072,0.000059,0.041938
2.373,0.031651,0.000026,0.041284
2.374,0.032575,0.000026,0.040317
2.375,0.034029,0.000026,0.038418
2.376,0.035964,0.000026,0.037179
2.377,0.037621,0.000026,0.036201
2.378,0.040353,0.000026,0.034739
2.379,0.043449,0.000026,0.032431
2.380,0.046502,0.000000,0.029954
2.381,0.048690,0.000000,0.026765
2.382,0.050061,0.000000,0.023342
2.383,0.051284,0.000000,0.019536
2.384,0.051509,0.000037,0.015622
2.385,0.051345,0.000167,0.012298
2.386,0.050493,0.000386,0.009044
2.387,0.049587,0.000697,0.007012
2.388,0.048384,0.001018,0.005136
2.389,0.046807,0.001393,0.003631
2.390,0.044843,0.001790,0.002739
2.391,0.042478,0.002392,0.001900
2.392,0.040374,0.003219,0.001255
2.393,0.037312,0.004201,0.000855
2.394,0.034381,0.005407,0.000800
2.395,0.031624,0.006766,0.000800
2.396,0.028949,0.007661,0.000907
2.397,0.027107,0.008200,0.001004
2.398,0.025389,0.008722,0.001101
2.399,0.024667,0.009111,0.001135
2.400,0.024339,0.009883,0.001128
2.401,0.024376,0.010790,0.001156
2.402,0.024594,0.011473,0.001241
2.403,0.025039,0.012153,0.001249
2.404,0.025434,0.012218,0.001326
2.405,0.025727,0.012333,0.001284
2.406,0.025832,0.012209,0.001313
2.407,0.025492,0.011809,0.001469
2.408,0.025045,0.011215,0.001643
2.409,0.024586,0.010249,0.001801
2.410,0.024273,0.009126,0.001968
2.411,0.024702,0.008502,0.001948
2.412,0.025332,0.008315,0.001825
2.413,0.025973,0.008184,0.001702
2.414,0.026583,0.008097,0.001574
2.415,0.026428,0.007410,0.001691
2.416,0.026100,0.006509,0.001784
2.417,0.025870,0.005806,0.001789
2.418,0.025546,0.005180,0.001833
2.419,0.025410,0.005051,0.001725
2.420,0.025355,0.004827,0.001787
2.421,0.025338,0.004597,0.001836
2.422,0.025405,0.004412,0.001865
2.423,0.025378,0.004352,0.001891
2.424,0.025117,0.004488,0.001936
2.425,0.024702,0.004574,0.001974
2.426,0.023669,0.004629,0.002120
2.427,0.022241,0.004508,0.002323
2.428,0.020882,0.004359,0.002531
2.429,0.019623,0.004293,0.002699
2.430,0.018931,0.004414,0.002723
2.431,0.018381,0.004581,0.002752
2.432,0.017966,0.004668,0.002787
2.433,0.017623,0.004685,0.002817
2.434,0.017376,0.004761,0.002859
2.435,0.017129,0.004875,0.002894
2.436,0.016915,0.005061,0.002893
2.437,0.016844,0.005222,0.002909
2.438,0.016905,0.005250,0.002909
2.439,0.017175,0.005358,0.002830
2.440,0.017403,0.005568,0.002752
2.441,0.017663,0.005791,0.002608
2.442,0.017927,0.006114,0.002488
2.443,0.017951,0.006196,0.002442
2.444,0.017903,0.006206,0.002405
2.445,0.017939,0.006163,0.002393
2.446,0.017935,0.006069,0.002381
2.447,0.018008,0.006061,0.002357
2.448,0.018031,0.006105,0.002333
2.449,0.017862,0.006120,0.002348
2.450,0.017599,0.006145,0.002312
2.451,0.017307,0.006072,0.002349
2.452,0.017019,0.006010,0.002341
2.453,0.016766,0.005999,0.002327
2.454,0.016475,0.005858,0.002404
2.455,0.016198,0.005648,0.002473
2.456,0.016126,0.005406,0.002571
2.457,0.015963,0.005140,0.002675
2.458,0.016486,0.005045,0.002657
2.459,0.017054,0.004973,0.002672
2.460,0.017953,0.004750,0.002664
2.461,0.019026,0.004506,0.002607
2.462,0.019638,0.004272,0.002572
2.463,0.020206,0.004034,0.002568
2.464,0.020443,0.003894,0.002562
2.465,0.020704,0.003742,0.002629
2.466,0.020776,0.003655,0.002660
2.467,0.020996,0.003799,0.002620
2.468,0.021195,0.003995,0.002598
2.469,0.021210,0.004233,0.002531
2.470,0.021226,0.004398,0.002507
2.471,0.021105,0.004525,0.002487
2.472,0.020980,0.004630,0.002469
2.473,0.020399,0.004782,0.002489
2.474,0.020043,0.004895,0.002490
2.475,0.019365,0.005093,0.002505
2.476,0.018675,0.005251,0.002584
2.477,0.018178,0.005324,0.002650
2.478,0.017590,0.005366,0.002700
2.479,0.017916,0.005249,0.002671
2.480,0.018485,0.005093,0.002556
2.481,0.019237,0.004947,0.002460
2.482,0.019706,0.004591,0.002425
2.483,0.019949,0.004238,0.002404
2.484,0.020406,0.003823,0.002400
2.485,0.020977,0.003473,0.002600
2.486,0.021727,0.003143,0.002786
2.487,0.022179,0.003018,0.003029
2.488,0.022521,0.002988,0.003265
2.489,0.022683,0.003041,0.004322
2.490,0.022143,0.003854,0.006827
2.491,0.021454,0.005902,0.009649
2.492,0.020872,0.008947,0.013538
2.493,0.020097,0.012876,0.017125
2.494,0.018478,0.017632,0.020737
2.495,0.016713,0.022366,0.024094
2.496,0.014941,0.027234,0.027632
2.497,0.013288,0.033383,0.031127
2.498,0.011813,0.039240,0.034198
2.499,0.010223,0.045636,0.036868
2.500,0.008560,0.053276,0.039206
2.501,0.006799,0.060116,0.041333
2.502,0.006028,0.065719,0.043599
2.503,0.005429,0.070516,0.047020
2.504,0.004716,0.074913,0.050042
2.505,0.005044,0.077274,0.051359
2.506,0.005563,0.077878,0.052338
2.507,0.006300,0.076123,0.052606
2.508,0.007478,0.072931,0.053224
2.509,0.008936,0.069005,0.053504
2.510,0.010334,0.064849,0.054497
2.511,0.011980,0.060358,0.054643
2.512,0.013619,0.054485,0.054558
2.513,0.015181,0.048951,0.054860
2.514,0.016655,0.042847,0.055674
2.515,0.017953,0.035530,0.056715
2.516,0.019136,0.029028,0.058257
2.517,0.019688,0.023600,0.059986
2.518,0.020257,0.018953,0.059673
2.519,0.020788,0.014673,0.058889
2.520,0.020911,0.011656,0.058276
2.521,0.020987,0.009013,0.057615
2.522,0.020979,0.007691,0.056473
2.523,0.020784,0.006830,0.055359
2.524,0.020653,0.005953,0.054297
2.525,0.020610,0.005325,0.052887
2.526,0.020278,0.004893,0.052009
2.527,0.020005,0.004527,0.051898
2.528,0.019585,0.004085,0.052120
2.529,0.019189,0.003635,0.052776
2.530,0.018991,0.003174,0.053137
2.531,0.018971,0.002731,0.052451
2.532,0.019024,0.002290,0.051069
2.533,0.019030,0.001788,0.050708
2.534,0.019081,0.001294,0.050570
2.535,0.019137,0.000894,0.049469
2.536,0.019030,0.000756,0.048117
2.537,0.018759,0.000724,0.046224
2.538,0.018478,0.000802,0.044106
2.539,0.018234,0.000902,0.042455
2.540,0.017997,0.001018,0.040815
2.541,0.018056,0.001030,0.039578
2.542,0.018198,0.001049,0.037733
2.543,0.018709,0.000980,0.035933
2.544,0.019272,0.000973,0.033762
2.545,0.019933,0.000973,0.031815
2.546,0.020573,0.000973,0.030737
2.547,0.021119,0.000973,0.030167
2.548,0.021313,0.000973,0.030240
2.549,0.021842,0.000973,0.029659
2.550,0.022509,0.000949,0.029975
2.551,0.023256,0.000867,0.030348
2.552,0.023999,0.000719,0.031886
2.553,0.025033,0.000527,0.033637
2.554,0.026151,0.000329,0.035089
2.555,0.027543,0.000174,0.035652
2.556,0.028606,0.000192,0.035614
2.557,0.029266,0.000240,0.036080
2.558,0.029646,0.000337,0.036690
2.559,0.029898,0.000481,0.036862
2.560,0.030132,0.000630,0.036540
2.561,0.030125,0.000783,0.036058
2.562,0.030498,0.000783,0.035358
2.563,0.031211,0.000783,0.033762
2.564,0.031698,0.000783,0.032636
2.565,0.032022,0.000783,0.031450
2.566,0.032348,0.000783,0.029998
2.567,0.032858,0.000783,0.028003
2.568,0.033040,0.000783,0.026052
2.569,0.032971,0.000783,0.024154
2.570,0.032624,0.000753,0.023040
2.571,0.032181,0.000649,0.022266
2.572,0.032132,0.000551,0.020566
2.573,0.032280,0.000474,0.018286
2.574,0.032411,0.000406,0.016311
2.575,0.032598,0.000312,0.014717
2.576,0.032956,0.000213,0.013080
2.577,0.032876,0.000288,0.011453
2.578,0.032436,0.000422,0.009981
2.579,0.031915,0.000571,0.008503
2.580,0.031255,0.000749,0.007249
2.581,0.030434,0.000958,0.006485
2.582,0.029521,0.001232,0.005737
2.583,0.028674,0.001544,0.004888
2.584,0.027907,0.001874,0.004167
2.585,0.027154,0.002205,0.003501
2.586,0.026679,0.002596,0.002816
2.587,0.026047,0.003063,0.002650
2.588,0.025373,0.003518,0.002565
2.589,0.024827,0.003882,0.002480
2.590,0.024049,0.004227,0.002469
2.591,0.023195,0.004554,0.002598
2.592,0.022440,0.004887,0.002682
2.593,0.021982,0.005138,0.002726
2.594,0.021536,0.005483,0.002781
2.595,0.021222,0.006002,0.002781
2.596,0.021179,0.006880,0.002674
2.597,0.021128,0.007829,0.002576
2.598,0.021319,0.008804,0.002454
2.599,0.021544,0.009564,0.002330
2.600,0.021699,0.010279,0.002175
2.601,0.021845,0.011052,0.001991
2.602,0.021822,0.011696,0.001836
2.603,0.021908,0.012579,0.001654
2.604,0.022045,0.013507,0.001442
2.605,0.022234,0.014246,0.001235
2.606,0.022292,0.014730,0.001097
2.607,0.022477,0.015270,0.001009
2.608,0.022692,0.015701,0.000975
2.609,0.022946,0.016100,0.000878
2.610,0.023150,0.016143,0.000816
2.611,0.022984,0.015534,0.000904
2.612,0.022753,0.014660,0.001022
2.613,0.022277,0.013668,0.001162
2.614,0.021956,0.012800,0.001288
2.615,0.021865,0.011942,0.001411
2.616,0.021560,0.010958,0.001581
2.617,0.021538,0.009968,0.001757
2.618,0.021176,0.008771,0.001976
2.619,0.020661,0.007634,0.002192
2.620,0.020267,0.006752,0.002400
2.621,0.020043,0.006198,0.002474
2.622,0.019728,0.005558,0.002547
2.623,0.019368,0.005049,0.002565
2.624,0.019066,0.004493,0.002621
2.625,0.018855,0.004145,0.002661
2.626,0.018769,0.004056,0.002686
2.627,0.018822,0.004233,0.002683
2.628,0.019129,0.004847,0.002560
2.629,0.019595,0.005781,0.002412
2.630,0.019956,0.006915,0.002260
2.631,0.020299,0.007882,0.002091
2.632,0.020309,0.008616,0.001945
2.633,0.020512,0.009291,0.001804
2.634,0.020781,0.009735,0.001694
2.635,0.020977,0.010246,0.001562
2.636,0.021065,0.010586,0.001497
2.637,0.021016,0.010813,0.001463
2.638,0.020964,0.011046,0.001471
2.639,0.020701,0.011153,0.001482
2.640,0.020393,0.011186,0.001528
2.641,0.020154,0.011204,0.001555
2.642,0.019877,0.011105,0.001577
2.643,0.019503,0.010614,0.001720
2.644,0.018833,0.009826,0.001894
2.645,0.017983,0.008832,0.002092
2.646,0.017283,0.008021,0.002288
2.647,0.016798,0.007487,0.002443
2.648,0.016283,0.007035,0.002587
2.649,0.015852,0.006959,0.002695
2.650,0.015372,0.006849,0.002804
2.651,0.014976,0.006949,0.002857
2.652,0.014771,0.007128,0.002854
2.653,0.014559,0.007177,0.002840
2.654,0.014437,0.007387,0.002862
2.655,0.014348,0.007564,0.002870
2.656,0.014267,0.007656,0.002901
2.657,0.014209,0.007767,0.002922
2.658,0.014209,0.007732,0.002923
2.659,0.014154,0.007774,0.002906
2.660,0.014192,0.007960,0.002838
2.661,0.014229,0.008214,0.002780
2.662,0.014734,0.008579,0.002624
2.663,0.015833,0.008728,0.002402
2.664,0.017508,0.008383,0.002189
2.665,0.019099,0.007815,0.001989
2.666,0.020479,0.007102,0.001848
2.667,0.021350,0.006529,0.001804
2.668,0.022072,0.006155,0.001730
2.669,0.023299,0.005608,0.001590
2.670,0.024520,0.005113,0.001471
2.671,0.025680,0.004743,0.001350
2.672,0.026471,0.004425,0.001303
2.673,0.027176,0.004240,0.001267
2.674,0.028296,0.003963,0.001207
2.675,0.029435,0.003548,0.001161
2.676,0.030117,0.003238,0.001145
2.677,0.030778,0.002873,0.001153
2.678,0.030649,0.002765,0.001226
2.679,0.029821,0.002981,0.001306
2.680,0.029172,0.003310,0.001344
2.681,0.028205,0.003751,0.001400
2.682,0.027568,0.004067,0.001389
2.683,0.027118,0.004255,0.001404
2.684,0.026145,0.004457,0.001619
2.685,0.025344,0.004539,0.001820
2.686,0.024875,0.004511,0.001982
2.687,0.024628,0.004429,0.002043
2.688,0.024389,0.004392,0.002312
2.689,0.023761,0.004734,0.003268
2.690,0.022629,0.005696,0.007473
2.691,0.022056,0.007020,0.012769
2.692,0.020745,0.009208,0.019304
2.693,0.019415,0.012219,0.026151
2.694,0.019566,0.011823,0.026294
2.695,0.019370,0.011463,0.026370
2.696,0.019432,0.011304,0.026418
2.697,0.019898,0.011683,0.026519
2.698,0.019738,0.011793,0.026824
2.699,0.020537,0.011845,0.026828
2.700,0.020445,0.011901,0.027024
2.701,0.020120,0.012856,0.026860
2.702,0.019725,0.013121,0.027079
2.703,0.019558,0.013214,0.026821
2.704,0.018965,0.013065,0.026567
2.705,0.018819,0.012325,0.022454
2.706,0.019794,0.013100,0.017293
2.707,0.020435,0.015659,0.015023
2.708,0.021556,0.012521,0.008719
2.709,0.020429,0.012829,0.008707
2.710,0.019666,0.012970,0.008851
2.711,0.019131,0.013071,0.008896
2.712,0.019885,0.012235,0.009878
2.713,0.019788,0.012181,0.009862
2.714,0.018826,0.012580,0.010062
2.715,0.019396,0.013713,0.010758
2.716,0.020025,0.014636,0.010944
2.717,0.020463,0.016118,0.010704
2.718,0.020134,0.017467,0.011082
2.719,0.021189,0.019099,0.010283
2.720,0.022355,0.020960,0.010691
2.721,0.021939,0.020560,0.011304
2.722,0.021963,0.016742,0.007132
2.723,0.021174,0.017524,0.007733
2.724,0.021515,0.017930,0.008207
2.725,0.021650,0.018115,0.008714
2.726,0.022542,0.019750,0.008512
2.727,0.021741,0.021608,0.008906
2.728,0.021871,0.022843,0.008704
2.729,0.022720,0.027502,0.008384
2.730,0.022485,0.031395,0.007382
2.731,0.022461,0.032522,0.008428
2.732,0.022274,0.032015,0.008654
2.733,0.023535,0.033066,0.008162
2.734,0.022873,0.032505,0.009835
2.735,0.024147,0.032272,0.010397
2.736,0.024731,0.031090,0.010506
2.737,0.025512,0.032086,0.010360
2.738,0.025490,0.033160,0.009892
2.739,0.024483,0.034306,0.009975
2.740,0.024063,0.035855,0.009856
2.741,0.022424,0.036321,0.010498
2.742,0.021057,0.036005,0.009523
2.743,0.021005,0.035648,0.009858
2.744,0.019875,0.031821,0.010328
2.745,0.019105,0.028118,0.010957
2.746,0.018038,0.026232,0.010319
2.747,0.017295,0.026630,0.010302
2.748,0.015975,0.025001,0.012019
2.749,0.015314,0.024070,0.013731
2.750,0.014061,0.025524,0.013273
2.751,0.013193,0.025964,0.015611
2.752,0.012535,0.025043,0.015618
2.753,0.013728,0.025320,0.014870
2.754,0.015812,0.025523,0.014099
2.755,0.017116,0.024448,0.014448
2.756,0.018717,0.023869,0.015168
2.757,0.020125,0.023682,0.014986
2.758,0.021150,0.024501,0.014440
2.759,0.023479,0.024308,0.014434
2.760,0.024423,0.023673,0.017036
2.761,0.025098,0.023976,0.017869
2.762,0.026570,0.024117,0.017491
2.763,0.026537,0.024535,0.015933
2.764,0.026679,0.025079,0.012759
2.765,0.026043,0.023494,0.012360
2.766,0.025838,0.023286,0.009232
2.767,0.025481,0.022347,0.009638
2.768,0.024540,0.020305,0.009777
2.769,0.027258,0.023429,0.010782
2.770,0.026519,0.023049,0.009892
2.771,0.026616,0.021387,0.008930
2.772,0.025966,0.020656,0.008647
2.773,0.025041,0.020392,0.008883
2.774,0.023787,0.020902,0.008390
2.775,0.023412,0.020390,0.005137
2.776,0.023432,0.021488,0.003620
2.777,0.022447,0.020218,0.004416
2.778,0.022956,0.019648,0.004484
2.779,0.024255,0.019776,0.004646
2.780,0.026122,0.018893,0.005412
2.781,0.027072,0.018956,0.005223
2.782,0.028299,0.019239,0.005764
2.783,0.028368,0.019395,0.005855
2.784,0.025471,0.015074,0.005185
2.785,0.026326,0.014921,0.005167
2.786,0.026186,0.016808,0.004807
2.787,0.026692,0.019424,0.004841
2.788,0.027092,0.018787,0.005504
2.789,0.026993,0.017149,0.005517
2.790,0.028114,0.017333,0.005518
2.791,0.028991,0.015173,0.005809
2.792,0.030265,0.014524,0.005368
2.793,0.030228,0.014323,0.005194
2.794,0.029765,0.013674,0.004902
2.795,0.027942,0.013120,0.003968
2.796,0.027221,0.012312,0.004111
2.797,0.026091,0.011849,0.003322
2.798,0.026299,0.011513,0.003249
2.799,0.025692,0.010753,0.003085
2.800,0.025249,0.010579,0.003136
