"Time","17 Hipy (cm)","25 toey (cm)"
0.000,10.131683,8.205997
0.001,10.130530,8.203590
0.002,10.129377,8.201184
0.003,10.128064,8.198399
0.004,10.126357,8.194677
0.005,10.124650,8.190955
0.006,10.122943,8.187234
0.007,10.120960,8.183535
0.008,10.118297,8.179891
0.009,10.115632,8.176248
0.010,10.112968,8.172604
0.011,10.110398,8.170058
0.012,10.108059,8.170228
0.013,10.105721,8.170397
0.014,10.103381,8.170567
0.015,10.100480,8.170611
0.016,10.096190,8.170349
0.017,10.091900,8.170088
0.018,10.087609,8.169826
0.019,10.082856,8.168567
0.020,10.076961,8.164841
0.021,10.071064,8.161115
0.022,10.065167,8.157389
0.023,10.059683,8.152419
0.024,10.055214,8.144374
0.025,10.050745,8.136330
0.026,10.046276,8.128284
0.027,10.041543,8.121187
0.028,10.036157,8.116431
0.029,10.030769,8.111675
0.030,10.025383,8.106919
0.031,10.020108,8.101816
0.032,10.015112,8.095858
0.033,10.010116,8.089898
0.034,10.005118,8.083940
0.035,10.000523,8.078428
0.036,9.996916,8.074024
0.037,9.993309,8.069619
0.038,9.989703,8.065215
0.039,9.985744,8.060388
0.040,9.980912,8.054511
0.041,9.976081,8.048635
0.042,9.971250,8.042760
0.043,9.966821,8.038032
0.044,9.963385,8.036141
0.045,9.959949,8.034250
0.046,9.956514,8.032360
0.047,9.953716,8.029214
0.048,9.952495,8.022964
0.049,9.951273,8.016714
0.050,9.950051,8.010464
0.051,9.948513,8.004893
0.052,9.946191,8.001004
0.053,9.943870,7.997115
0.054,9.941547,7.993226
0.055,9.938664,7.989146
0.056,9.934392,7.984597
0.057,9.930120,7.980047
0.058,9.925848,7.975498
0.059,9.920816,7.970764
0.060,9.913911,7.965573
0.061,9.907004,7.960382
0.062,9.900099,7.955191
0.063,9.893430,7.950750
0.064,9.887345,7.948164
0.065,9.881261,7.945578
0.066,9.875176,7.942992
0.067,9.869176,7.940449
0.068,9.863380,7.938013
0.069,9.857585,7.935577
0.070,9.851789,7.933141
0.071,9.847550,7.931826
0.072,9.847161,7.933283
0.073,9.846771,7.934740
0.074,9.846382,7.936197
0.075,9.845922,7.937450
0.076,9.845292,7.938203
0.077,9.844661,7.938955
0.078,9.844030,7.939707
0.079,9.843210,7.941241
0.080,9.841923,7.944708
0.081,9.840635,7.948176
0.082,9.839348,7.951643
0.083,9.838463,7.954180
0.084,9.838574,7.954419
0.085,9.838685,7.954658
0.086,9.838796,7.954897
0.087,9.838323,7.955841
0.088,9.836407,7.958526
0.089,9.834490,7.961211
0.090,9.832574,7.963897
0.091,9.831211,7.965638
0.092,9.831219,7.965043
0.093,9.831226,7.964447
0.094,9.831234,7.963852
0.095,9.831453,7.963658
0.096,9.832193,7.964457
0.097,9.832934,7.965256
0.098,9.833675,7.966054
0.099,9.833625,7.967326
0.100,9.831616,7.969767
0.101,9.829609,7.972208
0.102,9.827601,7.974648
0.103,9.825400,7.976552
0.104,9.822721,7.977127
0.105,9.820043,7.977702
0.106,9.817364,7.978276
0.107,9.813637,7.978691
0.108,9.807319,7.978712
0.109,9.801000,7.978733
0.110,9.794682,7.978753
0.111,9.790846,7.978853
0.112,9.793149,7.979147
0.113,9.795452,7.979442
0.114,9.797755,7.979737
0.115,9.799928,7.980097
0.116,9.801779,7.980620
0.117,9.803629,7.981144
0.118,9.805480,7.981667
0.119,9.807349,7.982508
0.120,9.809261,7.984134
0.121,9.811173,7.985760
0.122,9.813086,7.987387
0.123,9.814623,7.987713
0.124,9.815230,7.984825
0.125,9.815839,7.981937
0.126,9.816447,7.979049
0.127,9.817153,7.977240
0.128,9.818099,7.978100
0.129,9.819046,7.978960
0.130,9.819992,7.979820
0.131,9.820614,7.980672
0.132,9.820434,7.981504
0.133,9.820252,7.982336
0.134,9.820071,7.983168
0.135,9.820763,7.984067
0.136,9.823612,7.985132
0.137,9.826461,7.986197
0.138,9.829310,7.987261
0.139,9.832034,7.987645
0.140,9.834447,7.986347
0.141,9.836861,7.985050
0.142,9.839273,7.983752
0.143,9.840582,7.982501
0.144,9.839159,7.981365
0.145,9.837736,7.980230
0.146,9.836313,7.979095
0.147,9.835010,7.978572
0.148,9.834001,7.979563
0.149,9.832992,7.980554
0.150,9.831982,7.981545
0.151,9.830317,7.981855
0.152,9.827026,7.980484
0.153,9.823737,7.979111
0.154,9.820447,7.977739
0.155,9.817533,7.977084
0.156,9.815545,7.978201
0.157,9.813558,7.979319
0.158,9.811571,7.980436
0.159,9.809098,7.980414
0.160,9.805426,7.977576
0.161,9.801752,7.974738
0.162,9.798079,7.971900
0.163,9.795853,7.970400
0.164,9.797199,7.972208
0.165,9.798546,7.974018
0.166,9.799892,7.975826
0.167,9.799667,7.978257
0.168,9.795555,7.982224
0.169,9.791443,7.986192
0.170,9.787330,7.990159
0.171,9.783189,7.993146
0.172,9.778976,7.993709
0.173,9.774764,7.994271
0.174,9.770552,7.994834
0.175,9.766749,7.995636
0.176,9.763961,7.997032
0.177,9.761172,7.998427
0.178,9.758385,7.999823
0.179,9.756283,8.001717
0.180,9.755878,8.004841
0.181,9.755474,8.007966
0.182,9.755071,8.011091
0.183,9.755177,8.013814
0.184,9.756546,8.015544
0.185,9.757915,8.017274
0.186,9.759284,8.019004
0.187,9.759788,8.020326
0.188,9.758153,8.020641
0.189,9.756518,8.020957
0.190,9.754884,8.021273
0.191,9.753549,8.023219
0.192,9.752952,8.029200
0.193,9.752356,8.035179
0.194,9.751759,8.041160
0.195,9.750424,8.045241
0.196,9.747267,8.044629
0.197,9.744108,8.044018
0.198,9.740951,8.043406
0.199,9.737691,8.043448
0.200,9.734182,8.045109
0.201,9.730674,8.046770
0.202,9.727165,8.048430
0.203,9.725681,8.050613
0.204,9.729200,8.054088
0.205,9.732719,8.057562
0.206,9.736238,8.061036
0.207,9.738925,8.062931
0.208,9.739554,8.060923
0.209,9.740184,8.058913
0.210,9.740812,8.056904
0.211,9.741669,8.056420
0.212,9.743086,8.059707
0.213,9.744503,8.062994
0.214,9.745920,8.066281
0.215,9.747736,8.070408
0.216,9.750539,8.076611
0.217,9.753342,8.082812
0.218,9.756145,8.089015
0.219,9.758944,8.094202
0.220,9.761735,8.096883
0.221,9.764525,8.099564
0.222,9.767317,8.102244
0.223,9.769900,8.105499
0.224,9.771970,8.110174
0.225,9.774039,8.114849
0.226,9.776109,8.119525
0.227,9.779174,8.123622
0.228,9.784699,8.126292
0.229,9.790225,8.128963
0.230,9.795751,8.131633
0.231,9.801693,8.133951
0.232,9.808665,8.135400
0.233,9.815639,8.136847
0.234,9.822611,8.138295
0.235,9.828027,8.139470
0.236,9.829593,8.139972
0.237,9.831158,8.140473
0.238,9.832724,8.140975
0.239,9.834513,8.141809
0.240,9.836853,8.143464
0.241,9.839193,8.145121
0.242,9.841535,8.146776
0.243,9.843842,8.147889
0.244,9.846067,8.147661
0.245,9.848292,8.147434
0.246,9.850518,8.147206
0.247,9.853599,8.147213
0.248,9.858795,8.147800
0.249,9.863992,8.148387
0.250,9.869187,8.148974
0.251,9.873767,8.149632
0.252,9.876822,8.150462
0.253,9.879876,8.151294
0.254,9.882931,8.152124
0.255,9.885651,8.152294
0.256,9.887544,8.150828
0.257,9.889438,8.149362
0.258,9.891331,8.147896
0.259,9.892612,8.146379
0.260,9.892377,8.144735
0.261,9.892141,8.143092
0.262,9.891907,8.141450
0.263,9.891487,8.141185
0.264,9.890615,8.144329
0.265,9.889741,8.147472
0.266,9.888868,8.150617
0.267,9.888474,8.152281
0.268,9.889260,8.150289
0.269,9.890048,8.148296
0.270,9.890835,8.146304
0.271,9.891335,8.145610
0.272,9.891121,8.148127
0.273,9.890908,8.150642
0.274,9.890696,8.153159
0.275,9.889886,8.154926
0.276,9.887602,8.154839
0.277,9.885318,8.154752
0.278,9.883034,8.154664
0.279,9.881386,8.154260
0.280,9.881310,8.153070
0.281,9.881234,8.151880
0.282,9.881158,8.150691
0.283,9.880804,8.149066
0.284,9.879763,8.146364
0.285,9.878722,8.143663
0.286,9.877681,8.140962
0.287,9.877338,8.138658
0.288,9.878723,8.137336
0.289,9.880107,8.136015
0.290,9.881492,8.134693
0.291,9.882543,8.133437
0.292,9.882770,8.132342
0.293,9.882997,8.131248
0.294,9.883224,8.130153
0.295,9.883429,8.129521
0.296,9.883583,8.130036
0.297,9.883737,8.130552
0.298,9.883890,8.131067
0.299,9.883114,8.131436
0.300,9.880039,8.131441
0.301,9.876964,8.131447
0.302,9.873889,8.131453
0.303,9.870644,8.131525
0.304,9.866977,8.131763
0.305,9.863311,8.132003
0.306,9.859644,8.132241
0.307,9.856014,8.131433
0.308,9.852475,8.128036
0.309,9.848935,8.124639
0.310,9.845396,8.121241
0.311,9.842621,8.117724
0.312,9.841736,8.113911
0.313,9.840851,8.110098
0.314,9.839967,8.106285
0.315,9.838846,8.102645
0.316,9.837146,8.099435
0.317,9.835444,8.096224
0.318,9.833744,8.093014
0.319,9.831601,8.090210
0.320,9.828365,8.088414
0.321,9.825130,8.086617
0.322,9.821895,8.084821
0.323,9.818921,8.083095
0.324,9.816594,8.081542
0.325,9.814267,8.079990
0.326,9.811939,8.078438
0.327,9.809508,8.077455
0.328,9.806821,8.077877
0.329,9.804133,8.078300
0.330,9.801446,8.078722
0.331,9.798756,8.078081
0.332,9.796058,8.074815
0.333,9.793360,8.071548
0.334,9.790661,8.068280
0.335,9.787665,8.064751
0.336,9.783935,8.060573
0.337,9.780204,8.056395
0.338,9.776473,8.052217
0.339,9.773883,8.049555
0.340,9.774111,8.050640
0.341,9.774338,8.051726
0.342,9.774566,8.052812
0.343,9.774518,8.052532
0.344,9.773790,8.048876
0.345,9.773063,8.045220
0.346,9.772335,8.041564
0.347,9.772355,8.038544
0.348,9.774221,8.037091
0.349,9.776089,8.035640
0.350,9.777955,8.034187
0.351,9.778713,8.033211
0.352,9.776731,8.033408
0.353,9.774748,8.033606
0.354,9.772764,8.033803
0.355,9.771024,8.031902
0.356,9.769879,8.024813
0.357,9.768736,8.017722
0.358,9.767592,8.010633
0.359,9.766762,8.006018
0.360,9.766706,8.007522
0.361,9.766651,8.009025
0.362,9.766595,8.010529
0.363,9.766809,8.011307
0.364,9.767691,8.010292
0.365,9.768572,8.009277
0.366,9.769453,8.008263
0.367,9.770914,8.006865
0.368,9.773808,8.004519
0.369,9.776703,8.002174
0.370,9.779596,7.999829
0.371,9.782038,7.997899
0.372,9.783360,7.996992
0.373,9.784681,7.996086
0.374,9.786003,7.995179
0.375,9.786939,7.993897
0.376,9.786919,7.991686
0.377,9.786900,7.989476
0.378,9.786880,7.987265
0.379,9.786836,7.985032
0.380,9.786731,7.982744
0.381,9.786627,7.980457
0.382,9.786523,7.978169
0.383,9.785954,7.976492
0.384,9.784236,7.976328
0.385,9.782518,7.976163
0.386,9.780801,7.975998
0.387,9.778371,7.975369
0.388,9.774177,7.973594
0.389,9.769983,7.971818
0.390,9.765789,7.970042
0.391,9.762827,7.968499
0.392,9.762910,7.967531
0.393,9.762992,7.966564
0.394,9.763075,7.965596
0.395,9.762926,7.964107
0.396,9.762202,7.961331
0.397,9.761479,7.958555
0.398,9.760756,7.955779
0.399,9.761307,7.953485
0.400,9.765004,7.952382
0.401,9.768703,7.951279
0.402,9.772400,7.950176
0.403,9.775851,7.949566
0.404,9.778691,7.950174
0.405,9.781531,7.950782
0.406,9.784371,7.951390
0.407,9.787249,7.951608
0.408,9.790215,7.950862
0.409,9.793180,7.950116
0.410,9.796147,7.949370
0.411,9.798712,7.948304
0.412,9.800285,7.946444
0.413,9.801859,7.944583
0.414,9.803432,7.942723
0.415,9.805066,7.941603
0.416,9.806849,7.942312
0.417,9.808631,7.943020
0.418,9.810412,7.943729
0.419,9.811494,7.945131
0.420,9.810842,7.948246
0.421,9.810190,7.951362
0.422,9.809538,7.954477
0.423,9.809908,7.955881
0.424,9.812805,7.953053
0.425,9.815702,7.950225
0.426,9.818600,7.947398
0.427,9.820898,7.946049
0.428,9.821717,7.948357
0.429,9.822536,7.950665
0.430,9.823356,7.952972
0.431,9.824157,7.955088
0.432,9.824917,7.956729
0.433,9.825677,7.958370
0.434,9.826437,7.960011
0.435,9.827259,7.961766
0.436,9.828235,7.963805
0.437,9.829210,7.965843
0.438,9.830186,7.967882
0.439,9.830780,7.970513
0.440,9.830428,7.974607
0.441,9.830076,7.978701
0.442,9.829725,7.982794
0.443,9.829278,7.986031
0.444,9.828597,7.987147
0.445,9.827916,7.988264
0.446,9.827235,7.989380
0.447,9.826613,7.991143
0.448,9.826140,7.994505
0.449,9.825668,7.997866
0.450,9.825195,8.001227
0.451,9.824452,8.003471
0.452,9.823041,8.002950
0.453,9.821630,8.002429
0.454,9.820218,8.001907
0.455,9.819563,8.002778
0.456,9.820777,8.007092
0.457,9.821992,8.011404
0.458,9.823206,8.015718
0.459,9.825037,8.018680
0.460,9.828393,8.018301
0.461,9.831749,8.017923
0.462,9.835105,8.017545
0.463,9.838433,8.017624
0.464,9.841695,8.018832
0.465,9.844957,8.020040
0.466,9.848219,8.021248
0.467,9.851436,8.022502
0.468,9.854540,8.023870
0.469,9.857645,8.025238
0.470,9.860749,8.026607
0.471,9.864071,8.028131
0.472,9.867929,8.030042
0.473,9.871788,8.031953
0.474,9.875647,8.033864
0.475,9.879869,8.035242
0.476,9.884987,8.035303
0.477,9.890105,8.035364
0.478,9.895224,8.035425
0.479,9.900400,8.035730
0.480,9.905724,8.036636
0.481,9.911046,8.037542
0.482,9.916368,8.038448
0.483,9.922504,8.039309
0.484,9.930652,8.040058
0.485,9.938798,8.040808
0.486,9.946945,8.041557
0.487,9.955050,8.042048
0.488,9.963055,8.041898
0.489,9.971059,8.041748
0.490,9.979063,8.041598
0.491,9.987655,8.041353
0.492,9.997700,8.040874
0.493,10.007744,8.040394
0.494,10.017788,8.039913
0.495,10.027427,8.040540
0.496,10.036063,8.043900
0.497,10.044701,8.047260
0.498,10.053337,8.050621
0.499,10.061911,8.053981
0.500,10.070329,8.057341
0.501,10.078746,8.060699
0.502,10.087164,8.064058
0.503,10.096474,8.068536
0.504,10.107989,8.075776
0.505,10.119505,8.083017
0.506,10.131021,8.090259
0.507,10.141558,8.096125
0.508,10.149672,8.098590
0.509,10.157786,8.101055
0.510,10.165901,8.103520
0.511,10.173981,8.105593
0.512,10.181973,8.106692
0.513,10.189965,8.107792
0.514,10.197957,8.108891
0.515,10.205013,8.110430
0.516,10.209755,8.113051
0.517,10.214496,8.115673
0.518,10.219237,8.118296
0.519,10.222282,8.119821
0.520,10.221134,8.118633
0.521,10.219986,8.117447
0.522,10.218837,8.116261
0.523,10.217864,8.115043
0.524,10.217325,8.113748
0.525,10.216786,8.112452
0.526,10.216248,8.111156
0.527,10.214902,8.110054
0.528,10.211562,8.109426
0.529,10.208221,8.108799
0.530,10.204882,8.108171
0.531,10.202049,8.108840
0.532,10.200471,8.112712
0.533,10.198894,8.116584
0.534,10.197316,8.120455
0.535,10.195174,8.123573
0.536,10.191636,8.124830
0.537,10.188099,8.126086
0.538,10.184561,8.127342
0.539,10.180799,8.128025
0.540,10.176482,8.127288
0.541,10.172166,8.126552
0.542,10.167850,8.125814
0.543,10.162908,8.125402
0.544,10.156423,8.125793
0.545,10.149937,8.126185
0.546,10.143451,8.126576
0.547,10.137366,8.126734
0.548,10.132276,8.126314
0.549,10.127184,8.125894
0.550,10.122092,8.125474
0.551,10.116960,8.124831
0.552,10.111724,8.123639
0.553,10.106488,8.122447
0.554,10.101253,8.121255
0.555,10.096030,8.120817
0.556,10.090843,8.122246
0.557,10.085656,8.123674
0.558,10.080469,8.125103
0.559,10.075081,8.125693
0.560,10.069196,8.124211
0.561,10.063312,8.122729
0.562,10.057426,8.121247
0.563,10.051077,8.121476
0.564,10.043578,8.125933
0.565,10.036079,8.130390
0.566,10.028581,8.134847
0.567,10.020898,8.136756
0.568,10.012758,8.132363
0.569,10.004618,8.127972
0.570,9.996478,8.123579
0.571,9.987275,8.126307
0.572,9.975442,8.146636
0.573,9.963610,8.166965
0.574,9.951777,8.187295
0.575,9.942475,8.207262
0.576,9.939429,8.226332
0.577,9.936384,8.245402
0.578,9.933338,8.264472
0.579,9.930251,8.283005
0.580,9.927063,8.300205
0.581,9.923875,8.317407
0.582,9.920687,8.334607
0.583,9.918331,8.335751
0.584,9.918034,8.297195
0.585,9.917736,8.258641
0.586,9.917438,8.220086
0.587,9.916649,8.192986
0.588,9.914647,8.194203
0.589,9.912645,8.195421
0.590,9.910644,8.196638
0.591,9.909546,8.206172
0.592,9.910686,8.236265
0.593,9.911826,8.266358
0.594,9.912967,8.296453
0.595,9.915257,8.319592
0.596,9.920388,8.325538
0.597,9.925520,8.331485
0.598,9.930652,8.337431
0.599,9.935390,8.344121
0.600,9.939154,8.352649
0.601,9.942918,8.361176
0.602,9.946683,8.369704
0.603,9.951070,8.376980
0.604,9.956999,8.381157
0.605,9.962927,8.385335
0.606,9.968856,8.389513
0.607,9.974152,8.392815
0.608,9.977885,8.393950
0.609,9.981618,8.395086
0.610,9.985351,8.396222
0.611,9.989428,8.395843
0.612,9.994357,8.391718
0.613,9.999286,8.387593
0.614,10.004214,8.383469
0.615,10.008503,8.378703
0.616,10.011207,8.372353
0.617,10.013911,8.366002
0.618,10.016616,8.359652
0.619,10.019685,8.358337
0.620,10.023655,8.369473
0.621,10.027624,8.380608
0.622,10.031594,8.391743
0.623,10.034968,8.395145
0.624,10.036871,8.379434
0.625,10.038773,8.363722
0.626,10.040674,8.348009
0.627,10.043247,8.340393
0.628,10.047479,8.352791
0.629,10.051710,8.365190
0.630,10.055943,8.377587
0.631,10.060275,8.384054
0.632,10.064859,8.375858
0.633,10.069444,8.367661
0.634,10.074028,8.359466
0.635,10.077552,8.349540
0.636,10.078455,8.335338
0.637,10.079358,8.321136
0.638,10.080262,8.306932
0.639,10.081031,8.293100
0.640,10.081470,8.280184
0.641,10.081908,8.267267
0.642,10.082347,8.254351
0.643,10.081905,8.242206
0.644,10.079288,8.231972
0.645,10.076673,8.221738
0.646,10.074056,8.211504
0.647,10.070910,8.202710
0.648,10.066458,8.197477
0.649,10.062005,8.192245
0.650,10.057552,8.187013
0.651,10.053630,8.183871
0.652,10.051020,8.185897
0.653,10.048410,8.187923
0.654,10.045800,8.189949
0.655,10.043243,8.191438
0.656,10.040816,8.191597
0.657,10.038389,8.191757
0.658,10.035962,8.191916
0.659,10.034040,8.189875
0.660,10.033368,8.182393
0.661,10.032696,8.174911
0.662,10.032023,8.167428
0.663,10.031384,8.159547
0.664,10.030827,8.150681
0.665,10.030269,8.141814
0.666,10.029711,8.132948
0.667,10.028712,8.125836
0.668,10.026625,8.123064
0.669,10.024536,8.120292
0.670,10.022449,8.117519
0.671,10.021227,8.113713
0.672,10.022149,8.107350
0.673,10.023070,8.100987
0.674,10.023993,8.094625
0.675,10.024103,8.086668
0.676,10.022209,8.074770
0.677,10.020315,8.062872
0.678,10.018421,8.050975
0.679,10.016294,8.039427
0.680,10.013593,8.028743
0.681,10.010891,8.018059
0.682,10.008188,8.007375
0.683,10.005521,7.999481
0.684,10.002938,7.998487
0.685,10.000356,7.997491
0.686,9.997772,7.996497
0.687,9.994807,7.994243
0.688,9.990897,7.988878
0.689,9.986987,7.983513
0.690,9.983076,7.978149
0.691,9.979714,7.973968
0.692,9.977709,7.972716
0.693,9.975703,7.971463
0.694,9.973698,7.970211
0.695,9.971863,7.969588
0.696,9.970454,7.970524
0.697,9.969045,7.971460
0.698,9.967636,7.972396
0.699,9.966524,7.973417
0.700,9.966148,7.974648
0.701,9.965772,7.975880
0.702,9.965396,7.977111
0.703,9.964995,7.977623
0.704,9.964535,7.976361
0.705,9.964074,7.975099
0.706,9.963614,7.973836
0.707,9.963379,7.972774
0.708,9.963703,7.972208
0.709,9.964026,7.971642
0.710,9.964351,7.971076
0.711,9.964864,7.969498
0.712,9.965845,7.965419
0.713,9.966826,7.961341
0.714,9.967808,7.957262
0.715,9.968888,7.956019
0.716,9.970213,7.961788
0.717,9.971538,7.967556
0.718,9.972862,7.973324
0.719,9.973644,7.978333
0.720,9.973086,7.981464
0.721,9.972528,7.984595
0.722,9.971971,7.987726
0.723,9.971631,7.990129
0.724,9.971831,7.990733
0.725,9.972033,7.991336
0.726,9.972233,7.991940
0.727,9.971972,7.992788
0.728,9.970573,7.994245
0.729,9.969173,7.995700
0.730,9.967774,7.997156
0.731,9.966833,7.998366
0.732,9.967026,7.998969
0.733,9.967218,7.999571
0.734,9.967410,8.000173
0.735,9.967164,8.001013
0.736,9.965834,8.002439
0.737,9.964503,8.003864
0.738,9.963172,8.005290
0.739,9.961780,8.005527
0.740,9.960234,8.002829
0.741,9.958689,8.000129
0.742,9.957143,7.997430
0.743,9.955877,7.995908
0.744,9.955305,7.997295
0.745,9.954733,7.998682
0.746,9.954161,8.000069
0.747,9.953296,8.001332
0.748,9.951706,8.002291
0.749,9.950115,8.003249
0.750,9.948525,8.004208
0.751,9.946874,8.004918
0.752,9.945067,8.005015
0.753,9.943262,8.005114
0.754,9.941457,8.005211
0.755,9.939439,8.005371
0.756,9.936895,8.005684
0.757,9.934351,8.005998
0.758,9.931808,8.006311
0.759,9.929420,8.006691
0.760,9.927417,8.007236
0.761,9.925413,8.007779
0.762,9.923410,8.008324
0.763,9.920843,8.008840
0.764,9.916884,8.009287
0.765,9.912925,8.009734
0.766,9.908965,8.010181
0.767,9.905267,8.010421
0.768,9.902216,8.010147
0.769,9.899164,8.009872
0.770,9.896112,8.009599
0.771,9.892172,8.009507
0.772,9.886031,8.009869
0.773,9.879891,8.010230
0.774,9.873751,8.010591
0.775,9.867668,8.010456
0.776,9.861728,8.009094
0.777,9.855787,8.007733
0.778,9.849847,8.006371
0.779,9.844531,8.005286
0.780,9.840761,8.004880
0.781,9.836990,8.004475
0.782,9.833220,8.004069
0.783,9.829039,8.003639
0.784,9.823843,8.003150
0.785,9.818648,8.002660
0.786,9.813453,8.002171
0.787,9.807678,8.001336
0.788,9.800472,7.999652
0.789,9.793266,7.997968
0.790,9.786060,7.996284
0.791,9.779281,7.994777
0.792,9.773555,7.993710
0.793,9.767829,7.992641
0.794,9.762104,7.991574
0.795,9.755965,7.995365
0.796,9.748805,8.011170
0.797,9.741646,8.026975
0.798,9.734486,8.042780
0.799,9.728902,8.053185
0.800,9.727213,8.050239
0.801,9.725525,8.047293
0.802,9.723836,8.044347
0.803,9.721914,8.040790
0.804,9.719417,8.035723
0.805,9.716919,8.030657
0.806,9.714421,8.025591
0.807,9.712307,8.022115
0.808,9.711141,8.022570
0.809,9.709974,8.023026
0.810,9.708809,8.023480
0.811,9.707628,8.023927
0.812,9.706413,8.024351
0.813,9.705198,8.024776
0.814,9.703982,8.025200
0.815,9.701798,8.025292
0.816,9.697219,8.024564
0.817,9.692639,8.023834
0.818,9.688060,8.023106
0.819,9.684016,8.021203
0.820,9.681299,8.016397
0.821,9.678582,8.011592
0.822,9.675865,8.006787
0.823,9.673875,8.003001
0.824,9.673684,8.001737
0.825,9.673493,8.000473
0.826,9.673303,7.999208
0.827,9.673660,7.998890
0.828,9.675374,8.000912
0.829,9.677088,8.002933
0.830,9.678802,8.004954
0.831,9.680408,8.006252
0.832,9.681746,8.005764
0.833,9.683085,8.005275
0.834,9.684424,8.004786
0.835,9.686397,8.004484
0.836,9.689932,8.004642
0.837,9.693467,8.004801
0.838,9.697002,8.004960
0.839,9.700870,8.005424
0.840,9.705557,8.006643
0.841,9.710245,8.007862
0.842,9.714932,8.009082
0.843,9.719498,8.010963
0.844,9.723761,8.014485
0.845,9.728024,8.018006
0.846,9.732286,8.021527
0.847,9.736544,8.023871
0.848,9.740789,8.023305
0.849,9.745035,8.022738
0.850,9.749280,8.022171
0.851,9.753139,8.021916
0.852,9.756045,8.022432
0.853,9.758950,8.022948
0.854,9.761856,8.023465
0.855,9.764418,8.023687
0.856,9.766129,8.023184
0.857,9.767840,8.022679
0.858,9.769552,8.022176
0.859,9.771712,8.022423
0.860,9.774980,8.024528
0.861,9.778247,8.026631
0.862,9.781515,8.028735
0.863,9.784643,8.030773
0.864,9.787430,8.032646
0.865,9.790215,8.034519
0.866,9.793002,8.036392
0.867,9.796041,8.038902
0.868,9.799704,8.042985
0.869,9.803366,8.047068
0.870,9.807029,8.051150
0.871,9.811500,8.055030
0.872,9.817968,8.058406
0.873,9.824438,8.061782
0.874,9.830908,8.065158
0.875,9.839104,8.068702
0.876,9.851569,8.072658
0.877,9.864034,8.076614
0.878,9.876499,8.080570
0.879,9.888321,8.084206
0.880,9.898553,8.087049
0.881,9.908786,8.089890
0.882,9.919018,8.092732
0.883,9.928914,8.098051
0.884,9.937979,8.109493
0.885,9.947044,8.120934
0.886,9.956110,8.132377
0.887,9.966805,8.143542
0.888,9.981528,8.154025
0.889,9.996252,8.164509
0.890,10.010976,8.174992
0.891,10.023897,8.177143
0.892,10.032366,8.158696
0.893,10.040833,8.140249
0.894,10.049302,8.121801
0.895,10.058848,8.111137
0.896,10.071060,8.119714
0.897,10.083272,8.128289
0.898,10.095484,8.136866
0.899,10.108608,8.172765
0.900,10.123989,8.276213
0.901,10.139370,8.379660
0.902,10.154751,8.483108
0.903,10.167632,8.566343
0.904,10.174333,8.599613
0.905,10.181033,8.632884
0.906,10.187734,8.666154
0.907,10.193555,8.691586
0.908,10.197201,8.697640
0.909,10.200848,8.703695
0.910,10.204494,8.709750
0.911,10.204543,8.714194
0.912,10.195701,8.714657
0.913,10.186859,8.715119
0.914,10.178017,8.715582
0.915,10.166393,8.716663
0.916,10.147892,8.719276
0.917,10.129391,8.721889
0.918,10.110889,8.724502
0.919,10.100380,8.726244
0.920,10.109628,8.725833
0.921,10.118876,8.725422
0.922,10.128124,8.725011
0.923,10.139061,8.725898
0.924,10.154174,8.729992
0.925,10.169287,8.734087
0.926,10.184400,8.738182
0.927,10.196045,8.743762
0.928,10.199118,8.753014
0.929,10.202190,8.762265
0.930,10.205263,8.771517
0.931,10.211224,8.777661
0.932,10.224324,8.776126
0.933,10.237425,8.774590
0.934,10.250525,8.773054
0.935,10.260062,8.771563
0.936,10.260789,8.770177
0.937,10.261515,8.768791
0.938,10.262241,8.767406
0.939,10.263556,8.758943
0.940,10.266329,8.732986
0.941,10.269101,8.707029
0.942,10.271873,8.681072
0.943,10.277527,8.649011
0.944,10.290303,8.601855
0.945,10.303081,8.554700
0.946,10.315858,8.507545
0.947,10.321980,8.452118
0.948,10.311647,8.376242
0.949,10.301316,8.300364
0.950,10.290984,8.224487
0.951,10.281933,8.170196
0.952,10.276044,8.169266
0.953,10.270155,8.168335
0.954,10.264266,8.167405
0.955,10.257382,8.166077
0.956,10.248037,8.163767
0.957,10.238692,8.161457
0.958,10.229348,8.159147
0.959,10.218641,8.156783
0.960,10.204568,8.154287
0.961,10.190495,8.151791
0.962,10.176422,8.149295
0.963,10.163659,8.147000
0.964,10.154136,8.145206
0.965,10.144613,8.143413
0.966,10.135090,8.141618
0.967,10.124266,8.138964
0.968,10.110225,8.134184
0.969,10.096184,8.129404
0.970,10.082144,8.124624
0.971,10.068785,8.119042
0.972,10.057112,8.111480
0.973,10.045439,8.103918
0.974,10.033766,8.096355
0.975,10.021959,8.089817
0.976,10.009824,8.085811
0.977,9.997688,8.081804
0.978,9.985552,8.077798
0.979,9.974478,8.073358
0.980,9.966028,8.067843
0.981,9.957578,8.062329
0.982,9.949128,8.056815
0.983,9.941840,8.052281
0.984,9.937428,8.050173
0.985,9.933016,8.048064
0.986,9.928603,8.045955
0.987,9.924604,8.043414
0.988,9.921628,8.039806
0.989,9.918653,8.036198
0.990,9.915676,8.032590
0.991,9.913197,8.029750
0.992,9.911945,8.028811
0.993,9.910693,8.027870
0.994,9.909441,8.026931
0.995,9.907645,8.025397
0.996,9.904503,8.022399
0.997,9.901361,8.019400
0.998,9.898218,8.016400
0.999,9.894623,8.013383
1.000,9.889909,8.010321
1.001,9.885195,8.007258
1.002,9.880481,8.004196
1.003,9.876409,8.001596
1.004,9.873925,8.000138
1.005,9.871442,7.998680
1.006,9.868958,7.997221
1.007,9.866642,7.995633
1.008,9.864738,7.993723
1.009,9.862833,7.991813
1.010,9.860929,7.989903
1.011,9.859309,7.988722
1.012,9.858391,7.989344
1.013,9.857472,7.989965
1.014,9.856554,7.990586
1.015,9.855127,7.990540
1.016,9.852443,7.988843
1.017,9.849758,7.987147
1.018,9.847074,7.985450
1.019,9.844248,7.983436
1.020,9.841072,7.980637
1.021,9.837896,7.977838
1.022,9.834721,7.975039
1.023,9.831540,7.973418
1.024,9.828346,7.974713
1.025,9.825152,7.976008
1.026,9.821959,7.977304
1.027,9.818839,7.977969
1.028,9.815900,7.977077
1.029,9.812962,7.976185
1.030,9.810022,7.975294
1.031,9.807625,7.974762
1.032,9.806566,7.975122
1.033,9.805508,7.975482
1.034,9.804448,7.975841
1.035,9.802605,7.975281
1.036,9.798820,7.972449
1.037,9.795035,7.969616
1.038,9.791251,7.966784
1.039,9.786755,7.964114
1.040,9.780498,7.961850
1.041,9.774241,7.959585
1.042,9.767985,7.957320
1.043,9.760773,7.955490
1.044,9.751196,7.954735
1.045,9.741619,7.953980
1.046,9.732042,7.953225
1.047,9.722266,7.951229
1.048,9.711999,7.946167
1.049,9.701732,7.941104
1.050,9.691464,7.936042
1.051,9.680218,7.931181
1.052,9.666553,7.926819
1.053,9.652888,7.922457
1.054,9.639224,7.918095
1.055,9.626754,7.914709
1.056,9.617238,7.913736
1.057,9.607722,7.912762
1.058,9.598207,7.911789
1.059,9.590030,7.910702
1.060,9.585167,7.909337
1.061,9.580303,7.907971
1.062,9.575439,7.906605
1.063,9.572232,7.906204
1.064,9.573119,7.908190
1.065,9.574007,7.910175
1.066,9.574894,7.912161
1.067,9.576281,7.914471
1.068,9.578899,7.917583
1.069,9.581518,7.920696
1.070,9.584137,7.923809
1.071,9.586904,7.926256
1.072,9.590036,7.927061
1.073,9.593169,7.927866
1.074,9.596301,7.928671
1.075,9.600683,7.929061
1.076,9.608152,7.928427
1.077,9.615622,7.927793
1.078,9.623091,7.927158
1.079,9.630517,7.925735
1.080,9.637840,7.922362
1.081,9.645163,7.918989
1.082,9.652486,7.915616
1.083,9.660332,7.912756
1.084,9.669473,7.911165
1.085,9.678613,7.909574
1.086,9.687754,7.907983
1.087,9.697330,7.906777
1.088,9.707982,7.906523
1.089,9.718634,7.906270
1.090,9.729286,7.906016
1.091,9.738865,7.906625
1.092,9.745789,7.909365
1.093,9.752712,7.912105
1.094,9.759637,7.914845
1.095,9.766474,7.916872
1.096,9.773094,7.917135
1.097,9.779716,7.917397
1.098,9.786337,7.917660
1.099,9.793496,7.917883
1.100,9.801989,7.918007
1.101,9.810480,7.918132
1.102,9.818972,7.918257
1.103,9.827718,7.917973
1.104,9.837091,7.916680
1.105,9.846466,7.915387
1.106,9.855840,7.914094
1.107,9.864846,7.914269
1.108,9.872941,7.918075
1.109,9.881037,7.921880
1.110,9.889132,7.925685
1.111,9.897682,7.942398
1.112,9.907359,7.991021
1.113,9.917035,8.039644
1.114,9.926712,8.088268
1.115,9.935438,8.133550
1.116,9.941815,8.170572
1.117,9.948193,8.207595
1.118,9.954570,8.244617
1.119,9.961328,8.281791
1.120,9.969028,8.319337
1.121,9.976727,8.356884
1.122,9.984427,8.394430
1.123,9.997296,8.428835
1.124,10.022943,8.455472
1.125,10.048588,8.482109
1.126,10.074234,8.508745
1.127,10.091283,8.534306
1.128,10.087076,8.557203
1.129,10.082870,8.580100
1.130,10.078663,8.602998
1.131,10.078612,8.619474
1.132,10.088840,8.620075
1.133,10.099067,8.620677
1.134,10.109294,8.621279
1.135,10.118340,8.619557
1.136,10.124467,8.612092
1.137,10.130594,8.604627
1.138,10.136722,8.597161
1.139,10.143636,8.588143
1.140,10.152494,8.575284
1.141,10.161353,8.562425
1.142,10.170212,8.549565
1.143,10.178541,8.536281
1.144,10.185562,8.521941
1.145,10.192583,8.507603
1.146,10.199603,8.493263
1.147,10.205166,8.477787
1.148,10.207123,8.459499
1.149,10.209080,8.441212
1.150,10.211037,8.422923
1.151,10.210862,8.403258
1.152,10.205417,8.380189
1.153,10.199971,8.357120
1.154,10.194526,8.334050
1.155,10.189756,8.308248
1.156,10.186655,8.275686
1.157,10.183555,8.243125
1.158,10.180453,8.210564
1.159,10.178973,8.182329
1.160,10.181501,8.164790
1.161,10.184029,8.147252
1.162,10.186557,8.129713
1.163,10.185799,8.118156
1.164,10.176917,8.121387
1.165,10.168035,8.124617
1.166,10.159153,8.127847
1.167,10.148878,8.128079
1.168,10.135159,8.120900
1.169,10.121441,8.113722
1.170,10.107722,8.106543
1.171,10.092729,8.101912
1.172,10.074584,8.103579
1.173,10.056438,8.105247
1.174,10.038294,8.106915
1.175,10.021042,8.107918
1.176,10.005997,8.107278
1.177,9.990952,8.106638
1.178,9.975906,8.105998
1.179,9.961859,8.106202
1.180,9.950276,8.108495
1.181,9.938694,8.110786
1.182,9.927111,8.113079
1.183,9.916852,8.114889
1.184,9.909866,8.115510
1.185,9.902880,8.116131
1.186,9.895894,8.116752
1.187,9.890044,8.117946
1.188,9.887005,8.120560
1.189,9.883965,8.123173
1.190,9.880924,8.125787
1.191,9.879181,8.128251
1.192,9.880642,8.130347
1.193,9.882103,8.132442
1.194,9.883563,8.134539
1.195,9.885922,8.136546
1.196,9.890500,8.138332
1.197,9.895079,8.140120
1.198,9.899656,8.141906
1.199,9.904312,8.143617
1.200,9.909161,8.145140
1.201,9.914009,8.146662
1.202,9.918857,8.148185
1.203,9.924079,8.149035
1.204,9.930226,8.148224
1.205,9.936374,8.147411
1.206,9.942521,8.146600
1.207,9.949165,8.146137
1.208,9.957040,8.146538
1.209,9.964913,8.146937
1.210,9.972788,8.147338
1.211,9.979010,8.147558
1.212,9.981145,8.147334
1.213,9.983280,8.147110
1.214,9.985416,8.146885
1.215,9.987937,8.146941
1.216,9.991409,8.147689
1.217,9.994882,8.148437
1.218,9.998354,8.149184
1.219,10.001929,8.149571
1.220,10.005760,8.149069
1.221,10.009591,8.148566
1.222,10.013423,8.148063
1.223,10.017195,8.147924
1.224,10.020821,8.148685
1.225,10.024447,8.149446
1.226,10.028073,8.150207
1.227,10.031370,8.151107
1.228,10.033852,8.152353
1.229,10.036334,8.153600
1.230,10.038816,8.154846
1.231,10.041535,8.156013
1.232,10.044842,8.156981
1.233,10.048147,8.157949
1.234,10.051453,8.158918
1.235,10.053989,8.159882
1.236,10.054626,8.160830
1.237,10.055263,8.161779
1.238,10.055900,8.162728
1.239,10.055346,8.163495
1.240,10.051847,8.163810
1.241,10.048349,8.164125
1.242,10.044851,8.164440
1.243,10.042641,8.163814
1.244,10.043613,8.160860
1.245,10.044586,8.157907
1.246,10.045560,8.154954
1.247,10.046405,8.153378
1.248,10.046934,8.155204
1.249,10.047464,8.157030
1.250,10.047994,8.158856
1.251,10.049264,8.159915
1.252,10.052365,8.159073
1.253,10.055466,8.158231
1.254,10.058566,8.157390
1.255,10.060609,8.156165
1.256,10.060037,8.153996
1.257,10.059464,8.151828
1.258,10.058891,8.149659
1.259,10.057548,8.147378
1.260,10.054295,8.144817
1.261,10.051042,8.142257
1.262,10.047789,8.139697
1.263,10.044521,8.138029
1.264,10.041215,8.138571
1.265,10.037909,8.139112
1.266,10.034602,8.139652
1.267,10.030404,8.137396
1.268,10.023998,8.128222
1.269,10.017592,8.119049
1.270,10.011187,8.109876
1.271,10.005696,8.104060
1.272,10.002467,8.106546
1.273,9.999239,8.109034
1.274,9.996010,8.111520
1.275,9.992274,8.112572
1.276,9.987284,8.110075
1.277,9.982293,8.107577
1.278,9.977304,8.105081
1.279,9.973214,8.102518
1.280,9.971354,8.099791
1.281,9.969495,8.097064
1.282,9.967635,8.094337
1.283,9.965361,8.091229
1.284,9.962063,8.087178
1.285,9.958766,8.083127
1.286,9.955468,8.079076
1.287,9.951864,8.075705
1.288,9.947503,8.074013
1.289,9.943141,8.072322
1.290,9.938780,8.070630
1.291,9.934572,8.069422
1.292,9.930744,8.069409
1.293,9.926917,8.069397
1.294,9.923089,8.069385
1.295,9.919781,8.069397
1.296,9.917756,8.069468
1.297,9.915732,8.069539
1.298,9.913708,8.069611
1.299,9.911785,8.069381
1.300,9.910114,8.068409
1.301,9.908443,8.067436
1.302,9.906773,8.066464
1.303,9.906792,8.065997
1.304,9.910989,8.066777
1.305,9.915186,8.067557
1.306,9.919383,8.068337
1.307,9.922802,8.066996
1.308,9.924294,8.060405
1.309,9.925786,8.053814
1.310,9.927278,8.047223
1.311,9.930002,8.040933
1.312,9.935774,8.035384
1.313,9.941545,8.029835
1.314,9.947316,8.024286
1.315,9.952900,8.019842
1.316,9.958020,8.018129
1.317,9.963140,8.016417
1.318,9.968260,8.014705
1.319,9.972917,8.012980
1.320,9.976425,8.011223
1.321,9.979935,8.009467
1.322,9.983443,8.007710
1.323,9.986715,8.006133
1.324,9.989400,8.004998
1.325,9.992085,8.003863
1.326,9.994769,8.002728
1.327,9.997717,8.001995
1.328,10.001318,8.002258
1.329,10.004919,8.002521
1.330,10.008520,8.002784
1.331,10.010776,8.002511
1.332,10.009705,8.000916
1.333,10.008634,7.999320
1.334,10.007563,7.997725
1.335,10.005374,7.995820
1.336,10.000422,7.993150
1.337,9.995470,7.990481
1.338,9.990519,7.987812
1.339,9.985797,7.985489
1.340,9.981646,7.984025
1.341,9.977494,7.982560
1.342,9.973343,7.981096
1.343,9.968886,7.978884
1.344,9.963674,7.974827
1.345,9.958462,7.970770
1.346,9.953249,7.966712
1.347,9.947817,7.963710
1.348,9.941841,7.963316
1.349,9.935865,7.962922
1.350,9.929890,7.962527
1.351,9.923370,7.963305
1.352,9.915508,7.966982
1.353,9.907646,7.970659
1.354,9.899784,7.974335
1.355,9.892179,7.976717
1.356,9.885207,7.975895
1.357,9.878236,7.975075
1.358,9.871265,7.974254
1.359,9.863983,7.973302
1.360,9.855933,7.972029
1.361,9.847883,7.970756
1.362,9.839833,7.969482
1.363,9.832390,7.976173
1.364,9.826447,8.002550
1.365,9.820503,8.028929
1.366,9.814559,8.055306
1.367,9.808330,8.071518
1.368,9.801391,8.062596
1.369,9.794452,8.053675
1.370,9.787513,8.044753
1.371,9.780927,8.037887
1.372,9.775211,8.036102
1.373,9.769495,8.034318
1.374,9.763780,8.032534
1.375,9.758794,8.039423
1.376,9.755610,8.067754
1.377,9.752426,8.096086
1.378,9.749242,8.124416
1.379,9.745870,8.166220
1.380,9.742031,8.241328
1.381,9.738193,8.316437
1.382,9.734354,8.391545
1.383,9.730217,8.443982
1.384,9.725344,8.440372
1.385,9.720470,8.436760
1.386,9.715597,8.433148
1.387,9.711764,8.430531
1.388,9.710505,8.430369
1.389,9.709244,8.430208
1.390,9.707983,8.430047
1.391,9.706732,8.429641
1.392,9.705503,8.428630
1.393,9.704274,8.427619
1.394,9.703046,8.426609
1.395,9.702552,8.428465
1.396,9.703873,8.437407
1.397,9.705194,8.446349
1.398,9.706515,8.455292
1.399,9.707973,8.459383
1.400,9.709773,8.451483
1.401,9.711572,8.443583
1.402,9.713371,8.435681
1.403,9.715558,8.424984
1.404,9.718705,8.407369
1.405,9.721851,8.389754
1.406,9.724998,8.372140
1.407,9.728041,8.367268
1.408,9.730827,8.393899
1.409,9.733613,8.420529
1.410,9.736400,8.447161
1.411,9.740536,8.466051
1.412,9.748009,8.465808
1.413,9.755482,8.465564
1.414,9.762955,8.465320
1.415,9.770422,8.429922
1.416,9.777874,8.307614
1.417,9.785326,8.185308
1.418,9.792778,8.063001
1.419,9.801280,7.987127
1.420,9.812377,8.026048
1.421,9.823473,8.064968
1.422,9.834570,8.103889
1.423,9.845252,8.152748
1.424,9.854910,8.226180
1.425,9.864568,8.299611
1.426,9.874226,8.373042
1.427,9.884353,8.391321
1.428,9.895639,8.273252
1.429,9.906926,8.155181
1.430,9.918213,8.037111
1.431,9.930130,7.976705
1.432,9.943604,8.058857
1.433,9.957080,8.141009
1.434,9.970554,8.223161
1.435,9.984228,8.257529
1.436,9.998396,8.173766
1.437,10.012564,8.090003
1.438,10.026731,8.006239
1.439,10.040915,7.968799
1.440,10.055139,8.045880
1.441,10.069362,8.122962
1.442,10.083586,8.200044
1.443,10.097039,8.257729
1.444,10.108591,8.267459
1.445,10.120142,8.277189
1.446,10.131693,8.286920
1.447,10.141597,8.291655
1.448,10.147428,8.284039
1.449,10.153257,8.276424
1.450,10.159088,8.268809
1.451,10.164855,8.262889
1.452,10.170466,8.261158
1.453,10.176077,8.259427
1.454,10.181687,8.257696
1.455,10.186696,8.261305
1.456,10.190218,8.278112
1.457,10.193739,8.294920
1.458,10.197260,8.311728
1.459,10.200171,8.324235
1.460,10.201573,8.326111
1.461,10.202976,8.327988
1.462,10.204379,8.329865
1.463,10.204782,8.320262
1.464,10.202713,8.282280
1.465,10.200644,8.244298
1.466,10.198575,8.206317
1.467,10.195796,8.175877
1.468,10.191261,8.164082
1.469,10.186727,8.152286
1.470,10.182192,8.140491
1.471,10.177888,8.132643
1.472,10.174152,8.134554
1.473,10.170417,8.136466
1.474,10.166681,8.138377
1.475,10.161901,8.138340
1.476,10.154538,8.133484
1.477,10.147175,8.128628
1.478,10.139812,8.123772
1.479,10.134492,8.120708
1.480,10.134219,8.122073
1.481,10.133946,8.123439
1.482,10.133674,8.124804
1.483,10.133272,8.125603
1.484,10.132552,8.124999
1.485,10.131832,8.124394
1.486,10.131112,8.123790
1.487,10.131252,8.123823
1.488,10.133522,8.125431
1.489,10.135792,8.127040
1.490,10.138062,8.128648
1.491,10.140852,8.130341
1.492,10.144928,8.132239
1.493,10.149004,8.134139
1.494,10.153081,8.136038
1.495,10.156730,8.138090
1.496,10.159322,8.140521
1.497,10.161915,8.142952
1.498,10.164507,8.145382
1.499,10.166978,8.147958
1.500,10.169148,8.150890
1.501,10.171319,8.153823
1.502,10.173490,8.156755
1.503,10.174979,8.159554
1.504,10.174788,8.162019
1.505,10.174598,8.164484
1.506,10.174407,8.166949
1.507,10.174407,8.169063
1.508,10.174880,8.170307
1.509,10.175353,8.171553
1.510,10.175827,8.172797
1.511,10.175999,8.173491
1.512,10.175426,8.172817
1.513,10.174854,8.172144
1.514,10.174281,8.171471
1.515,10.173306,8.171670
1.516,10.171331,8.174026
1.517,10.169358,8.176384
1.518,10.167384,8.178741
1.519,10.164957,8.180367
1.520,10.161409,8.180187
1.521,10.157861,8.180008
1.522,10.154312,8.179828
1.523,10.150140,8.181116
1.524,10.144423,8.186034
1.525,10.138707,8.190952
1.526,10.132992,8.195869
1.527,10.126942,8.199905
1.528,10.120067,8.201759
1.529,10.113193,8.203612
1.530,10.106318,8.205466
1.531,10.100156,8.206885
1.532,10.095754,8.207230
1.533,10.091352,8.207575
1.534,10.086949,8.207919
1.535,10.081894,8.208306
1.536,10.075227,8.208800
1.537,10.068559,8.209294
1.538,10.061891,8.209787
1.539,10.056375,8.209999
1.540,10.053703,8.209514
1.541,10.051033,8.209028
1.542,10.048363,8.208543
1.543,10.045577,8.207297
1.544,10.042507,8.204174
1.545,10.039437,8.201051
1.546,10.036367,8.197928
1.547,10.033898,8.196282
1.548,10.032915,8.198287
1.549,10.031933,8.200293
1.550,10.030950,8.202297
1.551,10.029992,8.204254
1.552,10.029099,8.206091
1.553,10.028207,8.207929
1.554,10.027314,8.209765
1.555,10.026583,8.211761
1.556,10.026253,8.214143
1.557,10.025922,8.216526
1.558,10.025592,8.218908
1.559,10.025394,8.220263
1.560,10.025529,8.219077
1.561,10.025662,8.217891
1.562,10.025796,8.216704
1.563,10.026839,8.215020
1.564,10.030128,8.212104
1.565,10.033419,8.209188
1.566,10.036709,8.206273
1.567,10.040207,8.203312
1.568,10.044218,8.200240
1.569,10.048230,8.197168
1.570,10.052242,8.194097
1.571,10.056284,8.191134
1.572,10.060400,8.188441
1.573,10.064516,8.185748
1.574,10.068632,8.183056
1.575,10.073052,8.180243
1.576,10.078226,8.177134
1.577,10.083400,8.174025
1.578,10.088573,8.170916
1.579,10.093372,8.168446
1.580,10.097243,8.167553
1.581,10.101113,8.166661
1.582,10.104984,8.165769
1.583,10.108946,8.164340
1.584,10.113130,8.161587
1.585,10.117314,8.158833
1.586,10.121498,8.156079
1.587,10.124670,8.153100
1.588,10.125337,8.149562
1.589,10.126004,8.146024
1.590,10.126672,8.142486
1.591,10.126678,8.139256
1.592,10.125051,8.136788
1.593,10.123425,8.134321
1.594,10.121798,8.131854
1.595,10.120468,8.129056
1.596,10.119875,8.125442
1.597,10.119281,8.121827
1.598,10.118688,8.118213
1.599,10.117281,8.114677
1.600,10.113864,8.111341
1.601,10.110448,8.108004
1.602,10.107031,8.104667
1.603,10.103730,8.101810
1.604,10.100717,8.100140
1.605,10.097703,8.098470
1.606,10.094689,8.096799
1.607,10.090133,8.094045
1.608,10.081763,8.088609
1.609,10.073393,8.083174
1.610,10.065022,8.077738
1.611,10.056979,8.071786
1.612,10.049746,8.064558
1.613,10.042511,8.057329
1.614,10.035276,8.050101
1.615,10.027936,8.043512
1.616,10.020332,8.038507
1.617,10.012730,8.033502
1.618,10.005126,8.028497
1.619,9.997718,8.024515
1.620,9.990790,8.023066
1.621,9.983863,8.021616
1.622,9.976935,8.020166
1.623,9.970695,8.018820
1.624,9.966150,8.017726
1.625,9.961607,8.016632
1.626,9.957063,8.015538
1.627,9.952649,8.013863
1.628,9.948554,8.010745
1.629,9.944460,8.007627
1.630,9.940366,8.004510
1.631,9.936674,8.002180
1.632,9.933979,8.001798
1.633,9.931284,8.001414
1.634,9.928588,8.001032
1.635,9.925937,8.000760
1.636,9.923394,8.000764
1.637,9.920852,8.000768
1.638,9.918309,8.000772
1.639,9.916039,7.999843
1.640,9.914445,7.996608
1.641,9.912849,7.993374
1.642,9.911255,7.990139
1.643,9.909295,7.987343
1.644,9.906436,7.985630
1.645,9.903576,7.983916
1.646,9.900716,7.982203
1.647,9.897675,7.979782
1.648,9.894182,7.975613
1.649,9.890691,7.971445
1.650,9.887199,7.967276
1.651,9.884316,7.964153
1.652,9.882937,7.963614
1.653,9.881559,7.963074
1.654,9.880180,7.962535
1.655,9.877654,7.962646
1.656,9.872288,7.964364
1.657,9.866922,7.966081
1.658,9.861557,7.967799
1.659,9.856544,7.968067
1.660,9.852406,7.964750
1.661,9.848268,7.961433
1.662,9.844129,7.958116
1.663,9.840331,7.956066
1.664,9.837376,7.957147
1.665,9.834421,7.958229
1.666,9.831467,7.959310
1.667,9.829528,7.960036
1.668,9.830100,7.959883
1.669,9.830672,7.959730
1.670,9.831245,7.959577
1.671,9.831119,7.958864
1.672,9.829263,7.956768
1.673,9.827407,7.954671
1.674,9.825551,7.952575
1.675,9.824313,7.950746
1.676,9.824602,7.949580
1.677,9.824891,7.948413
1.678,9.825179,7.947247
1.679,9.824631,7.945526
1.680,9.822010,7.942435
1.681,9.819389,7.939345
1.682,9.816769,7.936255
1.683,9.814014,7.934406
1.684,9.810931,7.935626
1.685,9.807847,7.936846
1.686,9.804764,7.938066
1.687,9.802152,7.938899
1.688,9.800704,7.938775
1.689,9.799256,7.938651
1.690,9.797809,7.938527
1.691,9.795671,7.938585
1.692,9.791832,7.939094
1.693,9.787992,7.939602
1.694,9.784153,7.940111
1.695,9.779860,7.940517
1.696,9.774451,7.940671
1.697,9.769042,7.940825
1.698,9.763633,7.940979
1.699,9.757295,7.940701
1.700,9.748664,7.939356
1.701,9.740032,7.938010
1.702,9.731401,7.936665
1.703,9.724090,7.935081
1.704,9.720039,7.932908
1.705,9.715989,7.930734
1.706,9.711940,7.928561
1.707,9.707808,7.926690
1.708,9.703478,7.925568
1.709,9.699147,7.924445
1.710,9.694817,7.923322
1.711,9.690783,7.922118
1.712,9.687483,7.920711
1.713,9.684182,7.919304
1.714,9.680882,7.917898
1.715,9.678762,7.916759
1.716,9.679565,7.916280
1.717,9.680368,7.915802
1.718,9.681171,7.915324
1.719,9.682766,7.915260
1.720,9.686316,7.916221
1.721,9.689866,7.917181
1.722,9.693416,7.918141
1.723,9.697866,7.920210
1.724,9.704546,7.925021
1.725,9.711225,7.929832
1.726,9.717904,7.934643
1.727,9.725262,7.937888
1.728,9.734297,7.937260
1.729,9.743332,7.936632
1.730,9.752367,7.936004
1.731,9.761786,7.937812
1.732,9.772154,7.945646
1.733,9.782521,7.953479
1.734,9.792890,7.961312
1.735,9.804361,7.968001
1.736,9.818563,7.971860
1.737,9.832765,7.975719
1.738,9.846966,7.979578
1.739,9.860857,7.983190
1.740,9.873979,7.986190
1.741,9.887101,7.989191
1.742,9.900223,7.992192
1.743,9.911376,7.996175
1.744,9.917660,8.002589
1.745,9.923944,8.009004
1.746,9.930228,8.015418
1.747,9.936881,8.017745
1.748,9.944445,8.009966
1.749,9.952008,8.002188
1.750,9.959572,7.994409
1.751,9.966413,7.987023
1.752,9.971469,7.980607
1.753,9.976525,7.974190
1.754,9.981581,7.967774
1.755,9.986490,7.964948
1.756,9.991035,7.970998
1.757,9.995581,7.977049
1.758,10.000126,7.983099
1.759,10.004589,7.987416
1.760,10.008846,7.987445
1.761,10.013103,7.987473
1.762,10.017361,7.987503
1.763,10.021391,8.039413
1.764,10.024863,8.219589
1.765,10.028335,8.399764
1.766,10.031807,8.579940
1.767,10.037123,8.670678
1.768,10.046999,8.540309
1.769,10.056875,8.409940
1.770,10.066751,8.279572
1.771,10.074517,8.191596
1.772,10.077066,8.208429
1.773,10.079616,8.225263
1.774,10.082166,8.242096
1.775,10.084892,8.264749
1.776,10.088059,8.301788
1.777,10.091226,8.338828
1.778,10.094393,8.375868
1.779,10.098248,8.406102
1.780,10.103809,8.419515
1.781,10.109370,8.432927
1.782,10.114931,8.446340
1.783,10.119338,8.456233
1.784,10.120894,8.457425
1.785,10.122452,8.458618
1.786,10.124008,8.459810
1.787,10.124907,8.461665
1.788,10.124178,8.465158
1.789,10.123448,8.468651
1.790,10.122720,8.472144
1.791,10.122012,8.471807
1.792,10.121358,8.462000
1.793,10.120704,8.452193
1.794,10.120049,8.442387
1.795,10.119858,8.436166
1.796,10.120808,8.438813
1.797,10.121758,8.441461
1.798,10.122708,8.444108
1.799,10.123823,8.442509
1.800,10.125346,8.430413
1.801,10.126868,8.418317
1.802,10.128391,8.406221
1.803,10.129542,8.397018
1.804,10.129772,8.394968
1.805,10.130003,8.392919
1.806,10.130234,8.390868
1.807,10.130969,8.387690
1.808,10.132954,8.381718
1.809,10.134938,8.375746
1.810,10.136923,8.369774
1.811,10.139236,8.368700
1.812,10.142361,8.379734
1.813,10.145485,8.390767
1.814,10.148609,8.401801
1.815,10.150255,8.406921
1.816,10.148245,8.397427
1.817,10.146235,8.387931
1.818,10.144225,8.378435
1.819,10.142803,8.370310
1.820,10.142838,8.365571
1.821,10.142872,8.360832
1.822,10.142906,8.356094
1.823,10.142148,8.349574
1.824,10.139435,8.338649
1.825,10.136721,8.327724
1.826,10.134007,8.316799
1.827,10.131775,8.304577
1.828,10.130733,8.289145
1.829,10.129692,8.273713
1.830,10.128651,8.258282
1.831,10.126339,8.241591
1.832,10.120887,8.221787
1.833,10.115435,8.201984
1.834,10.109982,8.182180
1.835,10.104912,8.161059
1.836,10.100787,8.136681
1.837,10.096663,8.112302
1.838,10.092538,8.087923
1.839,10.087987,8.067769
1.840,10.082381,8.058061
1.841,10.076776,8.048353
1.842,10.071170,8.038645
1.843,10.066031,8.031864
1.844,10.062045,8.032319
1.845,10.058059,8.032775
1.846,10.054073,8.033231
1.847,10.049220,8.031680
1.848,10.042225,8.025168
1.849,10.035230,8.018658
1.850,10.028234,8.012146
1.851,10.021767,8.006126
1.852,10.016605,8.001321
1.853,10.011443,7.996515
1.854,10.006282,7.991709
1.855,10.001701,7.987551
1.856,9.998560,7.984992
1.857,9.995418,7.982433
1.858,9.992276,7.979875
1.859,9.988881,7.978211
1.860,9.984861,7.978758
1.861,9.980842,7.979306
1.862,9.976821,7.979853
1.863,9.973050,7.980100
1.864,9.969893,7.979601
1.865,9.966735,7.979104
1.866,9.963577,7.978605
1.867,9.960340,7.977318
1.868,9.956908,7.974082
1.869,9.953476,7.970846
1.870,9.950044,7.967610
1.871,9.947392,7.964638
1.872,9.946668,7.962320
1.873,9.945944,7.960002
1.874,9.945220,7.957684
1.875,9.944630,7.955322
1.876,9.944371,7.952852
1.877,9.944114,7.950382
1.878,9.943855,7.947912
1.879,9.942751,7.945858
1.880,9.939554,7.944830
1.881,9.936357,7.943803
1.882,9.933161,7.942776
1.883,9.930790,7.942199
1.884,9.930458,7.942736
1.885,9.930127,7.943273
1.886,9.929795,7.943809
1.887,9.929523,7.944407
1.888,9.929399,7.945156
1.889,9.929274,7.945906
1.890,9.929149,7.946655
1.891,9.928865,7.947430
1.892,9.928189,7.948266
1.893,9.927513,7.949101
1.894,9.926837,7.949938
1.895,9.926358,7.950414
1.896,9.926368,7.950001
1.897,9.926376,7.949587
1.898,9.926386,7.949174
1.899,9.925775,7.948551
1.900,9.923630,7.947411
1.901,9.921484,7.946270
1.902,9.919339,7.945130
