"Time","46 sw offset","45 sw onset","23 toex (cm)","11 Gr","10 Gs","9 TA","8 St","7 VL","6 BF","5 Ip","4 GM","3 Platform","2 Trdml","1 Synch"
0.00,0,1,10.708548,-0.01768,-0.00082,-0.01993,-0.01553,0.00819,-0.01305,0.02870,0.00704,1.48451,0.09671,3.27674
0.01,0,0,10.614973,-0.01849,0.00400,-0.02015,-0.01367,0.00856,-0.01266,0.00785,0.00173,1.48193,0.09614,3.27709
0.02,0,0,10.709478,-0.01862,0.00141,-0.02064,-0.01227,0.00906,-0.01242,0.00588,0.00067,1.48255,0.09563,3.27623
0.03,0,0,11.046053,-0.02103,0.00651,-0.02090,-0.01159,0.00922,-0.01164,0.00422,0.00290,1.48121,0.09633,3.27731
0.04,0,0,11.464901,-0.01745,0.00461,-0.02117,-0.01393,0.00858,-0.01251,0.00128,-0.00382,1.48255,0.09673,3.27658
0.05,0,0,11.913769,-0.01833,0.00370,-0.02160,-0.01389,0.00903,-0.01347,0.00624,0.00075,1.48285,0.09768,3.27727
0.06,0,0,12.307230,-0.01547,0.00423,-0.02039,-0.01693,0.00833,-0.01153,-0.00266,0.00162,1.48317,0.09816,3.27759
0.07,0,0,12.722803,-0.01765,0.00419,-0.02026,-0.01319,0.00770,-0.01241,0.00600,0.00009,1.48300,0.09846,3.27759
0.08,0,0,13.193299,-0.01933,0.00380,-0.02075,-0.01252,0.00904,-0.01098,0.02584,0.00319,1.48372,0.09780,3.27679
0.09,0,0,13.645381,-0.01609,0.00250,-0.01692,-0.01324,0.00828,-0.01284,-0.00343,0.00314,1.48242,0.09766,3.27656
0.10,0,0,14.130435,-0.01746,0.00384,-0.02096,-0.01414,0.00887,-0.01271,0.00427,0.00154,1.48239,0.09797,3.27744
0.11,0,0,14.606254,-0.01815,0.00285,-0.01949,-0.01410,0.00791,-0.01109,0.00707,0.00118,1.48513,0.09761,3.27726
0.12,0,0,15.107990,-0.01698,0.00424,-0.02106,-0.01459,0.00920,-0.01362,-0.00215,0.00025,1.48676,0.09722,3.27739
0.13,1,0,15.441205,-0.01805,0.00395,-0.02092,-0.01453,0.00924,-0.01210,0.00234,0.00288,1.48227,0.09671,3.27657
0.14,0,0,15.593328,-0.01602,0.00329,-0.02078,-0.01503,0.00872,-0.01336,0.00353,0.00179,1.48286,0.09673,3.27762
0.15,0,0,15.412860,-0.01805,0.00336,-0.01939,-0.01535,0.00828,-0.01108,0.00558,0.00204,1.48136,0.09795,3.27717
0.16,0,0,15.273194,-0.01863,0.00364,-0.02027,-0.01415,0.00912,-0.01196,0.00398,0.00219,1.48194,0.09815,3.27751
0.17,0,0,15.105387,-0.01738,0.00373,-0.02240,-0.01426,0.00936,-0.01321,0.00505,0.00269,1.48329,0.09765,3.27713
0.18,0,0,14.972497,-0.01945,0.00577,-0.02001,-0.01400,0.00912,-0.01266,0.00607,0.00143,1.48723,0.09648,3.27717
0.19,0,0,14.836133,-0.00724,0.00316,-0.02233,-0.01376,0.00772,-0.01268,0.00592,0.00254,1.48270,0.09597,3.27707
0.20,0,0,14.685645,-0.01570,0.00573,-0.02069,-0.01794,0.00904,-0.01277,0.00556,0.00259,1.48422,0.09608,3.27700
0.21,0,0,14.524850,-0.01709,0.00233,-0.02033,-0.01157,0.00837,-0.01219,0.00493,0.00254,1.48388,0.09637,3.27704
0.22,0,0,14.493604,-0.01680,0.00473,-0.02130,-0.01542,0.00918,-0.01150,0.00588,0.00223,1.48466,0.09712,3.27625
0.23,0,0,14.399862,-0.01464,0.00451,-0.02045,-0.01359,0.00817,-0.01229,0.00512,0.00325,1.48270,0.09722,3.27786
0.24,0,0,14.243371,-0.01694,0.00593,-0.01993,-0.01532,0.00680,-0.01309,0.00349,0.00255,1.48221,0.09745,3.27771
0.25,0,0,14.187378,-0.01388,0.00339,-0.02041,-0.01248,0.00866,-0.01256,0.00492,0.00149,1.48210,0.09722,3.27648
0.26,0,0,14.040597,-0.01880,0.00402,-0.02001,-0.01382,0.00833,-0.01296,0.00597,0.00764,1.48277,0.09747,3.27682
0.27,0,0,13.914132,-0.01820,0.00399,-0.02035,-0.01442,0.00834,-0.01293,0.00653,0.00239,1.48328,0.09750,3.27748
0.28,0,0,13.803910,-0.01674,0.00391,-0.01979,-0.01423,0.00811,-0.01224,0.00401,0.00371,1.48300,0.09762,3.27687
0.29,0,0,13.695371,-0.01506,0.00389,-0.02089,-0.01359,0.00832,-0.01201,0.00490,0.00284,1.48154,0.09800,3.27736
0.30,0,0,13.607242,-0.01871,0.00401,-0.02053,-0.01456,0.00927,-0.01165,0.00502,0.00229,1.48135,0.09868,3.27734
0.31,0,0,13.538240,-0.02045,0.00294,-0.02029,-0.01362,0.00865,-0.01235,0.00403,0.00248,1.48331,0.09845,3.27708
0.32,0,0,13.442931,-0.01651,0.00297,-0.01964,-0.01371,0.00920,-0.01176,0.00496,-0.02007,1.48137,0.09732,3.27700
0.33,0,1,13.430402,-0.01573,0.00426,-0.02292,-0.01398,0.00873,-0.01256,-0.00916,0.00328,1.48452,0.09686,3.27812
0.34,0,0,13.383617,-0.01852,0.00259,-0.02025,-0.01104,0.00802,-0.01197,0.00591,0.00259,1.48299,0.09728,3.27736
0.35,0,0,13.653314,-0.01646,-0.00101,-0.02973,-0.01247,0.00886,-0.01276,-0.00830,-0.00566,1.48393,0.09784,3.27672
0.36,0,0,14.201785,-0.01752,0.00545,-0.01305,-0.01400,0.00856,-0.01238,0.00804,0.00584,1.48242,0.09811,3.27738
0.37,0,0,14.550418,-0.01621,0.00491,-0.02178,-0.01394,0.00854,-0.01221,-0.01141,0.01896,1.48283,0.09823,3.27696
0.38,0,0,14.778918,-0.01791,0.00400,-0.02033,-0.01371,0.00875,-0.01166,0.03130,0.00242,1.48195,0.09826,3.27687
0.39,0,0,15.009783,-0.01709,0.00381,-0.02054,-0.01329,0.00782,-0.01138,0.06624,0.00165,1.48361,0.09881,3.27778
0.40,0,0,15.425038,-0.01547,0.00404,-0.01979,-0.01321,0.00861,-0.01220,0.01994,0.00223,1.48343,0.09905,3.27697
0.41,0,0,15.613895,-0.01656,0.00369,-0.02029,-0.01339,0.00801,-0.01286,0.00588,-0.00389,1.48149,0.09965,3.27740
0.42,0,0,15.843662,-0.01762,0.00273,-0.01953,-0.01390,0.00757,-0.01287,0.00518,0.00295,1.48091,0.09963,3.27691
0.43,0,0,16.271517,-0.01812,0.00336,-0.01965,-0.01329,0.01010,-0.01408,0.00531,0.00234,1.48180,0.09826,3.27667
0.44,0,0,16.629735,-0.01756,0.00283,-0.02168,-0.01360,0.00851,-0.01122,0.00521,0.00384,1.48492,0.09742,3.27699
0.45,0,0,16.948045,-0.01638,0.00333,-0.01933,-0.01282,0.00786,-0.01118,0.00972,0.00366,1.48091,0.09758,3.27709
0.46,1,0,17.098767,-0.01389,0.00320,-0.02302,-0.01481,0.00942,-0.01163,0.00918,0.00302,1.48287,0.09832,3.27727
0.47,0,0,16.944914,-0.02277,0.00272,-0.01860,-0.01365,0.00779,-0.01287,0.00571,0.00259,1.48292,0.09897,3.27752
0.48,0,0,16.808755,-0.01903,0.00443,-0.01894,-0.01334,0.01083,-0.01423,0.00706,0.00195,1.48361,0.09898,3.27683
0.49,0,0,16.681897,-0.01767,0.00412,-0.02178,-0.01245,0.00633,-0.01389,0.00444,0.00371,1.48535,0.09767,3.27748
0.50,0,0,16.521679,-0.01852,0.00283,-0.02141,-0.01296,0.00809,-0.01172,0.00619,0.00271,1.48531,0.09667,3.27707
0.51,0,0,16.379466,-0.01504,0.00320,-0.01983,-0.01309,0.00796,-0.01161,0.00407,0.00234,1.48210,0.09647,3.27717
0.52,0,0,16.230832,-0.01382,0.00373,-0.02024,-0.01373,0.00767,-0.01174,0.00573,0.00286,1.48269,0.09679,3.27704
0.53,0,0,16.116636,-0.01495,0.00355,-0.01899,-0.01319,0.00861,-0.01254,0.00451,0.00269,1.48210,0.09735,3.27737
0.54,0,0,16.022548,-0.01509,0.00362,-0.02047,-0.01345,0.00871,-0.01344,0.00633,0.00242,1.48109,0.09827,3.27810
0.55,0,0,15.912388,-0.02412,0.00325,-0.02064,-0.01490,0.00951,-0.01118,0.00594,0.00298,1.48361,0.09946,3.27723
0.56,0,0,15.857906,-0.01317,0.00350,-0.01931,-0.01208,0.00879,-0.01224,0.01134,0.00222,1.48357,0.10033,3.27738
0.57,0,0,15.683317,-0.01544,0.00250,-0.01846,-0.01274,0.00883,-0.01246,0.00787,0.00342,1.48243,0.10044,3.27650
0.58,0,0,15.497025,-0.02134,0.00436,-0.02050,-0.01350,0.00797,-0.01152,0.00603,0.00238,1.48374,0.09989,3.27707
0.59,0,0,15.410563,-0.01654,0.00525,-0.01942,-0.01444,0.00912,-0.01155,0.00504,0.00314,1.48149,0.09912,3.27696
0.60,0,0,15.327462,-0.01740,0.00456,-0.01911,-0.01350,0.00865,-0.01261,0.00507,0.00226,1.48318,0.09836,3.27699
0.61,0,0,15.156314,-0.01185,0.00577,-0.01986,-0.01449,0.00872,-0.01210,0.00431,0.00309,1.48259,0.09814,3.27703
0.62,0,0,15.080822,-0.01558,0.00659,-0.02006,-0.01452,0.00984,-0.01271,0.00436,0.00118,1.48302,0.09857,3.27737
0.63,0,0,14.969271,-0.02126,0.00330,-0.02094,-0.01624,0.00869,-0.01239,0.00432,0.00286,1.48674,0.09877,3.27780
0.64,0,0,14.794988,-0.01934,0.00488,-0.02024,-0.01360,0.00839,-0.01187,0.00534,0.00264,1.48496,0.09826,3.27718
0.65,0,0,14.677413,-0.01874,0.00102,-0.01991,-0.01504,0.00929,-0.01254,0.00533,0.00187,1.48134,0.09809,3.27707
0.66,0,0,14.547469,-0.01588,0.00316,-0.02134,-0.01556,0.00833,-0.01254,0.00457,0.00351,1.48213,0.09723,3.27768
0.67,0,0,14.341888,-0.01952,0.00452,-0.02205,-0.01285,0.00103,-0.01360,0.00479,0.00274,1.48362,0.09668,3.27756
0.68,0,0,14.268662,-0.01588,0.00545,-0.02024,-0.01390,0.00969,-0.01370,0.00509,0.00370,1.48679,0.09620,3.27725
0.69,0,0,14.090026,-0.01799,0.00313,-0.02029,-0.01382,0.00857,-0.01174,0.00245,0.00234,1.48450,0.09626,3.27698
0.70,0,0,14.055522,-0.01602,0.00449,-0.02006,-0.01262,0.00750,-0.01108,0.00414,0.00221,1.48331,0.09647,3.27712
0.71,0,0,13.927941,-0.01737,0.00295,-0.02140,-0.01283,0.00797,-0.01292,0.00490,0.00283,1.48374,0.09613,3.27725
0.72,0,0,13.901585,-0.01736,0.00281,-0.02093,-0.01001,0.00932,-0.01279,0.00717,0.00238,1.48137,0.09555,3.27719
0.73,0,0,13.886824,-0.01796,0.00436,-0.02067,-0.01367,0.00866,-0.01390,0.00676,0.00480,1.48254,0.09640,3.27718
0.74,0,0,13.806294,-0.01714,0.00789,-0.02005,-0.00832,0.00880,-0.01324,0.02609,0.00572,1.48299,0.09726,3.27720
0.75,0,1,13.705126,-0.02558,0.00604,-0.02199,-0.01394,0.00883,-0.01217,0.00499,0.00231,1.48268,0.09725,3.27736
0.76,0,0,13.666660,-0.01566,0.00435,-0.02247,-0.01260,0.00791,-0.01304,0.00400,0.00145,1.48600,0.09666,3.27738
0.77,0,0,13.973064,-0.02185,0.00969,-0.02356,-0.01769,0.00921,-0.01221,-0.02714,0.00100,1.48194,0.09636,3.27719
0.78,0,0,14.388657,-0.01763,0.00054,-0.02214,-0.01484,0.00802,-0.01163,-0.00871,0.00103,1.48376,0.09653,3.27673
0.79,0,0,14.620264,-0.01809,0.00359,-0.01675,-0.01339,0.00832,-0.01147,-0.00108,0.00172,1.48353,0.09708,3.27677
0.80,0,0,14.932165,-0.01911,0.00417,-0.02087,-0.01136,0.00864,-0.01292,0.00182,-0.00012,1.48571,0.09721,3.27666
0.81,0,0,15.066403,-0.01506,0.00261,-0.01799,-0.01388,0.00857,-0.01191,0.00383,0.00183,1.48224,0.07051,3.27713
0.82,0,0,15.290722,-0.01732,0.00338,-0.02405,-0.01331,0.00764,-0.01214,-0.00688,0.01321,1.48303,0.09879,3.27682
0.83,0,0,15.572639,-0.01496,0.00373,-0.01989,-0.01288,0.00860,-0.01154,-0.00997,0.00413,1.48481,0.10595,3.27751
0.84,0,0,15.843912,-0.01642,0.00443,-0.01698,-0.01379,0.00818,-0.01313,-0.01088,0.00263,1.48178,0.10279,3.27647
0.85,0,0,16.181211,-0.01794,0.00264,-0.02132,-0.01409,0.00866,-0.01176,0.00710,0.00250,1.48167,0.10100,3.27655
0.86,0,0,16.580001,-0.01699,0.00287,-0.02009,-0.01356,0.00714,-0.01210,0.00383,0.00389,1.48272,0.10069,3.27758
0.87,0,0,16.841706,-0.01685,0.00440,-0.02040,-0.01400,0.00771,-0.01211,0.00050,0.00173,1.48344,0.10054,3.27704
0.88,0,0,17.074104,-0.01635,0.00444,-0.02086,-0.01326,0.00963,-0.01234,0.00286,0.00224,1.48349,0.09966,3.27661
0.89,1,0,17.146026,-0.01799,0.00234,-0.02166,-0.01256,0.00952,-0.01282,-0.00230,0.00236,1.48256,0.09926,3.27784
0.90,0,0,17.112204,-0.01976,0.00417,-0.02013,-0.01375,0.00935,-0.01227,0.00739,0.00309,1.48351,0.09910,3.27741
0.91,0,0,16.969647,-0.02030,0.00242,-0.01954,-0.01346,0.00838,-0.01157,0.00558,0.00177,1.48735,0.09978,3.27613
0.92,0,0,16.832786,-0.01975,0.00449,-0.02125,-0.01278,0.00864,-0.01312,0.00188,0.00289,1.47094,0.10017,3.27744
0.93,0,0,16.717433,-0.01808,0.00408,-0.01960,-0.01289,0.00936,-0.01239,0.00577,0.00177,1.40518,0.10074,3.27830
0.94,0,0,16.550247,-0.01548,0.00335,-0.01978,-0.01266,0.00858,-0.01290,0.00719,0.00281,1.27151,0.09939,3.27738
0.95,0,0,16.402168,-0.01585,0.00286,-0.02003,-0.01336,0.00776,-0.01232,0.00477,0.00271,1.10782,0.09855,3.27683
0.96,0,0,16.240891,-0.01694,0.00424,-0.01940,-0.01389,0.00809,-0.01246,0.00617,0.00616,0.87612,0.09980,3.27628
0.97,0,0,16.077394,-0.01803,0.00276,-0.01947,-0.01396,0.00709,-0.01277,0.01793,0.00720,0.62971,0.09875,3.27689
0.98,0,0,15.961526,-0.01792,0.00423,-0.02008,-0.01420,0.00909,-0.01249,0.00643,0.00189,0.33687,0.09912,3.27584
0.99,0,0,15.808379,-0.01846,0.00418,-0.01913,-0.01282,0.00858,-0.01221,0.00575,0.00238,0.05284,0.09853,3.27698
1.00,0,0,15.670992,-0.02046,0.00397,-0.01949,-0.01289,0.00793,-0.01151,0.00459,0.00292,-0.25578,0.09804,3.27703
1.01,0,0,15.497799,-0.01581,0.00443,-0.02267,-0.01306,0.00801,-0.01318,0.00497,0.00177,-0.55244,0.09786,3.27633
1.02,0,0,15.336139,-0.01741,0.00410,-0.01979,-0.01357,0.00848,-0.01299,0.00619,0.00137,-0.80613,0.09812,3.27747
1.03,0,0,15.153408,-0.02020,0.00258,-0.02062,-0.01404,0.00730,-0.01149,0.00698,0.00267,-1.04419,0.09770,3.27728
1.04,0,0,15.029658,-0.02572,0.00314,-0.02107,-0.01512,0.00836,-0.01178,0.00374,0.00264,-1.22546,0.09766,3.27686
1.05,0,0,14.876792,-0.02025,0.00364,-0.01979,-0.01611,0.00850,-0.01217,0.00483,0.00330,-1.37344,0.09756,3.27736
1.06,0,0,14.751988,-0.01766,0.00076,-0.01989,-0.00954,0.00874,-0.01212,0.00530,0.00238,-1.45489,0.09757,3.27693
1.07,0,0,14.598634,-0.01648,0.00515,-0.02009,-0.01480,0.00846,-0.01203,0.00490,0.00220,-1.47657,0.09793,3.27703
1.08,0,0,14.489271,-0.01759,0.00383,-0.02059,-0.01388,0.00916,-0.01073,0.00479,0.00267,-1.47921,0.09903,3.27712
1.09,0,0,14.377697,-0.01841,0.00463,-0.02124,-0.01263,0.00797,-0.01174,0.00704,0.00274,-1.48161,0.09865,3.27705
1.10,0,0,14.248910,-0.01749,0.00328,-0.02064,-0.01259,0.00943,-0.01293,0.00543,0.00290,-1.48052,0.09775,3.27789
1.11,0,0,14.116817,-0.01714,0.00322,-0.02105,-0.01357,0.00858,-0.01222,0.00827,0.00239,-1.48070,0.09682,3.27697
1.12,0,0,14.005140,-0.01656,0.00496,-0.01966,-0.01476,0.00730,-0.01184,0.00337,0.00378,-1.47978,0.09606,3.27710
1.13,0,0,13.883141,-0.01250,0.00251,-0.02014,-0.01793,0.00812,-0.01266,0.00302,0.00266,-1.48246,0.09638,3.27730
1.14,0,0,13.792325,-0.02039,0.00384,-0.01974,-0.01327,0.00805,-0.01129,0.00600,0.00280,-1.48232,0.09742,3.27765
1.15,0,0,13.674242,-0.01779,0.00419,-0.02088,-0.01295,0.00868,-0.01235,0.00556,0.00231,-1.47980,0.09791,3.27737
1.16,0,0,13.545975,-0.01875,0.00266,-0.02000,-0.00931,0.00884,-0.01307,0.00318,0.00234,-1.48078,0.09814,3.27710
1.17,0,0,13.418870,-0.01798,0.00292,-0.02049,-0.01227,0.00833,-0.01285,0.00539,0.00104,-1.48312,0.09759,3.27674
1.18,0,0,13.295503,-0.01819,0.00351,-0.02027,-0.01304,0.00815,-0.01310,0.00497,0.00294,-1.47608,0.09786,3.27732
1.19,0,0,13.184164,-0.02064,0.00391,-0.01930,-0.01076,0.00823,-0.01177,0.00639,0.00292,-1.48236,0.09777,3.27682
1.20,0,0,13.039135,-0.01756,0.00378,-0.02024,-0.01141,0.00799,-0.01093,0.00618,0.00256,-1.48069,0.09838,3.27743
1.21,0,0,12.930882,-0.01992,0.00382,-0.02109,-0.01622,0.00846,-0.01154,0.00629,0.00362,-1.48023,0.09781,3.27662
1.22,0,0,12.790823,-0.02629,0.00305,-0.01992,-0.01327,0.00841,-0.01207,0.00339,0.00305,-1.48087,0.09777,3.27714
1.23,0,0,12.692524,-0.01505,0.00318,-0.02052,-0.01346,0.00884,-0.01322,0.00594,0.00197,-1.48043,0.09745,3.27724
1.24,0,0,12.536362,-0.01513,0.00203,-0.01910,-0.00680,0.00832,-0.01203,0.00369,0.00291,-1.48129,0.09784,3.27671
1.25,0,0,12.422594,-0.02225,0.00306,-0.02109,-0.01323,0.00856,-0.01197,0.00675,0.00322,-1.48113,0.09800,3.27750
1.26,0,0,12.288438,-0.01631,0.00287,-0.02048,-0.01364,0.00829,-0.01235,0.00334,0.00229,-1.47932,0.09876,3.27689
1.27,0,0,12.203545,-0.02017,0.00268,-0.02075,-0.01373,0.00878,-0.01249,0.00549,0.00208,-1.47937,0.09853,3.27789
1.28,0,0,12.096906,-0.01660,0.00338,-0.02043,-0.01234,0.00951,-0.01322,0.00504,0.00384,-1.48260,0.09854,3.27705
1.29,0,0,11.971515,-0.01673,0.00513,-0.01992,-0.01432,0.00859,-0.01144,0.00544,0.00321,-1.47929,0.09796,3.27688
1.30,0,0,11.838326,-0.01752,0.00374,-0.02109,-0.01436,0.00797,-0.01268,0.00483,0.00366,-1.47925,0.09756,3.27713
1.31,0,0,11.686242,-0.01898,0.00160,-0.01980,-0.01472,0.00817,-0.01374,0.00605,0.00239,-1.47892,0.09773,3.27634
1.32,0,0,11.591007,-0.01731,0.00447,-0.02197,-0.01407,0.00889,-0.01153,0.00442,0.00380,-1.48101,0.09810,3.27717
1.33,0,0,11.510896,-0.01741,0.00427,-0.02010,-0.01377,0.00927,-0.01313,0.00526,0.00188,-1.48055,0.09814,3.27657
1.34,0,0,11.453479,-0.01822,0.00355,-0.01955,-0.01450,0.00866,-0.01187,0.00573,0.00244,-1.47994,0.09742,3.27758
1.35,0,0,11.351811,-0.01893,0.00320,-0.02006,-0.01315,0.00933,-0.01223,0.00630,0.00217,-1.48390,0.09682,3.27710
1.36,0,0,11.286809,-0.01865,0.00359,-0.02028,-0.01414,0.00829,-0.01266,0.00497,0.00278,-1.47976,0.09673,3.27717
1.37,0,0,11.226782,-0.01705,0.00423,-0.02073,-0.01349,0.00753,-0.01069,0.00820,0.00336,-1.48098,0.09716,3.27712
1.38,0,1,11.087752,-0.01788,0.00852,-0.01938,-0.01349,0.00867,-0.01273,0.00585,0.01725,-1.47890,0.09775,3.27682
1.39,0,0,11.024969,-0.01686,0.00056,-0.01980,-0.01408,0.00809,-0.01276,-0.00770,0.00300,-1.48174,0.09701,3.27696
1.40,0,0,11.153114,-0.02177,-0.00255,-0.01926,-0.01822,0.00801,-0.01282,0.00721,-0.00120,-1.47994,0.09606,3.27724
1.41,0,0,11.522360,-0.01699,0.00552,-0.02101,-0.01273,0.00766,-0.01245,-0.00541,-0.00306,-1.47932,0.09674,3.27732
1.42,0,0,12.028202,-0.01670,0.00541,-0.02176,-0.01437,0.00896,-0.01219,0.00609,-0.00046,-1.47939,0.09732,3.27628
1.43,0,0,12.392276,-0.01243,0.00043,-0.01978,-0.01277,0.00847,-0.01364,0.00692,-0.00056,-1.47999,0.09713,3.27737
1.44,0,0,12.878524,-0.01809,0.00402,-0.01671,-0.01319,0.00904,-0.01318,0.00039,0.00255,-1.48264,0.09744,3.27708
1.45,0,0,13.301504,-0.01725,0.00516,-0.02587,-0.01429,0.00862,-0.01169,0.01650,0.00332,-1.48069,0.09662,3.27686
1.46,0,0,13.688717,-0.01747,0.00325,-0.02077,-0.01384,0.00873,-0.01301,0.00588,-0.00312,-1.48159,0.09552,3.27754
1.47,0,0,14.161831,-0.01887,0.00229,-0.01961,-0.01343,0.00797,-0.01136,0.00227,0.00297,-1.47828,0.09591,3.27697
1.48,0,0,14.629965,-0.01671,0.00419,-0.01918,-0.01292,0.00917,-0.01456,-0.00728,0.00308,-1.47843,0.09701,3.27719
1.49,0,0,15.024281,-0.01820,0.00298,-0.02043,-0.01365,0.00799,-0.01273,0.00598,0.00287,-1.47833,0.09700,3.27732
1.50,1,0,15.322745,-0.01695,0.00240,-0.02061,-0.01461,0.00896,-0.01199,0.00580,0.00317,-1.47502,0.09644,3.27698
1.51,0,0,15.222472,-0.01860,0.00436,-0.01998,-0.01202,0.00871,-0.01283,0.00761,0.00345,-1.48064,0.09607,3.27701
1.52,0,0,14.977312,-0.01678,0.00338,-0.02106,-0.01372,0.00865,-0.01204,0.00526,0.00267,-1.48133,0.09574,3.27703
1.53,0,0,14.862525,-0.01576,0.00388,-0.01891,-0.01373,0.00983,-0.01247,0.00317,0.00234,-1.48026,0.09618,3.27703
1.54,0,0,14.752523,-0.01548,0.00370,-0.01966,-0.01555,0.00672,-0.01277,0.00717,0.00333,-1.48027,0.09610,3.27727
1.55,0,0,14.657417,-0.01920,0.00327,-0.02235,-0.01465,0.00936,-0.01350,0.00483,0.00245,-1.47945,0.09538,3.27717
1.56,0,0,14.496037,-0.01988,0.00384,-0.01906,-0.01401,0.00878,-0.01316,0.00520,0.00181,-1.47963,0.09449,3.27693
1.57,0,0,14.361678,-0.01933,0.00351,-0.02052,-0.01829,0.00803,-0.01277,0.00717,0.00243,-1.47935,0.09428,3.27702
1.58,0,0,14.245000,-0.01779,0.00438,-0.01963,-0.01133,0.00823,-0.01235,0.00474,0.00309,-1.47975,0.09471,3.27733
1.59,0,0,14.128303,-0.02130,0.00480,-0.01843,-0.01283,0.00828,-0.01229,0.00410,0.00347,-1.47934,0.09584,3.27789
1.60,0,0,13.987268,-0.01577,0.00571,-0.02043,-0.01924,0.00811,-0.01157,0.00539,0.00226,-1.47864,0.09659,3.27703
1.61,0,0,13.881752,-0.01498,0.00327,-0.01978,-0.01302,0.00795,-0.01226,0.00522,0.00201,-1.48231,0.09746,3.27782
1.62,0,0,13.783948,-0.02066,0.00185,-0.02096,-0.01253,0.00809,-0.01202,0.00455,0.00319,-1.48132,0.09797,3.27741
1.63,0,0,13.719212,-0.00971,0.00295,-0.01973,-0.01297,0.00889,-0.01234,0.00446,0.00461,-1.48130,0.09720,3.27648
1.64,0,0,13.626507,-0.01857,0.00233,-0.02008,-0.01289,0.00848,-0.01265,0.00659,0.00145,-1.47831,0.09791,3.27772
1.65,0,0,13.476461,-0.01699,0.00530,-0.02054,-0.01263,0.00953,-0.01179,0.00573,0.00226,-1.48063,0.09790,3.27696
1.66,0,0,13.325038,-0.01826,0.00283,-0.01949,-0.00851,0.00956,-0.01297,0.00481,0.00355,-1.48073,0.09813,3.27623
1.67,0,0,13.202250,-0.01409,0.00369,-0.01819,-0.01293,0.00818,-0.01315,0.00626,0.00181,-1.47951,0.09764,3.27664
1.68,0,0,13.081962,-0.01619,0.00402,-0.02043,-0.01274,0.00972,-0.01232,0.00663,0.00165,-1.47902,0.09755,3.27795
1.69,0,0,12.953118,-0.01682,0.00383,-0.01976,-0.01221,0.00819,-0.01262,0.00558,0.00370,-1.48208,0.09835,3.27687
1.70,0,0,12.909459,-0.01737,0.00285,-0.01931,-0.01358,0.00868,-0.01111,-0.00331,0.00284,-1.47992,0.09940,3.27694
1.71,0,1,12.844292,-0.01692,0.00502,-0.01981,-0.01563,0.00821,-0.01084,0.04838,0.00336,-1.47756,0.09893,3.27729
1.72,0,0,12.838166,-0.01708,0.01083,-0.02187,-0.01103,0.00773,-0.01182,0.00042,0.01649,-1.48052,0.09845,3.27761
1.73,0,0,12.929514,-0.01821,0.00854,-0.01637,-0.01095,0.00881,-0.01239,-0.00979,0.00262,-1.48208,0.09727,3.27698
1.74,0,0,13.429657,-0.01656,0.00354,-0.01909,-0.01304,0.00802,-0.01215,0.03393,0.00336,-1.48073,0.09710,3.27729
1.75,0,0,14.031325,-0.01436,0.00327,-0.01948,-0.01353,0.00896,-0.01176,0.03521,-0.00435,-1.48142,0.09750,3.27699
1.76,0,0,14.325580,-0.01745,0.00295,-0.02261,-0.01314,0.00845,-0.01246,-0.00206,0.00403,-1.47965,0.09721,3.27697
1.77,0,0,14.584758,-0.01767,0.00350,-0.02218,-0.01385,0.00843,-0.01285,0.01652,0.00139,-1.48013,0.09736,3.27704
1.78,0,0,14.933637,-0.01724,0.00364,-0.01991,-0.01395,0.00765,-0.01303,-0.00547,0.00007,-1.48024,0.09748,3.27692
1.79,0,0,15.303522,-0.01939,0.00322,-0.02058,-0.01391,0.00821,-0.01154,0.01032,0.00234,-1.48120,0.09660,3.27706
1.80,0,0,15.607424,-0.01680,0.00329,-0.02234,-0.01425,0.00812,-0.01058,0.00607,-0.01026,-1.48158,0.09623,3.27744
1.81,0,0,15.982340,-0.01502,0.00276,-0.01941,-0.01316,0.00835,-0.01252,0.00480,0.01151,-1.47917,0.09634,3.27711
1.82,0,0,16.341056,-0.01799,0.00309,-0.01942,-0.01403,0.00850,-0.01310,0.00474,0.00251,-1.48028,0.09656,3.27749
1.83,0,0,16.727348,-0.01712,0.00414,-0.01930,-0.01364,0.00890,-0.01191,0.00538,0.00292,-1.47983,0.09652,3.27699
1.84,1,0,16.906787,-0.01915,0.00368,-0.01990,-0.01406,0.00900,-0.01283,0.00631,0.00209,-1.47903,0.09613,3.27641
1.85,0,0,16.995008,-0.01684,0.00442,-0.02152,-0.01420,0.00867,-0.01183,0.00810,0.00204,-1.48461,0.09569,3.27741
1.86,0,0,16.868047,-0.01873,0.00415,-0.01850,-0.01167,0.00709,-0.01126,0.00493,0.00212,-1.47926,0.09544,3.27760
1.87,0,0,16.739062,-0.01676,0.00508,-0.02070,-0.01322,0.00822,-0.01217,0.00561,0.00457,-1.48205,0.09520,3.27688
1.88,0,0,16.581154,-0.01849,0.00361,-0.02325,-0.01404,0.00929,-0.01308,0.00661,0.00222,-1.48084,0.09541,3.27697
1.89,0,0,16.409928,-0.01706,0.00399,-0.02077,-0.01381,0.00802,-0.01135,0.00621,0.00334,-1.47862,0.09531,3.27736
1.90,0,0,16.263616,-0.01516,0.00312,-0.02043,-0.01640,0.00848,-0.01223,0.00449,0.00266,-1.47828,0.09564,3.27664
1.91,0,0,16.060523,-0.01705,0.00447,-0.02036,-0.01229,0.00869,-0.01199,0.00510,0.00278,-1.47992,0.09660,3.27743
1.92,0,0,16.388699,-0.01765,0.00517,-0.01991,-0.01349,0.00865,-0.01210,0.00414,0.00237,-1.48026,0.09700,3.27741
1.93,0,0,15.803349,-0.01846,0.00292,-0.02030,-0.01703,0.00887,-0.01110,0.00566,0.00352,-1.48114,0.09645,3.27674
1.94,0,0,15.832566,-0.01660,0.00289,-0.02047,-0.01057,0.00814,-0.01221,0.00721,0.00327,-1.48009,0.09729,3.27712
1.95,0,0,15.736676,-0.01916,0.00345,-0.02088,-0.01318,0.00838,-0.01241,0.00580,0.00289,-1.48083,0.09885,3.27726
1.96,0,0,15.837366,-0.00953,0.00143,-0.02102,-0.01343,0.00843,-0.01229,0.00572,0.00332,-1.47902,0.10002,3.27667
1.97,0,0,15.149142,-0.01658,0.00554,-0.02013,-0.01719,0.00854,-0.01375,0.00512,0.00266,-1.48532,0.09998,3.27686
1.98,0,0,15.059182,-0.01749,0.00414,-0.02015,-0.01343,0.00849,-0.01375,0.00634,0.00245,-1.47998,0.09909,3.27803
1.99,0,0,14.943420,-0.01815,0.00421,-0.02079,-0.01366,0.00839,-0.01213,0.00485,0.00292,-1.47846,0.09875,3.27774
2.00,0,0,14.845712,-0.02047,0.00352,-0.02100,-0.01917,0.00824,-0.01226,0.00482,0.00331,-1.47906,0.09899,3.27657
2.01,0,0,14.771170,-0.01786,0.00489,-0.02058,-0.01484,0.00772,-0.01318,0.00605,0.00248,-1.47849,0.09937,3.27708
2.02,0,0,14.706076,-0.01929,0.00317,-0.01945,-0.01407,0.00789,-0.01122,0.00319,0.00370,-1.48223,0.09985,3.27789
2.03,0,0,14.602071,-0.01684,0.00435,-0.02008,-0.01418,0.00904,-0.01181,0.00463,0.00319,-1.48056,0.09933,3.27644
2.04,0,0,14.485378,-0.01815,0.00381,-0.02041,-0.01354,0.00867,-0.01201,0.00507,0.00289,-1.48326,0.09895,3.27690
2.05,0,0,14.401649,-0.01817,0.00449,-0.02159,-0.01453,0.00811,-0.01182,0.00485,0.00280,-1.48070,0.09903,3.27717
2.06,0,0,14.229961,-0.01892,0.00514,-0.01862,-0.01563,0.01227,-0.01314,0.00604,0.00284,-1.48082,0.09849,3.27751
2.07,0,0,14.102516,-0.01751,0.00307,-0.01719,-0.01302,0.00894,-0.01306,0.00493,0.00269,-1.48202,0.09910,3.27729
2.08,0,0,14.008057,-0.01896,0.00325,-0.01961,-0.01193,0.00801,-0.01334,0.00527,0.00182,-1.48024,0.09865,3.27711
2.09,0,0,13.886217,-0.01641,0.00364,-0.02012,-0.01373,0.00745,-0.01269,0.00529,0.00215,-1.48183,0.09866,3.27718
2.10,0,0,13.845485,-0.01721,0.00539,-0.02144,-0.01269,0.00882,-0.01197,0.00580,0.00282,-1.48153,0.09845,3.27703
2.11,0,0,13.807047,-0.01787,0.00459,-0.01975,-0.01285,0.01288,-0.01149,0.00582,0.00521,-1.47916,0.09844,3.27702
2.12,0,0,13.676375,-0.01660,0.00430,-0.02026,-0.01412,0.00946,-0.01288,0.00952,0.00281,-1.47457,0.09917,3.27696
2.13,0,1,13.621675,-0.01911,-0.00151,-0.01911,-0.01455,0.00794,-0.01229,0.00309,0.00229,-1.47877,0.09901,3.27731
2.14,0,0,13.622682,-0.01437,0.00207,-0.02139,-0.01226,0.00819,-0.01189,0.00442,0.00263,-1.47947,0.09891,3.27668
2.15,0,0,13.764839,-0.01784,0.00356,-0.02008,-0.01627,0.00875,-0.01205,0.00277,0.00125,-1.47921,0.09777,3.27780
2.16,0,0,14.137934,-0.01127,0.00305,-0.02032,-0.01426,0.00777,-0.01306,0.07140,0.00280,-1.47966,0.09775,3.27723
2.17,0,0,14.523008,-0.01948,0.00881,-0.01831,-0.01417,0.00913,-0.01213,-0.01357,0.00319,-1.48026,0.09831,3.27710
2.18,0,0,14.817975,-0.01788,0.00362,-0.02035,-0.01712,0.00977,-0.01237,0.00319,0.00275,-1.48043,0.09930,3.27683
2.19,0,0,15.097595,-0.01654,0.00399,-0.02013,-0.01396,0.00793,-0.01339,0.00102,0.00656,-1.48054,0.09906,3.27777
2.20,0,0,15.417139,-0.01852,0.00366,-0.01902,-0.01410,0.00852,-0.01164,0.00476,0.00275,-1.47964,0.09808,3.27771
2.21,0,0,15.797639,-0.01994,0.00363,-0.02107,-0.01357,0.00859,-0.01219,-0.00204,0.00225,-1.48115,0.09687,3.27686
2.22,0,0,16.060745,-0.01714,0.00308,-0.01722,-0.01404,0.00802,-0.01214,0.00627,0.00299,-1.48009,0.09564,3.27813
2.23,0,0,16.300232,-0.01768,0.00449,-0.02159,-0.01304,0.00840,-0.01248,0.03495,0.00196,-1.47981,0.09570,3.27707
2.24,1,0,16.386697,-0.01729,0.00242,-0.02035,-0.01290,0.00933,-0.01241,0.01379,0.00042,-1.48162,0.09631,3.27717
2.25,0,0,16.400654,-0.01941,0.00355,-0.01714,-0.01368,0.00955,-0.01262,-0.00609,-0.01107,-1.48127,0.09657,3.27751
2.26,0,0,16.352627,-0.01859,0.00333,-0.01971,-0.01422,0.00858,-0.01216,0.00877,0.00279,-1.47859,0.09676,3.27711
2.27,0,0,16.206673,-0.01725,0.00261,-0.02041,-0.01278,0.00839,-0.01163,0.00517,-0.00027,-1.48052,0.09727,3.27709
2.28,0,0,16.037132,-0.01640,0.00441,-0.01898,-0.01412,0.00900,-0.01207,0.00368,0.00330,-1.48186,0.09708,3.27746
2.29,0,0,15.855204,-0.01663,0.00443,-0.01995,-0.01309,0.00830,-0.01249,0.00529,0.00296,-1.48291,0.09782,3.27780
2.30,0,0,15.739679,-0.02059,0.00277,-0.02179,-0.01563,0.00835,-0.01328,0.00626,0.00211,-1.48042,0.09808,3.27737
2.31,0,0,15.669903,-0.01780,0.00320,-0.02129,-0.01434,0.00814,-0.01149,0.00454,0.00334,-1.47952,0.09826,3.27774
2.32,0,0,15.501068,-0.01884,0.00322,-0.02050,-0.01304,0.00822,-0.01318,0.00514,0.00257,-1.48157,0.09773,3.27751
2.33,0,0,15.396792,-0.01614,0.00256,-0.01990,-0.01401,0.00822,-0.01296,0.00738,0.00210,-1.47966,0.09684,3.27694
2.34,0,0,15.251847,-0.01784,0.00638,-0.02005,-0.01341,0.00823,-0.01206,0.00210,0.00351,-1.46180,0.09733,3.27742
2.35,0,0,15.106224,-0.01888,0.00433,-0.01983,-0.01339,0.00876,-0.01165,0.00836,0.00269,-1.39097,0.09743,3.27750
2.36,0,0,15.017912,-0.01699,0.00382,-0.02088,-0.01670,0.00677,-0.01278,0.00495,0.00292,-1.25562,0.09787,3.27734
2.37,0,0,14.947378,-0.01855,0.00696,-0.01988,-0.01825,0.00800,-0.01290,0.00929,0.00205,-1.06637,0.09768,3.27653
2.38,0,0,14.840721,-0.01897,0.00405,-0.01976,-0.01306,0.00838,-0.01258,0.00607,0.00350,-0.84947,0.09753,3.27652
2.39,0,0,14.716275,-0.01620,0.00562,-0.01979,-0.01301,0.00826,-0.01263,0.00904,0.00295,-0.57776,0.09708,3.27710
2.40,0,0,14.585288,-0.01688,0.00390,-0.02068,-0.01305,0.01210,-0.01266,0.00650,0.00187,-0.30458,0.09652,3.27656
2.41,0,0,14.490471,-0.01705,0.00366,-0.02218,-0.01379,0.00814,-0.01185,0.00539,0.00290,-0.02501,0.09707,3.27788
2.42,0,0,14.365581,-0.01641,0.00464,-0.01715,-0.01320,0.00887,-0.01241,0.00513,0.00265,0.28171,0.09692,3.27716
2.43,0,0,14.287193,-0.01584,0.00425,-0.02073,-0.01317,0.00838,-0.01276,0.00482,0.00200,0.55921,0.09559,3.27755
2.44,0,0,14.288158,-0.01917,0.00414,-0.01765,-0.01278,0.00727,-0.01368,0.00569,0.00259,0.82984,0.09457,3.27742
2.45,0,0,14.174843,-0.01695,0.00344,-0.01996,-0.01428,0.00921,-0.01296,0.00473,0.00257,1.05193,0.09372,3.27709
2.46,0,0,14.169049,-0.01820,0.00352,-0.02063,-0.01245,0.00746,-0.01229,0.00492,0.00248,1.23228,0.09485,3.27713
2.47,0,0,14.108533,-0.01743,0.00449,-0.01994,-0.01428,0.00889,-0.01221,0.00506,0.00142,1.36866,0.09620,3.27694
2.48,0,0,14.016720,-0.01773,0.00638,-0.02079,-0.01564,0.00796,-0.01358,-0.01091,0.01575,1.45709,0.09634,3.27657
2.49,0,0,13.911833,-0.01687,0.00477,-0.02098,-0.01258,0.00854,-0.01249,0.00626,0.00289,1.48895,0.09660,3.27682
2.50,0,1,13.839050,-0.01769,0.00070,-0.02007,-0.01434,0.00860,-0.01174,0.00899,0.00251,1.48543,0.09725,3.27745
2.51,0,0,13.768597,-0.01846,0.00309,-0.02069,-0.01252,0.00861,-0.01274,0.00626,0.00505,1.48261,0.09865,3.27694
2.52,0,0,13.883979,-0.01808,0.00422,-0.02066,-0.01404,0.00795,-0.01170,0.00004,0.00405,1.48380,0.09925,3.27723
2.53,0,0,14.067728,-0.01845,0.00414,-0.01862,-0.01365,0.00727,-0.01231,0.00214,0.00178,1.48285,0.09896,3.27676
2.54,0,0,14.277736,-0.01683,0.00267,-0.01922,-0.01403,0.00809,-0.01195,0.00321,-0.00203,1.48407,0.09889,3.27631
2.55,0,0,14.529546,-0.01714,0.00012,-0.01978,-0.01093,0.00918,-0.01182,0.00526,0.00082,1.48492,0.09869,3.27632
2.56,0,0,14.836236,-0.01724,0.00391,-0.01768,-0.01334,0.00918,-0.01233,0.00158,0.00281,1.48622,0.09947,3.27676
2.57,0,0,14.881377,-0.01831,0.00314,-0.01937,-0.01315,0.00801,-0.01238,0.00017,0.00262,1.48590,0.09924,3.27704
2.58,0,0,14.985128,-0.01809,0.00294,-0.02128,-0.01274,0.00781,-0.01248,0.00548,0.00206,1.48405,0.09866,3.27727
2.59,0,0,15.050259,-0.01727,0.00233,-0.02408,-0.01365,0.00863,-0.01247,0.00316,-0.00062,1.48507,0.09801,3.27769
2.60,1,0,15.088092,-0.01750,0.00478,-0.02004,-0.01434,0.00894,-0.01189,0.00847,0.00189,1.48467,0.09791,3.27710
2.61,0,0,15.116731,-0.01738,0.00379,-0.02002,-0.01418,0.00760,-0.01308,0.00533,0.00254,1.48452,0.09760,3.27733
2.62,0,0,15.014986,-0.01769,0.00377,-0.02184,-0.01584,0.00919,-0.01275,0.00291,0.00080,1.48376,0.09824,3.27678
2.63,0,0,14.848754,-0.01466,0.00377,-0.01987,-0.01321,0.00785,-0.01169,0.00652,0.00159,1.48557,0.09845,3.27767
2.64,0,0,14.709880,-0.01720,0.00308,-0.02136,-0.01366,0.00841,-0.01241,-0.00145,0.00401,1.48557,0.09857,3.27763
2.65,0,0,14.604676,-0.01950,0.00491,-0.02087,-0.01387,0.00864,-0.01077,0.00341,0.00858,1.48258,0.09789,3.27769
2.66,0,0,14.341157,-0.01723,0.00280,-0.01941,-0.01288,0.00809,-0.01149,-0.00003,0.00413,1.48317,0.09812,3.27670
2.67,0,0,14.275162,-0.01751,0.00264,-0.01992,-0.01342,0.00847,-0.01278,0.00605,0.00319,1.48333,0.09758,3.27682
2.68,0,0,14.138205,-0.01729,0.00418,-0.02008,-0.01526,0.00880,-0.01277,0.00577,0.00250,1.48357,0.09784,3.27726
2.69,0,0,14.019385,-0.01831,0.00013,-0.01920,-0.01482,0.00860,-0.01244,0.00771,-0.00050,1.48465,0.09781,3.27744
2.70,0,0,13.919024,-0.01688,0.00371,-0.01819,-0.01306,0.00866,-0.01127,0.01638,0.00275,1.48411,0.09796,3.27723
2.71,0,1,13.758183,-0.01944,0.00357,-0.01999,-0.01514,0.00774,-0.01262,0.01407,0.00286,1.48421,0.09833,3.27725
2.72,0,0,13.780172,-0.01976,0.00310,-0.01897,-0.01306,0.00804,-0.01188,0.00187,0.00370,1.48530,0.09920,3.27773
2.73,0,0,14.179578,-0.01633,0.00393,-0.02078,-0.01450,0.00848,-0.01149,-0.00369,-0.00822,1.48271,0.09885,3.27682
2.74,0,0,14.431131,-0.01730,0.00291,-0.02431,-0.01528,0.00908,-0.01299,0.00589,0.00391,1.48511,0.09843,3.27710
2.75,0,0,14.677428,-0.01791,0.00264,-0.02010,-0.01395,0.00916,-0.01247,0.02276,-0.00386,1.48588,0.09783,3.27719
2.76,0,0,14.930092,-0.01794,0.00381,-0.02200,-0.01330,0.00839,-0.01248,-0.04354,-0.00457,1.48319,0.09762,3.27765
2.77,0,0,15.215888,-0.01767,0.00369,-0.02142,-0.01296,0.00841,-0.01194,0.00099,0.00568,1.48546,0.09750,3.27709
2.78,0,0,15.440492,-0.01770,0.00434,-0.02114,-0.01365,0.00835,-0.01306,-0.00178,0.00217,1.48538,0.09769,3.27723
2.79,1,0,15.564702,-0.01692,0.00358,-0.02236,-0.01320,0.00883,-0.01370,-0.00670,0.00309,1.48248,0.09771,3.27719
2.80,0,0,15.741959,-0.01519,0.00370,-0.02229,-0.01438,0.00952,-0.01282,-0.00018,0.00391,1.48122,0.09761,3.27717
2.81,0,0,15.510164,-0.02092,0.00445,-0.02050,-0.01348,0.00814,-0.01334,0.00565,0.00340,1.48580,0.09812,3.27773
2.82,0,0,15.396984,-0.02182,0.00195,-0.02023,-0.01387,0.00894,-0.01242,0.00473,0.00309,1.48360,0.09823,3.27675
2.83,0,0,15.271118,-0.02059,0.00278,-0.02081,-0.01333,0.00864,-0.01223,0.00459,0.00171,1.48527,0.09858,3.27754
2.84,0,0,15.104808,-0.01578,0.00292,-0.02035,-0.01478,0.00765,-0.01249,0.00599,0.00344,1.48529,0.09890,3.27704
2.85,0,0,15.019899,-0.01890,0.00545,-0.02105,-0.01191,0.00927,-0.01262,0.00613,0.00257,1.48539,0.09861,3.27677
2.86,0,0,14.909623,-0.01791,0.00447,-0.02123,-0.01363,0.00894,-0.01266,0.00646,0.00334,1.48589,0.09835,3.27698
2.87,0,0,14.751151,-0.01675,0.00394,-0.02043,-0.01535,0.00850,-0.01355,0.00609,0.00217,1.48389,0.09805,3.27789
2.88,0,0,14.589859,-0.01757,0.00369,-0.02004,-0.01240,0.01460,-0.01215,0.00558,0.00139,1.48181,0.09806,3.27674
2.89,0,0,14.497817,-0.01979,0.00504,-0.01985,-0.01370,0.00787,-0.01209,0.00503,0.00290,1.48676,0.09771,3.27771
2.90,0,0,14.418477,-0.01754,0.00311,-0.01997,-0.01470,0.00945,-0.01255,0.00570,0.00308,1.48481,0.09735,3.27753
2.91,0,0,14.277130,-0.02068,0.00540,-0.02127,-0.01373,0.00634,-0.01339,0.00512,0.00242,1.48367,0.09739,3.27698
2.92,0,0,14.136879,-0.01844,0.00390,-0.02006,-0.01374,0.00844,-0.01245,0.00469,0.00336,1.48558,0.09722,3.27788
2.93,0,0,14.086990,-0.01633,0.00340,-0.01925,-0.01450,0.00926,-0.01307,0.00567,0.00234,1.48393,0.09774,3.27760
2.94,0,0,14.009181,-0.01787,0.00292,-0.02035,-0.01287,0.00764,-0.01364,0.00597,0.00286,1.48317,0.09768,3.27688
2.95,0,0,13.885466,-0.01602,0.00328,-0.02012,-0.01252,0.00861,-0.01122,0.00539,0.00223,1.48403,0.09703,3.27666
2.96,0,0,13.828201,-0.01720,0.00449,-0.01953,-0.01215,0.00848,-0.01359,0.00617,0.00269,1.48482,0.09685,3.27722
2.97,0,0,13.687700,-0.01895,0.00451,-0.02104,-0.01339,0.00874,-0.01365,0.00594,0.00240,1.48467,0.09687,3.27682
2.98,0,0,13.611553,-0.01538,0.00497,-0.01973,-0.01633,0.00779,-0.01323,0.00529,0.00258,1.48472,0.09665,3.27693
2.99,0,0,13.498952,-0.01867,0.00263,-0.01964,-0.01305,0.00815,-0.01276,0.00520,0.00302,1.48361,0.09704,3.27698
3.00,0,0,13.351716,-0.01755,0.00313,-0.01920,-0.01464,0.00848,-0.01248,0.00460,-0.00744,1.48723,0.09691,3.27750
3.01,0,1,13.302426,-0.01645,-0.00067,-0.02001,-0.00607,0.00930,-0.01244,0.01583,0.00339,1.48495,0.09615,3.27726
3.02,0,0,13.331967,-0.01554,0.00351,-0.02177,-0.01359,0.00911,-0.01225,-0.00517,0.01538,1.48349,0.09572,3.27723
3.03,0,0,13.671159,-0.02334,0.00271,-0.01580,-0.01315,0.00785,-0.01282,0.01645,0.01343,1.48228,0.09550,3.27752
3.04,0,0,14.146136,-0.01243,-0.00266,-0.02020,-0.01629,0.00730,-0.01232,-0.00276,0.00139,1.48454,0.09623,3.27655
3.05,0,0,14.527647,-0.01881,0.00058,-0.01912,-0.01737,0.00839,-0.01317,0.00825,0.00737,1.48541,0.09681,3.27746
3.06,0,0,14.685273,-0.01696,0.00417,-0.02093,-0.01387,0.00857,-0.01188,-0.00736,0.00435,1.48364,0.09657,3.27714
3.07,0,0,14.892396,-0.01653,0.00283,-0.02167,-0.01335,0.00907,-0.01341,0.02671,0.00389,1.48184,0.09576,3.27660
3.08,0,0,15.097883,-0.01819,0.00391,-0.02198,-0.01567,0.00811,-0.01243,0.01613,-0.00251,1.48392,0.09611,3.27675
3.09,0,0,15.247960,-0.01774,0.00356,-0.02157,-0.01276,0.00869,-0.01238,-0.01957,0.00229,1.48398,0.09657,3.27691
3.10,0,0,15.598033,-0.01714,0.00219,-0.01993,-0.01371,0.00939,-0.01245,0.00516,0.00779,1.48395,0.09656,3.27653
3.11,0,0,15.804379,-0.01777,0.00297,-0.02099,-0.01321,0.00764,-0.01237,0.00924,0.00192,1.48477,0.09682,3.27714
3.12,0,0,16.035675,-0.01838,0.00436,-0.02122,-0.01368,0.00797,-0.01299,0.00540,0.01601,1.48330,0.09668,3.27673
3.13,0,0,16.234044,-0.01631,0.00541,-0.02175,-0.01460,0.00828,-0.01315,0.00153,0.00364,1.48380,0.09633,3.27785
3.14,0,0,16.514308,-0.02058,0.00359,-0.02006,-0.01366,0.00826,-0.01121,0.00746,0.00203,1.48796,0.09680,3.27666
3.15,0,0,16.999883,-0.01823,0.00329,-0.02096,-0.01372,0.00859,-0.01303,0.00643,0.00246,1.48244,0.09717,3.27620
3.16,0,0,17.304168,-0.01795,0.00422,-0.02136,-0.01406,0.00608,-0.01169,0.01067,0.00269,1.48437,0.09655,3.27730
3.17,1,0,17.409291,-0.01659,0.00408,-0.02216,-0.01545,0.00854,-0.01231,0.00580,0.00249,1.48440,0.09541,3.27674
3.18,0,0,17.389506,-0.01512,0.00353,-0.02066,-0.01395,0.00740,-0.01234,0.00356,0.00255,1.48368,0.09472,3.27718
3.19,0,0,17.250423,-0.01763,0.00433,-0.02089,-0.01273,0.00753,-0.01289,0.00459,0.00235,1.48272,0.09511,3.27750
3.20,0,0,17.097037,-0.01681,0.00413,-0.01982,-0.01473,0.00911,-0.01348,0.00670,0.00313,1.48433,0.09619,3.27717
3.21,0,0,16.930118,-0.01847,0.00347,-0.02188,-0.01267,0.00863,-0.01088,0.00203,0.00209,1.48302,0.09687,3.27703
3.22,0,0,16.771489,-0.01740,0.00329,-0.01978,-0.01400,0.00954,-0.01183,0.00562,0.00175,1.48571,0.09678,3.27717
3.23,0,0,16.644948,-0.01792,0.00334,-0.02025,-0.01226,0.00875,-0.01227,0.00495,0.00213,1.48363,0.09593,3.27746
3.24,0,0,16.518640,-0.01681,0.00258,-0.01891,-0.01251,0.00846,-0.01293,0.00475,0.00294,1.48358,0.09593,3.27729
3.25,0,0,16.392627,-0.01791,0.00425,-0.02107,-0.01510,0.00844,-0.01281,0.00674,0.00193,1.48295,0.09679,3.27769
3.26,0,0,16.217264,-0.01481,0.00207,-0.02025,-0.01411,0.00810,-0.01189,0.00396,0.00289,1.48349,0.09757,3.27687
3.27,0,0,16.104731,-0.01809,0.00577,-0.02071,-0.01514,0.00785,-0.01150,0.00562,0.00361,1.48565,0.09781,3.27600
3.28,0,0,16.053614,-0.03192,0.00350,-0.01946,-0.01312,0.00895,-0.01227,0.00534,0.00343,1.48441,0.09684,3.27725
3.29,0,0,16.101185,-0.01536,0.00467,-0.01977,-0.01492,0.00764,-0.01276,0.00628,0.00273,1.48272,0.09669,3.27660
3.30,0,0,16.534546,-0.02121,0.00349,-0.01991,-0.01320,0.00988,-0.01232,0.00566,0.00330,1.48436,0.09727,3.27627
3.31,0,0,16.916104,-0.01694,0.00290,-0.02098,-0.01405,0.00863,-0.01248,0.00193,0.00184,1.48394,0.09773,3.27698
3.32,0,0,15.617011,-0.01574,0.00098,-0.02066,-0.01793,0.00832,-0.01121,0.00549,0.00347,1.48451,0.09780,3.27765
3.33,0,0,15.393595,-0.02053,0.00602,-0.02050,-0.01274,0.00824,-0.01171,0.00563,0.00322,1.48239,0.09752,3.27618
3.34,0,0,15.372772,-0.01708,-0.00134,-0.02013,-0.01304,0.00810,-0.01122,0.00453,0.00162,1.48405,0.09761,3.27687
3.35,0,0,15.271700,-0.01703,0.00273,-0.02010,-0.01510,0.00903,-0.01122,0.00490,0.00231,1.48364,0.09754,3.27747
3.36,0,0,15.133284,-0.01665,0.00546,-0.01970,-0.01247,0.00797,-0.01205,0.00476,0.00237,1.48421,0.09855,3.27738
3.37,0,0,14.982414,-0.01873,0.00192,-0.02031,-0.00983,0.00764,-0.01182,0.00505,0.00309,1.48609,0.09866,3.27752
3.38,0,0,14.847089,-0.02013,0.00346,-0.01968,-0.01619,0.00913,-0.01174,0.00580,0.00212,1.48335,0.09869,3.27735
3.39,0,0,14.771830,-0.01644,0.00228,-0.02013,-0.01323,0.00895,-0.01219,0.00612,0.00377,1.48438,0.09814,3.27717
3.40,0,0,14.583913,-0.01893,0.00341,-0.02029,-0.01159,0.00755,-0.01082,0.00431,0.00215,1.48575,0.09850,3.27744
3.41,0,0,14.438114,-0.01584,0.00446,-0.02006,-0.01401,0.00791,-0.01338,0.00522,0.00262,1.48405,0.09889,3.27723
3.42,0,0,14.292461,-0.01812,0.00344,-0.02159,-0.01429,0.00822,-0.01257,0.00450,0.00212,1.48587,0.09879,3.27761
3.43,0,0,14.212578,-0.01545,0.00327,-0.02025,-0.01304,0.00926,-0.01253,0.00458,0.00441,1.48514,0.09908,3.27708
3.44,0,1,14.109112,-0.01710,0.00141,-0.02069,-0.01337,0.00847,-0.01235,0.00405,0.01062,1.48301,0.09836,3.27648
3.45,0,0,14.145099,-0.02597,-0.00187,-0.02084,-0.01215,0.00900,-0.01119,0.00670,-0.00671,1.48484,0.09789,3.27744
3.46,0,0,14.107065,-0.02433,-0.00350,-0.01949,-0.01384,0.00863,-0.01273,0.00112,0.00345,1.48784,0.09729,3.27733
3.47,0,0,14.604764,-0.01676,-0.00112,-0.02112,-0.01417,0.00881,-0.01277,-0.02071,-0.00397,1.48422,0.09698,3.27789
3.48,0,0,14.918132,-0.02238,0.00475,-0.02141,-0.01359,0.00830,-0.01308,0.00600,0.00091,1.48393,0.09680,3.27651
3.49,0,0,15.327259,-0.01713,0.00303,-0.02277,-0.01334,0.00824,-0.01309,-0.01044,-0.00255,1.48467,0.09681,3.27729
3.50,0,0,15.627377,-0.01748,0.00355,-0.01812,-0.01283,0.00900,-0.01235,0.00262,-0.00223,1.48268,0.09618,3.27662
3.51,0,0,15.945949,-0.01751,0.00502,-0.02021,-0.01373,0.00799,-0.01266,0.00594,-0.00783,1.48514,0.09640,3.27728
3.52,0,0,16.306590,-0.01802,0.00325,-0.01896,-0.01484,0.00832,-0.01201,0.08107,0.01810,1.48317,0.09757,3.27712
3.53,0,0,16.560292,-0.01840,0.00363,-0.02609,-0.01436,0.00841,-0.01205,-0.04214,-0.00349,1.48363,0.09774,3.27764
3.54,0,0,16.879463,-0.01574,0.00281,-0.02063,-0.01363,0.00812,-0.01243,-0.01049,0.00294,1.48423,0.09733,3.27767
3.55,0,0,17.253369,-0.01727,0.00461,-0.02010,-0.01335,0.00839,-0.01201,0.00499,0.00280,1.48406,0.09698,3.27669
3.56,0,0,17.533040,-0.01695,0.00285,-0.01880,-0.01255,0.00753,-0.01017,0.00257,0.00290,1.48427,0.09633,3.27741
3.57,1,0,17.603107,-0.01857,0.00257,-0.02323,-0.01367,0.00841,-0.01173,0.00420,0.00189,1.48373,0.09636,3.27598
3.58,0,0,17.547115,-0.01696,0.00443,-0.02110,-0.01361,0.00898,-0.01255,0.00599,0.00222,1.48359,0.09670,3.27713
3.59,0,0,17.365853,-0.01719,0.00204,-0.01991,-0.01329,0.00817,-0.01240,0.00609,0.00267,1.48481,0.09666,3.27729
3.60,0,0,17.242071,-0.01815,0.00454,-0.01967,-0.01349,0.00826,-0.01144,0.00597,0.00225,1.48587,0.09642,3.27687
3.61,0,0,17.090252,-0.01842,0.00325,-0.02018,-0.01359,0.00854,-0.01412,0.00587,0.00231,1.48649,0.09702,3.27712
3.62,0,0,16.936164,-0.01860,0.00112,-0.02001,-0.01434,0.00901,-0.01255,0.00490,0.00233,1.48356,0.09731,3.27711
3.63,0,0,16.809761,-0.01283,0.00341,-0.02054,-0.01406,0.00899,-0.01171,0.00441,0.00126,1.48513,0.09781,3.27751
3.64,0,0,16.698086,-0.01720,0.00318,-0.02020,-0.01495,0.00824,-0.01162,0.00642,0.00313,1.48455,0.09777,3.27703
3.65,0,0,16.561544,-0.01892,0.00385,-0.02104,-0.01419,0.00867,-0.01220,0.00571,0.00384,1.48139,0.09695,3.27689
3.66,0,0,16.320103,-0.01677,0.00307,-0.02027,-0.01320,0.00785,-0.01227,0.00558,0.00352,1.48494,0.09663,3.27773
3.67,0,0,16.323396,-0.02665,0.00085,-0.01831,-0.01224,0.00850,-0.01254,0.00651,0.00327,1.48408,0.09663,3.27740
3.68,0,0,16.260296,-0.01751,0.00468,-0.01816,-0.00542,0.00736,-0.01256,0.00507,0.00148,1.48676,0.09714,3.27750
3.69,0,0,16.175096,-0.02642,0.00373,-0.02073,-0.01349,0.00916,-0.01265,0.00522,0.00288,1.48157,0.09814,3.27664
3.70,0,0,16.049761,-0.01153,0.00259,-0.02046,-0.01313,0.00796,-0.01201,0.00590,0.00325,1.48496,0.09787,3.27758
3.71,0,0,15.965636,-0.01698,0.00437,-0.02014,-0.01552,0.00888,-0.01133,0.00448,0.00161,1.48409,0.09800,3.27699
3.72,0,0,15.863807,-0.02084,0.00384,-0.02024,-0.01288,0.00827,-0.02842,0.00634,0.00335,1.48513,0.09765,3.27829
3.73,0,0,15.747888,-0.01773,0.00331,-0.02093,-0.01281,0.00899,-0.01356,0.00441,0.00183,1.48170,0.09776,3.27738
3.74,0,0,15.465895,-0.01548,0.00534,-0.02035,-0.01283,0.00802,-0.01240,0.00624,0.00257,1.48499,0.09808,3.27692
3.75,0,0,15.358866,-0.01884,0.00185,-0.02065,-0.01108,0.00831,-0.01255,0.00486,0.00204,1.48347,0.09869,3.27674
3.76,0,0,15.189614,-0.01923,0.00346,-0.02050,-0.01221,0.00763,-0.01321,0.00476,0.00211,1.48486,0.09834,3.27723
3.77,0,0,15.091526,-0.02053,0.00571,-0.02079,-0.01417,0.00849,-0.01198,0.00588,0.00320,1.48404,0.09867,3.27731
3.78,0,0,14.944000,-0.01816,0.00506,-0.01917,-0.01472,0.00804,-0.01853,0.00432,0.00128,1.48409,0.09852,3.27754
3.79,0,0,14.807040,-0.01755,0.00638,-0.01862,-0.01660,0.00737,-0.01181,0.00367,0.00175,1.48404,0.09880,3.27819
3.80,0,0,14.618299,-0.01810,0.00336,-0.01995,-0.01180,0.00914,-0.01189,0.00516,0.00137,1.48496,0.09866,3.27742
3.81,0,0,14.478929,-0.01803,0.00250,-0.02117,-0.01448,0.00866,-0.01164,0.00476,0.00665,1.48559,0.09855,3.27726
3.82,0,0,14.441183,-0.01414,0.00269,-0.02004,-0.01565,0.01439,-0.01268,0.00471,0.00250,1.48662,0.09756,3.27650
3.83,0,0,14.436756,-0.01634,0.00369,-0.02059,-0.01262,0.00824,-0.01207,0.00551,0.00209,1.48567,0.09730,3.27688
3.84,0,0,14.400590,-0.01778,0.00159,-0.01974,-0.01382,0.00814,-0.01286,0.00964,-0.00010,1.48366,0.09731,3.27752
3.85,0,1,14.361250,-0.01845,0.00297,-0.02058,-0.01182,0.00844,-0.01165,0.00626,0.00410,1.48317,0.09734,3.27703
3.86,0,0,14.352679,-0.01653,0.00327,-0.02178,-0.01349,0.00826,-0.01297,0.01730,0.00334,1.48513,0.09700,3.27784
3.87,0,0,14.799901,-0.01735,0.00229,-0.01993,-0.01349,0.00872,-0.01221,0.00539,0.00247,1.48510,0.09665,3.27727
3.88,0,0,15.592188,-0.01703,0.00344,-0.02083,-0.01373,0.00807,-0.01254,0.01093,-0.00749,1.48423,0.09613,3.27738
3.89,0,0,15.889334,-0.01745,0.00428,-0.01909,-0.01363,0.00810,-0.01356,-0.01722,0.00099,1.48499,0.09668,3.27642
3.90,0,0,16.003710,-0.01750,0.00338,-0.02205,-0.01398,0.00781,-0.01283,0.00673,-0.00027,1.48374,0.09761,3.27708
3.91,0,0,16.192801,-0.01509,0.00258,-0.02090,-0.01219,0.00803,-0.01289,0.00593,0.00275,1.48452,0.09843,3.27727
3.92,0,0,16.247993,-0.01834,0.00364,-0.02059,-0.01350,0.00839,-0.01182,0.01335,0.00182,1.48466,0.09841,3.27739
3.93,0,0,16.171807,-0.01833,0.00393,-0.02247,-0.01324,0.00853,-0.01277,0.03116,0.00209,1.48388,0.09839,3.27733
3.94,0,0,16.092120,-0.01871,0.00286,-0.02248,-0.01282,0.00761,-0.01112,0.00235,0.00334,1.48116,0.09709,3.27726
3.95,0,0,15.990201,-0.01797,0.00425,-0.02054,-0.01356,0.00879,-0.01204,0.04411,0.00076,1.44318,0.09708,3.27649
3.96,0,0,15.958545,-0.01832,0.00388,-0.01922,-0.01375,0.00876,-0.01209,-0.01461,0.00738,1.34179,0.09784,3.27693
3.97,0,0,15.918623,-0.01864,0.00402,-0.02177,-0.01420,0.00854,-0.01268,-0.01270,0.00317,1.19030,0.09695,3.27737
3.98,0,0,15.777551,-0.01829,0.00352,-0.02035,-0.01182,0.00762,-0.01292,0.01106,0.00717,0.99414,0.09801,3.27709
3.99,0,0,15.683073,-0.01712,0.00305,-0.02054,-0.01356,0.00814,-0.01339,-0.00780,0.00491,0.74206,0.09765,3.27724
4.00,0,0,15.577972,-0.02049,0.00305,-0.02149,-0.01403,0.00875,-0.01227,0.00500,0.00923,0.48583,0.09767,3.27648
4.01,1,0,15.551872,-0.01754,0.00286,-0.01981,-0.01374,0.00885,-0.01255,0.00431,0.00259,0.18339,0.09711,3.27725
4.02,0,0,15.450162,-0.01700,0.00327,-0.02019,-0.01409,0.00786,-0.01225,0.00502,0.00283,-0.10070,0.09603,3.27775
4.03,0,0,15.163150,-0.01876,0.00298,-0.01920,-0.01310,0.00789,-0.01161,0.00475,0.00209,-0.41336,0.09561,3.27813
4.04,0,0,14.773401,-0.02194,0.00378,-0.02021,-0.01343,0.00781,-0.01145,0.00491,0.00363,-0.67859,0.09585,3.27823
4.05,0,0,14.435805,-0.01685,0.00319,-0.02134,-0.01501,0.00885,-0.01052,0.00807,0.00265,-0.93380,0.09733,3.27734
4.06,0,0,14.061637,-0.01985,0.00421,-0.02073,-0.01318,0.00828,-0.01273,0.00600,0.00333,-1.15230,0.09842,3.27724
4.07,0,0,13.784296,-0.01655,0.00349,-0.01877,-0.00986,0.00898,-0.01243,0.00520,0.00192,-1.30663,0.09887,3.27717
4.08,0,0,13.675567,-0.01868,0.00394,-0.02043,-0.01518,0.00869,-0.01326,0.00434,0.00214,-1.42512,0.09941,3.27751
4.09,0,0,13.522892,-0.01754,0.00266,-0.02104,-0.01309,0.00822,-0.01218,0.00289,0.00317,-1.47264,0.09898,3.27710
4.10,0,0,13.423202,-0.01710,0.00629,-0.02018,-0.01613,0.00899,-0.01403,0.00436,0.00104,-1.47979,0.09850,3.27655
4.11,0,0,13.297901,-0.01756,0.00395,-0.02088,-0.01302,0.00839,-0.01211,0.00522,0.00226,-1.47780,0.09776,3.27591
4.12,0,0,13.197197,-0.01723,0.00617,-0.02135,-0.01586,0.00928,-0.01131,0.00509,0.00169,-1.48068,0.09763,3.27682
4.13,0,0,13.082682,-0.01680,0.00365,-0.02008,-0.01509,0.00876,-0.01346,0.00422,0.00230,-1.48099,0.09704,3.27711
4.14,0,0,12.950566,-0.01588,0.00322,-0.02048,-0.01443,0.00805,-0.01395,0.00425,0.00215,-1.48072,0.09680,3.27709
4.15,0,0,12.874392,-0.01846,0.00368,-0.02045,-0.01312,0.00879,-0.01238,0.00389,0.00196,-1.47964,0.09733,3.27753
4.16,0,0,12.712987,-0.01717,0.00295,-0.02053,-0.01382,0.00858,-0.01164,0.00581,0.00269,-1.47923,0.09743,3.27724
4.17,0,0,12.642218,-0.01608,0.00403,-0.02085,-0.01448,0.00864,-0.01336,0.00545,0.00424,-1.47906,0.09786,3.27739
4.18,0,0,12.481814,-0.02032,0.00613,-0.01995,-0.01342,0.00956,-0.01318,0.00367,0.00277,-1.47894,0.09816,3.27727
4.19,0,0,12.378542,-0.01634,0.00303,-0.02034,-0.01206,0.00757,-0.01169,0.00413,0.00310,-1.48064,0.09851,3.27682
4.20,0,0,12.242560,-0.01830,0.00468,-0.02003,-0.01376,0.00891,-0.01354,0.00605,0.00278,-1.47966,0.09805,3.27667
4.21,0,0,12.097607,-0.01588,0.00218,-0.02041,-0.01310,0.00907,-0.01193,0.00541,0.00388,-1.47879,0.09832,3.27679
4.22,0,0,11.969393,-0.01838,0.00576,-0.01978,-0.01358,0.00886,-0.01154,0.00790,0.00225,-1.48100,0.09822,3.27720
4.23,0,0,11.800074,-0.01693,0.00395,-0.01992,-0.01382,0.00809,-0.01169,0.00551,0.00204,-1.47916,0.09866,3.27761
4.24,0,0,11.716361,-0.01274,0.00308,-0.01980,-0.01381,0.00869,-0.01188,0.00537,0.00265,-1.47964,0.09834,3.27713
4.25,0,0,11.554488,-0.01795,0.00253,-0.02024,-0.01480,0.00799,-0.01100,0.00797,0.00295,-1.48008,0.09816,3.27699
4.26,0,0,11.524131,-0.01777,0.00342,-0.01989,-0.01285,0.00813,-0.01256,0.00524,0.00150,-1.48188,0.09781,3.27727
4.27,0,0,11.383125,-0.01688,0.00423,-0.01996,-0.01356,0.00840,-0.01330,-0.00121,0.00259,-1.47817,0.09822,3.27737
4.28,0,0,11.295171,-0.01745,0.00533,-0.01944,-0.01434,0.00940,-0.01251,0.00655,0.00176,-1.48037,0.09787,3.27730
4.29,0,0,11.122995,-0.01534,0.00451,-0.02016,-0.01342,0.00914,-0.01191,0.00570,0.00303,-1.48102,0.09784,3.27673
4.30,0,0,11.013849,-0.01488,0.00060,-0.01996,-0.01434,0.00858,-0.01266,0.00323,0.00198,-1.47933,0.09790,3.27736
4.31,0,0,10.907765,-0.01462,0.00425,-0.02130,-0.01483,0.00791,-0.01182,0.00448,0.00129,-1.47847,0.09773,3.27612
4.32,0,0,10.779348,-0.01830,0.00432,-0.02072,-0.01506,0.00850,-0.01179,0.00551,0.00342,-1.47827,0.09802,3.27717
4.33,0,0,10.674330,-0.01641,0.00202,-0.01834,-0.01333,0.00859,-0.01155,0.00895,0.00292,-1.47949,0.09801,3.27686
4.34,0,0,10.514663,-0.01899,0.00267,-0.02151,-0.01395,0.00804,-0.01058,0.00724,0.00291,-1.47870,0.09834,3.27736
4.35,0,0,10.373677,-0.01778,0.00289,-0.02090,-0.01329,0.00915,-0.01263,0.00512,0.00189,-1.47978,0.09814,3.27737
4.36,0,0,10.254610,-0.01403,0.00296,-0.01931,-0.01030,0.01352,-0.01379,0.00500,0.00353,-1.48068,0.09802,3.27679
4.37,0,0,10.375606,-0.01664,0.00282,-0.02002,-0.01230,0.00880,-0.01097,0.00505,0.00311,-1.48013,0.09753,3.27701
4.38,0,0,10.326661,-0.01823,0.00421,-0.02012,-0.01344,0.00839,-0.01155,0.00441,0.00187,-1.48130,0.09806,3.27644
4.39,0,0,10.278152,-0.01768,0.00272,-0.02082,-0.01307,0.00823,-0.01342,0.00536,0.00254,-1.48262,0.09742,3.27673
4.40,0,0,10.176567,-0.01671,0.00440,-0.02085,-0.01367,0.00857,-0.01234,0.00471,0.00222,-1.47828,0.09752,3.27840
4.41,0,0,10.073525,-0.01774,0.00324,-0.02006,-0.01456,0.00858,-0.01356,0.00643,0.00420,-1.47638,0.09702,3.27672
4.42,0,0,9.986389,-0.02065,0.00009,-0.02166,-0.01747,0.00848,-0.01205,0.01003,-0.01407,-1.47946,0.09652,3.27662
4.43,0,0,9.863153,-0.01677,0.00094,-0.02876,-0.01273,0.00800,-0.01273,-0.00573,0.00982,-1.48015,0.09685,3.27630
4.44,0,1,9.801677,-0.01777,0.00572,-0.02238,-0.01294,0.00800,-0.01309,-0.00144,0.00059,-1.48080,0.09686,3.27709
4.45,0,0,9.864538,-0.01973,0.00381,-0.02006,-0.01313,0.00883,-0.01241,0.04548,0.00215,-1.47815,0.09624,3.27785
4.46,0,0,10.312594,-0.00866,0.00078,-0.01923,-0.01293,0.00925,-0.01255,0.02008,0.00269,-1.47891,0.09579,3.27725
4.47,0,0,10.767552,-0.01718,0.00291,-0.02359,-0.01335,0.00852,-0.01175,-0.01260,0.00033,-1.47741,0.09656,3.27686
4.48,0,0,11.092903,-0.01813,0.00371,-0.01733,-0.01281,0.00907,-0.01191,0.01160,0.00611,-1.48112,0.09783,3.27692
4.49,0,0,11.157506,-0.01609,0.00365,-0.02671,-0.01365,0.00894,-0.01180,-0.01729,-0.04294,-1.48160,0.09881,3.27689
4.50,0,0,11.369985,-0.01687,0.00432,-0.01875,-0.01464,0.00844,-0.01141,0.01234,-0.02095,-1.47874,0.09772,3.27748
4.51,0,0,11.954461,-0.02257,0.00311,-0.02050,-0.01406,0.00879,-0.01288,0.00556,0.00241,-1.48054,0.09695,3.27727
4.52,0,0,12.420290,-0.01781,0.00471,-0.02016,-0.01356,0.00791,-0.01140,-0.00287,0.00327,-1.47649,0.09734,3.27735
4.53,0,0,12.742636,-0.02003,0.00471,-0.01820,-0.01321,0.00849,-0.01133,-0.00391,0.00294,-1.48159,0.09738,3.27768
4.54,1,0,13.009483,-0.01728,0.00445,-0.02049,-0.01282,0.00793,-0.01170,0.00402,0.00267,-1.47783,0.09779,3.27690
4.55,0,0,13.044533,-0.01725,0.00467,-0.02053,-0.01375,0.00883,-0.01146,0.00399,0.00275,-1.48115,0.09813,3.27743
4.56,0,0,12.943900,-0.01669,0.00216,-0.02024,-0.01114,0.00728,-0.01173,0.00286,0.00189,-1.47976,0.09848,3.27717
4.57,0,0,12.721095,-0.01791,0.00384,-0.02024,-0.01319,0.00811,-0.01196,0.00590,0.00231,-1.47939,0.09828,3.27710
4.58,0,0,12.607921,-0.01837,0.00346,-0.01926,-0.01281,0.00800,-0.01124,0.00520,0.00284,-1.48358,0.09834,3.27705
4.59,0,0,12.472002,-0.01778,0.00307,-0.02068,-0.01519,0.00862,-0.01223,0.00371,0.00269,-1.48251,0.09779,3.27787
4.60,0,0,12.378766,-0.01838,0.00311,-0.01873,-0.01331,0.00728,-0.01297,0.00610,0.00245,-1.47860,0.09746,3.27751
4.61,0,0,12.249110,-0.01122,0.00402,-0.02053,-0.01452,0.00779,-0.01258,0.00546,0.00253,-1.48112,0.09715,3.27708
4.62,0,0,12.182370,-0.01190,0.00320,-0.02098,-0.01229,0.00872,-0.01231,0.00529,0.00213,-1.47880,0.09630,3.27751
4.63,0,0,12.038951,-0.01931,0.00267,-0.01973,-0.01076,0.00908,-0.01257,0.00439,0.00223,-1.48101,0.09614,3.27551
4.64,0,0,11.868429,-0.02110,0.00412,-0.01982,-0.01326,0.00817,-0.01177,0.00541,0.00338,-1.48058,0.09704,3.27700
4.65,0,0,11.731827,-0.01873,0.00222,-0.02129,-0.01215,0.00818,-0.01108,0.00533,0.00325,-1.47905,0.09718,3.27733
4.66,0,0,11.633579,-0.01745,0.00456,-0.02040,-0.01163,0.00843,-0.01282,0.00446,0.00305,-1.48296,0.09703,3.27687
4.67,0,0,11.550927,-0.01794,0.00255,-0.02064,-0.01357,0.00877,-0.01195,0.00655,0.00270,-1.47653,0.09707,3.27772
4.68,0,0,11.429647,-0.01890,0.00220,-0.02047,-0.01372,0.00815,-0.01273,0.00538,0.00239,-1.47887,0.09683,3.27709
4.69,0,0,11.262778,-0.01584,0.00551,-0.02236,-0.01976,0.00905,-0.01331,0.00376,0.00142,-1.47932,0.09634,3.27744
4.70,0,0,11.154609,-0.01728,0.00482,-0.02077,-0.01214,0.00825,-0.01220,0.00490,0.00248,-1.48071,0.09668,3.27730
4.71,0,0,11.058792,-0.01701,0.00604,-0.02090,-0.01624,0.00818,-0.01190,0.00594,0.00315,-1.48013,0.09711,3.27683
4.72,0,0,10.990791,-0.01575,0.00341,-0.02029,-0.01161,0.00836,-0.01278,0.00607,0.00315,-1.48040,0.09677,3.27708
4.73,0,0,10.917682,-0.01824,0.00258,-0.02029,-0.01235,0.00874,-0.01360,0.00520,0.00319,-1.48098,0.09674,3.27696
4.74,0,0,10.782506,-0.01512,0.00323,-0.02141,-0.01431,0.00809,-0.01338,0.00463,0.00135,-1.48156,0.09666,3.27669
4.75,0,0,10.731280,-0.01794,0.00480,-0.02008,-0.01225,0.00843,-0.01338,0.00456,0.00217,-1.47933,0.09649,3.27748
4.76,0,0,10.646936,-0.01797,0.00347,-0.02023,-0.01370,0.00769,-0.01174,0.00422,0.00239,-1.47904,0.09725,3.27748
4.77,0,0,10.524613,-0.01717,0.00445,-0.02047,-0.01389,0.00843,-0.01245,0.01847,0.00681,-1.48070,0.09747,3.27808
4.78,0,0,10.465106,-0.01808,0.00351,-0.01943,-0.01135,0.00813,-0.01277,0.00478,0.00220,-1.48116,0.09684,3.27715
4.79,0,1,10.331095,-0.01664,0.00600,-0.02085,-0.01515,0.00914,-0.01198,0.02908,0.00309,-1.48162,0.09624,3.27764
4.80,0,0,10.363249,-0.01809,0.00847,-0.01568,-0.01267,0.00793,-0.01161,0.03712,0.00214,-1.48113,0.09601,3.27800
4.81,0,0,10.676729,-0.02009,0.01186,-0.02260,-0.01539,0.00866,-0.01168,0.00668,-0.00364,-1.48040,0.09652,3.27676
4.82,0,0,11.192986,-0.02166,0.00391,-0.02227,-0.01357,0.00777,-0.01187,-0.00490,-0.00206,-1.47877,0.09741,3.27708
4.83,0,0,11.512194,-0.01727,0.00333,-0.01991,-0.01282,0.00759,-0.01277,0.01875,0.00388,-1.47938,0.09810,3.27726
4.84,0,0,11.866194,-0.01689,0.00350,-0.01951,-0.01352,0.00909,-0.01168,0.00237,0.00355,-1.48041,0.09736,3.27709
4.85,0,0,12.188238,-0.01769,0.00546,-0.02037,-0.01220,0.00708,-0.01318,0.00498,-0.00778,-1.47860,0.09703,3.27719
4.86,0,0,12.484372,-0.01802,0.00358,-0.02014,-0.01371,0.00818,-0.01292,0.00440,0.00296,-1.48217,0.09708,3.27652
4.87,0,0,12.756070,-0.01795,0.00400,-0.02194,-0.01376,0.00748,-0.01167,0.04958,-0.00283,-1.48026,0.09674,3.27673
4.88,0,0,12.998511,-0.01953,0.00329,-0.02013,-0.01392,0.00868,-0.01287,-0.01487,0.00074,-1.47966,0.09702,3.27699
4.89,0,0,13.256418,-0.01716,0.00315,-0.02143,-0.01312,0.00850,-0.01282,0.00526,0.00181,-1.47890,0.09686,3.27722
4.90,0,0,13.504134,-0.01768,0.00381,-0.02010,-0.01394,0.00988,-0.01256,0.00607,0.00361,-1.48344,0.09652,3.27728
4.91,0,0,14.022276,-0.01795,0.00356,-0.02128,-0.01370,0.00785,-0.01180,0.00609,0.00183,-1.47950,0.09652,3.27696
4.92,1,0,14.018766,-0.01614,0.00366,-0.02106,-0.01295,0.00870,-0.01216,0.00715,0.00355,-1.48084,0.09721,3.27718
4.93,0,0,13.900669,-0.01981,0.00333,-0.01995,-0.01483,0.00880,-0.01254,0.00585,0.00247,-1.48119,0.09744,3.27684
4.94,0,0,13.707644,-0.01279,0.00466,-0.01986,-0.01628,0.00841,-0.01133,0.00532,0.00256,-1.48205,0.09835,3.27726
4.95,0,0,13.600739,-0.01616,0.00303,-0.02119,-0.01259,0.00921,-0.01302,0.00598,0.00245,-1.48146,0.09849,3.27689
4.96,0,0,13.525159,-0.01777,0.00386,-0.01955,-0.01383,0.00818,-0.01125,0.00880,0.00250,-1.48059,0.09854,3.27720
4.97,0,0,13.404925,-0.01820,0.00377,-0.01920,-0.01321,0.00984,-0.01298,0.00460,0.00275,-1.48487,0.09749,3.27684
4.98,0,0,13.278323,-0.01570,0.00257,-0.01933,-0.01398,0.00831,-0.01216,0.00546,0.00313,-1.47892,0.09726,3.27728
4.99,0,0,13.160287,-0.01613,0.00322,-0.01989,-0.01546,0.00737,-0.01132,0.00554,0.00250,-1.47831,0.09691,3.27676
5.00,0,0,12.918218,-0.01970,0.00406,-0.02020,-0.01442,0.00776,-0.01240,0.00536,0.00220,-1.47953,0.09678,3.27704
5.01,0,0,12.879191,-0.01939,0.00312,-0.01991,-0.01305,0.00883,-0.01255,0.00512,0.00281,-1.47996,0.09708,3.27758
5.02,0,0,12.733381,-0.01931,0.00270,-0.02033,-0.01194,0.00854,-0.01159,0.00641,0.00195,-1.48013,0.09703,3.27697
5.03,0,0,12.631381,-0.01827,0.00939,-0.02144,-0.01675,0.00892,-0.01122,0.00569,0.00265,-1.47981,0.09670,3.27723
5.04,0,0,12.446609,-0.01609,0.00236,-0.01961,-0.01533,0.00906,-0.01283,0.00532,0.00175,-1.47948,0.09732,3.27768
5.05,0,0,12.441962,-0.01621,0.00235,-0.01952,-0.01245,0.00863,-0.01206,0.00576,0.00338,-1.48013,0.09714,3.27654
5.06,0,0,12.336213,-0.02346,0.00087,-0.01998,-0.01266,0.00839,-0.01287,0.00573,0.00287,-1.48101,0.09627,3.27726
5.07,0,0,12.117364,-0.01587,0.00151,-0.02005,-0.01257,0.00996,-0.01160,0.01099,0.00172,-1.48204,0.09582,3.27686
5.08,0,0,12.040403,-0.01749,0.00359,-0.02060,-0.01227,0.00816,-0.01164,0.00500,0.00246,-1.48400,0.09618,3.27726
5.09,0,0,11.924635,-0.01835,0.00353,-0.02037,-0.01379,0.00746,-0.01161,0.00409,0.00161,-1.47936,0.09647,3.27682
5.10,0,0,11.784861,-0.01783,0.00442,-0.01997,-0.01381,0.00797,-0.01256,0.00522,0.00233,-1.47833,0.09632,3.27683
5.11,0,0,11.646765,-0.01675,0.00445,-0.01997,-0.01188,0.00834,-0.01268,0.00515,0.00333,-1.47856,0.09671,3.27674
5.12,0,0,11.565960,-0.01979,0.00300,-0.02061,-0.01288,0.00842,-0.01133,0.00417,0.00253,-1.48114,0.09737,3.27733
5.13,0,0,11.435792,-0.01784,0.00480,-0.01985,-0.01530,0.00904,-0.01414,0.00431,0.00225,-1.48007,0.09763,3.27807
5.14,0,0,11.316532,-0.01826,0.00358,-0.02120,-0.01360,0.00798,-0.01111,0.00359,0.00162,-1.47999,0.09771,3.27704
5.15,0,0,11.245784,-0.01696,0.00403,-0.02018,-0.02346,0.00909,-0.01227,-0.01483,0.00098,-1.47932,0.09680,3.27679
5.16,0,0,11.159402,-0.01743,0.00393,-0.02066,-0.01393,0.00814,-0.01127,0.02418,0.00372,-1.45266,0.09697,3.27668
5.17,0,0,11.078511,-0.02483,0.00326,-0.02079,-0.00818,0.00787,-0.01160,0.00639,0.00212,-1.36422,0.09830,3.27700
5.18,0,1,11.041993,-0.01522,-0.00297,-0.02006,-0.01190,0.00817,-0.01236,0.00456,-0.00681,-1.22536,0.09949,3.27768
5.19,0,0,10.990320,-0.01816,-0.00021,-0.01969,-0.01229,0.00876,-0.01155,0.00563,0.00297,-1.02752,0.09885,3.27738
5.20,0,0,11.077501,-0.01651,0.00663,-0.02290,-0.01221,0.00841,-0.01290,-0.00791,-0.00117,-0.80522,0.09814,3.27649
5.21,0,0,11.573199,-0.01733,0.00509,-0.02165,-0.01176,0.00844,-0.01256,0.00754,0.00084,-0.52980,0.09699,3.27638
5.22,1,0,12.073669,-0.01412,0.00316,-0.01939,-0.01100,0.00797,-0.01255,0.00263,0.00282,-0.25504,0.09736,3.27691
5.23,0,0,11.813594,-0.01388,0.00546,-0.01905,-0.01417,0.00796,-0.01107,0.00407,0.00271,0.05076,0.09841,3.27764
5.24,0,0,11.988769,-0.01732,0.00241,-0.01896,-0.01359,0.00811,-0.01379,0.00432,0.00256,0.33416,0.09910,3.27746
5.25,0,0,11.892197,-0.01670,0.00430,-0.02119,-0.01469,0.01026,-0.01230,0.00382,0.00194,0.63121,0.09803,3.27687
5.26,0,0,11.866354,-0.01766,0.00435,-0.02017,-0.01403,0.00933,-0.01351,0.00758,0.00255,0.86658,0.09705,3.27741
5.27,0,0,11.729730,-0.01817,0.00357,-0.02201,-0.01308,0.00756,-0.01145,0.00427,0.00166,1.08718,0.09687,3.27700
5.28,0,0,11.768968,-0.01716,0.00415,-0.02026,-0.01377,0.00752,-0.01312,0.00580,0.00288,1.27307,0.09728,3.27730
5.29,0,0,11.634572,-0.01865,0.00107,-0.02149,-0.01414,0.00888,-0.01294,0.00610,0.00127,1.39608,0.09932,3.27775
5.30,0,0,11.555835,-0.01802,0.00410,-0.01907,-0.01424,0.00896,-0.01168,0.00495,0.00283,1.46653,0.09999,3.27666
5.31,0,0,11.320232,-0.01632,0.00444,-0.02035,-0.01418,0.00783,-0.01328,0.03448,0.00211,1.48363,0.09943,3.27733
5.32,0,0,11.197421,-0.01783,0.00355,-0.02025,-0.01419,0.00832,-0.01022,0.00429,0.00264,1.48423,0.09917,3.27681
5.33,0,0,11.089246,-0.01791,0.00425,-0.02079,-0.01168,0.00846,-0.01224,0.00937,0.00228,1.48473,0.10013,3.27719
5.34,0,0,11.012642,-0.01891,0.00168,-0.02094,-0.01355,0.00781,-0.01268,-0.00886,0.00281,1.48082,0.10042,3.27683
5.35,0,0,11.213771,-0.01555,0.00331,-0.02294,-0.01434,0.00813,-0.01282,-0.01234,0.00231,1.48345,0.10024,3.27665
5.36,0,0,11.045878,-0.01774,0.00438,-0.01957,-0.01350,0.00833,-0.01277,0.00617,0.00148,1.47510,0.09969,3.27707
5.37,0,0,11.189591,-0.01802,0.00335,-0.01880,-0.01320,0.00837,-0.01279,0.00593,-0.00414,1.48360,0.09918,3.27674
5.38,0,0,11.074579,-0.01930,0.00469,-0.01823,-0.01296,0.00847,-0.01231,0.00989,0.00206,1.48166,0.09840,3.27657
5.39,0,0,10.801355,-0.01670,0.00317,-0.01941,-0.01512,0.00832,-0.01140,0.00562,0.00247,1.48466,0.09884,3.27740
5.40,0,0,10.588960,-0.01965,0.00410,-0.01968,-0.01638,0.00797,-0.01340,0.00617,0.00197,1.48557,0.09886,3.27744
5.41,0,0,10.495997,-0.01887,0.00399,-0.01972,-0.01335,0.00850,-0.01108,0.00743,0.00325,1.48500,0.09875,3.27724
5.42,0,0,10.333413,-0.01647,0.00375,-0.02027,-0.01389,0.00980,-0.01186,0.00504,0.00225,1.48342,0.09782,3.27682
5.43,0,0,10.273557,-0.01809,0.00372,-0.02178,-0.01503,0.00957,-0.01215,0.00449,0.00179,1.48425,0.09716,3.27678
5.44,0,0,10.141554,-0.01634,0.00272,-0.02071,-0.01346,0.00940,-0.01323,-0.00040,0.00330,1.48273,0.09722,3.27699
5.45,0,0,10.048293,-0.01478,0.00307,-0.01946,-0.01345,0.00798,-0.01166,0.00184,0.00261,1.48379,0.09819,3.27698
5.46,0,0,9.930088,-0.01738,0.00385,-0.02058,-0.01266,0.00782,-0.01152,0.00427,0.00259,1.48512,0.09815,3.27727
5.47,0,0,9.832169,-0.01713,0.00530,-0.02064,-0.01462,0.00853,-0.01312,0.00522,0.00263,1.48476,0.09709,3.27678
5.48,0,0,9.692040,-0.01620,0.00946,-0.02050,-0.01743,0.00871,-0.01334,0.00312,0.00006,1.48377,0.09674,3.27709
5.49,0,0,9.604236,-0.01352,0.00314,-0.02039,-0.01256,0.00738,-0.01216,-0.00401,0.00305,1.48019,0.09650,3.27658
5.50,0,0,9.540643,-0.01845,0.00464,-0.02035,-0.01376,0.00946,-0.01191,-0.03356,-0.04076,1.48575,0.09632,3.27693
5.51,0,1,9.474842,-0.01620,0.00616,0.00319,-0.01570,0.00872,-0.01255,-0.00237,0.00248,1.48379,0.09713,3.27734
5.52,0,0,9.609867,-0.01770,0.00278,-0.02270,-0.01453,0.00851,-0.01125,0.00475,0.00011,1.48348,0.09730,3.27684
5.53,0,0,10.180231,-0.01725,0.00481,-0.02058,-0.01316,0.00804,-0.01171,0.02466,0.00133,1.48436,0.09705,3.27690
5.54,0,0,10.407362,-0.01733,0.00434,-0.01997,-0.01381,0.00855,-0.01308,-0.00761,0.00334,1.48521,0.09760,3.27656
5.55,0,0,10.424125,-0.01749,0.00309,-0.02184,-0.01382,0.00869,-0.01220,0.00480,0.00213,1.48460,0.09669,3.27668
5.56,0,0,10.458320,-0.01877,0.00423,-0.01860,-0.01417,0.00851,-0.01257,0.00092,0.00073,1.48379,0.09673,3.27727
5.57,0,0,10.588262,-0.01680,0.00297,-0.02005,-0.01454,0.00795,-0.01084,0.00017,0.00288,1.48423,0.09795,3.27708
5.58,0,0,10.669038,-0.01774,0.00450,-0.02098,-0.01401,0.00782,-0.01235,0.00229,0.00233,1.48307,0.09861,3.27744
5.59,0,0,10.508016,-0.01806,0.00264,-0.02160,-0.01483,0.00923,-0.01349,0.00629,0.00184,1.48228,0.09840,3.27739
5.60,1,0,10.685113,-0.01563,0.00323,-0.02157,-0.01249,0.00912,-0.01215,0.00683,0.00353,1.48436,0.09725,3.27684
5.61,0,0,10.489644,-0.01759,0.00413,-0.01894,-0.01372,0.00837,-0.01290,0.00492,0.00104,1.48450,0.09655,3.27702
5.62,0,0,10.273333,-0.01813,0.00278,-0.02141,-0.01283,0.00749,-0.01154,0.00430,0.00225,1.48558,0.09670,3.27709
5.63,0,0,10.166280,-0.01115,0.00504,-0.02160,-0.01442,0.00919,-0.01229,0.00541,0.00314,1.48530,0.09666,3.27704
5.64,0,0,10.041676,-0.01765,0.00397,-0.01961,-0.01232,0.00907,-0.01286,0.00667,0.00286,1.48351,0.09722,3.27776
5.65,0,0,9.931168,-0.01716,0.00337,-0.02022,-0.01348,0.00822,-0.01210,0.00432,0.00201,1.48302,0.09693,3.27771
5.66,0,0,9.808887,-0.01753,0.00220,-0.02105,-0.01136,0.00754,-0.01351,0.00434,0.00221,1.48419,0.09637,3.27662
5.67,0,0,9.704967,-0.01726,0.00460,-0.02074,-0.01463,0.00858,-0.01287,0.01480,0.00209,1.48600,0.09676,3.27781
5.68,0,0,9.581623,-0.01831,0.00563,-0.02018,-0.01456,0.00808,-0.01200,0.00773,0.00249,1.48566,0.09724,3.27680
5.69,0,0,9.463297,-0.01636,0.00270,-0.02187,-0.01390,0.00868,-0.01257,0.00498,0.00284,1.48440,0.09703,3.27781
5.70,0,0,9.366077,-0.01959,0.00370,-0.01962,-0.01396,0.00859,-0.01123,0.00685,0.00244,1.48602,0.09728,3.27740
5.71,0,0,9.218022,-0.01747,0.00449,-0.02083,-0.01459,0.00777,-0.01177,0.00544,0.00278,1.48604,0.09706,3.27681
5.72,0,0,9.071819,-0.01459,0.00430,-0.02083,-0.01411,0.00799,-0.01201,0.00495,0.00315,1.48555,0.09663,3.27708
5.73,0,0,8.972024,-0.01821,0.00095,-0.02161,-0.01243,0.00795,-0.01221,0.00370,0.00304,1.48526,0.09702,3.27730
5.74,0,0,8.853297,-0.01355,0.00413,-0.02150,-0.01525,0.00876,-0.01079,0.00488,0.00231,1.48258,0.09716,3.27651
5.75,0,0,8.770168,-0.01674,0.00310,-0.02048,-0.01353,0.00778,-0.01115,0.00559,0.00231,1.48557,0.09750,3.27709
5.76,0,0,8.652124,-0.01730,0.00313,-0.02031,-0.01380,0.00884,-0.01182,0.00486,0.00261,1.48468,0.09774,3.27677
5.77,0,0,8.506590,-0.01356,0.00228,-0.02183,-0.01457,0.00789,-0.01118,0.00429,0.00283,1.48438,0.09748,3.27636
5.78,0,0,8.439283,-0.01423,0.00370,-0.02066,-0.01410,0.00793,-0.01166,0.00464,0.00276,1.48453,0.09819,3.27729
5.79,0,0,8.281030,-0.01945,0.00493,-0.02000,-0.01261,0.00791,-0.01251,0.00509,0.00204,1.48676,0.09859,3.27789
5.80,0,0,8.170461,-0.01794,0.00340,-0.02054,-0.01382,0.00841,-0.01221,0.00441,0.00223,1.48333,0.09900,3.27711
5.81,0,0,8.087451,-0.01780,0.00358,-0.02113,-0.01371,0.00769,-0.01097,0.00468,0.00225,1.48502,0.09838,3.27694
5.82,0,0,7.978147,-0.01715,0.00534,-0.02151,-0.01490,0.00759,-0.01161,0.00597,0.00859,1.48270,0.09803,3.27733
5.83,0,0,7.856621,-0.01856,0.00500,-0.02004,-0.01266,0.00826,-0.01149,0.00561,0.00275,1.48593,0.09726,3.27784
5.84,0,0,7.750914,-0.01715,0.00178,-0.02039,-0.01245,0.00748,-0.01258,0.00675,0.00294,1.48270,0.09736,3.27701
5.85,0,0,7.573132,-0.01516,0.00304,-0.01906,-0.01375,0.00885,-0.01179,0.00544,0.00259,1.48496,0.09793,3.27725
5.86,0,0,7.455497,-0.01777,0.00378,-0.02077,-0.01350,0.00753,-0.01322,0.00459,0.00043,1.48290,0.09876,3.27718
5.87,0,1,7.372785,-0.02124,0.00360,-0.01974,-0.01427,0.00860,-0.01145,0.02522,0.00162,1.48509,0.09838,3.27737
5.88,0,0,7.333062,-0.01796,0.00101,-0.02018,-0.01533,0.00799,-0.01204,0.00319,0.00320,1.48379,0.09832,3.27742
5.89,0,0,7.377554,-0.00412,0.00764,-0.02174,-0.01198,0.00797,-0.01136,0.01657,0.00215,1.48527,0.09755,3.27722
5.90,0,0,7.617707,-0.01317,0.00221,-0.02125,-0.01495,0.00867,-0.01196,0.00286,0.00302,1.48633,0.09749,3.27696
5.91,0,0,8.028756,-0.01751,0.00954,-0.02228,-0.01534,0.00839,-0.01238,0.00546,0.00152,1.48407,0.09787,3.27682
5.92,0,0,8.361359,-0.02403,0.00363,-0.02007,-0.01421,0.00797,-0.01166,-0.00306,0.00094,1.48394,0.09818,3.27704
5.93,0,0,8.720303,-0.02006,0.00052,-0.02088,-0.01360,0.00740,-0.01271,0.01058,0.00196,1.48351,0.09837,3.27700
5.94,0,0,8.988619,-0.01705,0.00517,-0.01905,-0.01207,0.00903,-0.01270,-0.00923,0.00220,1.48361,0.09871,3.27798
5.95,0,0,9.223398,-0.01801,0.00371,-0.02049,-0.01262,0.00884,-0.01181,-0.02361,0.00156,1.48292,0.09826,3.27770
5.96,0,0,9.520777,-0.01705,0.00421,-0.02005,-0.01402,0.00831,-0.01343,0.00594,0.00329,1.48452,0.09800,3.27665
5.97,0,0,9.783732,-0.01716,0.00323,-0.01986,-0.01385,0.00881,-0.01298,-0.01317,-0.00038,1.48376,0.09737,3.27757
5.98,0,0,10.064038,-0.01782,0.00381,-0.02269,-0.01361,0.00675,-0.01241,-0.01111,-0.00289,1.48548,0.09712,3.27707
5.99,0,0,10.373571,-0.01820,0.00349,-0.02079,-0.01396,0.00846,-0.01205,0.00585,0.00251,1.48544,0.09799,3.27690
6.00,0,0,10.734196,-0.01760,0.00305,-0.02000,-0.01412,0.00835,-0.01156,0.00524,0.00269,1.48600,0.09121,3.27698
6.01,0,0,11.130793,-0.01705,0.00379,-0.02019,-0.01384,0.00739,-0.01251,0.04272,0.00290,1.48494,0.09799,3.27718
6.02,1,0,11.412954,-0.01737,0.00434,-0.02177,-0.01310,0.00952,-0.01307,0.00592,0.00286,1.48406,0.10258,3.27626
6.03,0,0,11.328224,-0.01641,0.00416,-0.02021,-0.01328,0.00813,-0.01410,0.00543,0.00137,1.48230,0.10057,3.27631
6.04,0,0,11.158613,-0.01508,0.00226,-0.01906,-0.01313,0.00885,-0.01342,0.00002,0.00198,1.48484,0.09753,3.27710
6.05,0,0,11.060034,-0.02089,0.00238,-0.01997,-0.01060,0.00902,-0.01123,0.00616,0.00166,1.48765,0.09592,3.27722
6.06,0,0,10.964763,-0.02191,0.00479,-0.02073,-0.01782,0.01616,-0.01162,0.00571,0.00338,1.48555,0.09624,3.27707
6.07,0,0,10.838859,-0.01812,0.00309,-0.02115,-0.01489,0.00825,-0.01177,0.00651,0.00205,1.48722,0.09640,3.27763
6.08,0,0,10.588748,-0.01709,0.00411,-0.02035,-0.01614,0.00908,-0.01089,0.00483,0.00376,1.48149,0.09645,3.27696
6.09,0,0,10.546935,-0.01744,0.00453,-0.01854,-0.01161,0.00868,-0.01113,0.00481,0.00320,1.48259,0.09686,3.27750
6.10,0,0,10.397863,-0.01754,0.00654,-0.02083,-0.01684,0.00735,-0.01179,0.00374,0.00221,1.48393,0.09692,3.27682
6.11,0,0,10.284827,-0.01810,0.00383,-0.02040,-0.01145,0.00815,-0.01196,0.00583,0.00290,1.48363,0.09595,3.27682
6.12,0,0,10.223476,-0.01696,0.00267,-0.02056,-0.01198,0.00872,-0.01323,0.00643,0.00200,1.48525,0.09564,3.27678
6.13,0,0,10.132988,-0.01756,0.00541,-0.02034,-0.01364,0.00813,-0.01315,0.00599,0.00253,1.48517,0.09641,3.27699
6.14,0,0,10.037794,-0.00969,0.00044,-0.02194,-0.01182,0.00775,-0.01169,0.00536,0.00331,1.48524,0.09715,3.27751
6.15,0,0,9.972278,-0.01660,0.00255,-0.02111,-0.01379,0.00830,-0.01202,0.00453,0.00258,1.48480,0.09847,3.27671
6.16,0,0,9.904620,-0.01697,0.00308,-0.02101,-0.01431,0.00843,-0.01329,0.00502,0.00234,1.48601,0.09886,3.27723
6.17,0,0,9.884979,-0.01789,0.00223,-0.01955,-0.01329,0.00956,-0.01294,-0.00386,0.01791,1.48484,0.09924,3.27716
6.18,0,0,11.834633,-0.01934,0.00633,-0.01728,-0.01646,0.00736,-0.01255,0.01796,0.00197,1.48738,0.09926,3.27770
6.19,0,1,9.609635,-0.01116,0.00346,-0.02035,-0.01348,0.00788,-0.01202,0.00475,0.00210,1.48452,0.09836,3.27703
6.20,0,0,10.235075,-0.02129,0.00573,-0.01522,-0.01310,0.00838,-0.01339,0.03759,-0.00244,1.48501,0.09859,3.27767
6.21,0,0,10.996538,-0.01935,0.00352,-0.02013,-0.01450,0.00891,-0.01394,0.01530,0.00991,1.47508,0.09833,3.27686
6.22,0,0,11.260017,-0.02059,0.00292,-0.02200,-0.01424,0.00904,-0.01185,0.01852,0.00210,1.48377,0.09826,3.27715
6.23,0,0,11.571894,-0.01838,0.00508,-0.01946,-0.01367,0.00788,-0.01307,0.03466,0.00204,1.48555,0.09694,3.27683
6.24,0,0,11.799359,-0.01961,0.00287,-0.01835,-0.01342,0.00818,-0.01255,0.00779,0.00133,1.48307,0.09642,3.27682
6.25,0,0,11.917028,-0.01824,0.00427,-0.02010,-0.01461,0.00847,-0.01216,0.02611,0.00340,1.48363,0.09644,3.27713
6.26,0,0,11.961074,-0.01798,0.00425,-0.02184,-0.01358,0.00912,-0.01302,-0.01016,0.00339,1.48455,0.09700,3.27682
6.27,0,0,12.029265,-0.01763,0.00386,-0.01824,-0.01364,0.00848,-0.01163,0.00865,0.00090,1.48422,0.09664,3.27718
6.28,0,0,12.089564,-0.01688,0.00272,-0.02108,-0.01334,0.00825,-0.01248,0.04070,0.00219,1.48257,0.09646,3.27715
6.29,0,0,12.226505,-0.01515,0.00292,-0.02054,-0.01320,0.00852,-0.01152,0.00895,0.00405,1.48349,0.09620,3.27735
6.30,0,0,12.425065,-0.01835,0.00388,-0.02053,-0.01445,0.00832,-0.01252,0.00527,0.00352,1.48523,0.09643,3.27641
6.31,0,0,12.674039,-0.01765,0.00268,-0.01904,-0.01301,0.00811,-0.01226,0.00610,0.00137,1.48497,0.09661,3.27744
6.32,0,0,12.981658,-0.01976,0.00260,-0.02227,-0.01371,0.00867,-0.01241,0.00449,0.00264,1.47884,0.09697,3.27717
6.33,0,0,12.979480,-0.01777,0.00443,-0.02098,-0.01418,0.00781,-0.01191,0.00149,0.00297,1.48362,0.09671,3.27700
6.34,1,0,12.992673,-0.01687,0.00465,-0.01979,-0.01413,0.00734,-0.01207,0.00340,0.00275,1.48394,0.09583,3.27726
6.35,0,0,13.125419,-0.01867,0.00320,-0.01988,-0.01342,0.00842,-0.01177,0.00541,0.00284,1.48454,0.09478,3.27795
6.36,0,0,12.927855,-0.01875,0.00369,-0.02008,-0.01248,0.00805,-0.01204,0.00517,0.00284,1.48404,0.09437,3.27731
6.37,0,0,12.799040,-0.01541,0.00479,-0.02002,-0.01496,0.00815,-0.01229,0.00468,0.00250,1.48246,0.09413,3.27685
6.38,0,0,12.677115,-0.01821,0.00465,-0.02145,-0.01297,0.00841,-0.01302,0.00509,0.00313,1.48347,0.09382,3.27754
6.39,0,0,12.566872,-0.01993,0.00430,-0.02151,-0.01404,0.00879,-0.01085,0.00500,0.00137,1.48483,0.09374,3.27784
6.40,0,0,12.454932,-0.01483,0.00331,-0.01992,-0.01300,0.00777,-0.01223,0.00434,0.00137,1.48289,0.09404,3.27741
6.41,0,0,12.226895,-0.01412,0.00383,-0.02080,-0.01465,0.00807,-0.01204,0.00578,0.00256,1.48556,0.09489,3.27683
6.42,0,0,12.257370,-0.01001,0.00505,-0.02155,-0.01438,0.00801,-0.01207,0.00422,0.00255,1.48096,0.09500,3.27786
6.43,0,0,11.998351,-0.02586,0.00225,-0.01976,-0.01395,0.00816,-0.01251,0.00512,0.00298,1.48318,0.09538,3.27650
6.44,0,0,11.932577,-0.01301,0.00330,-0.02006,-0.01450,0.00745,-0.01298,0.00527,0.00357,1.48453,0.09567,3.27725
6.45,0,0,11.852217,-0.01674,0.00234,-0.02090,-0.01632,0.00798,-0.01232,0.00486,0.00340,1.48390,0.09536,3.27723
6.46,0,0,11.755439,-0.00953,0.00369,-0.02007,-0.01343,0.00907,-0.01339,0.00668,0.00281,1.48815,0.09528,3.27678
6.47,0,0,11.640166,-0.03499,0.00161,-0.02036,-0.00632,0.00826,-0.01184,0.00448,0.00294,1.48529,0.09617,3.27729
6.48,0,0,11.507350,-0.02483,0.00143,-0.02109,-0.00961,0.00842,-0.01199,0.00522,0.00287,1.48391,0.09659,3.27734
6.49,0,0,11.386737,-0.00783,-0.00110,-0.01992,-0.01224,0.00810,-0.01167,0.00548,0.00253,1.48330,0.09692,3.27738
6.50,0,0,11.262191,-0.01443,0.00472,-0.02042,-0.00970,0.00808,-0.01387,0.00503,0.00114,1.48316,0.09764,3.27732
6.51,0,0,11.135840,-0.01603,0.00154,-0.01945,-0.01292,0.00780,-0.01263,0.00554,0.00162,1.48408,0.09818,3.27701
6.52,0,0,11.057969,-0.01534,0.00430,-0.02021,-0.01319,0.00882,-0.01317,0.00534,0.00139,1.48395,0.09808,3.27662
6.53,0,0,10.902244,-0.01703,0.00505,-0.02016,-0.02946,0.00939,-0.01240,0.00456,0.00206,1.48424,0.09829,3.27763
6.54,0,0,10.765958,-0.01621,0.00540,-0.01967,-0.01381,0.00888,-0.01323,0.01631,-0.00749,1.48363,0.09857,3.27677
6.55,0,1,10.712364,-0.00407,-0.00281,-0.01812,-0.01300,0.00882,-0.01251,0.03944,0.00214,1.48467,0.09846,3.27703
6.56,0,0,10.712452,-0.01689,0.00247,-0.02152,-0.01375,0.00735,-0.01288,0.01932,0.00653,1.48798,0.09762,3.27671
6.57,0,0,10.740969,-0.01938,-0.00016,-0.01941,-0.01388,0.00885,-0.01205,0.00331,-0.00167,1.48418,0.09670,3.27728
6.58,0,0,11.022890,-0.01827,0.00172,-0.02101,-0.01409,0.00838,-0.01285,-0.01404,0.00355,1.48393,0.09683,3.27730
6.59,0,0,11.638177,-0.01977,0.00371,-0.01926,-0.01301,0.00703,-0.01225,0.00452,0.00262,1.48452,0.09776,3.27734
6.60,0,0,12.145657,-0.01833,0.00414,-0.02080,-0.01400,0.00814,-0.01133,0.00288,0.00165,1.48467,0.09867,3.27702
6.61,0,0,12.554226,-0.01820,0.00377,-0.02057,-0.01457,0.00802,-0.01313,0.00665,0.00110,1.48273,0.09852,3.27671
6.62,0,0,12.876037,-0.01802,0.00397,-0.02052,-0.01412,0.00877,-0.01263,0.04043,0.00221,1.48318,0.09810,3.27767
6.63,0,0,13.223994,-0.01326,0.00149,-0.02045,-0.01499,0.00722,-0.01216,0.00267,0.00294,1.48378,0.09712,3.27693
6.64,0,0,13.610943,-0.01286,0.00432,-0.01924,-0.01318,0.00946,-0.01456,0.00482,0.00242,1.48270,0.09650,3.27730
6.65,0,0,13.933055,-0.01920,0.00318,-0.01869,-0.01290,0.01003,-0.01243,0.00468,0.00311,1.48091,0.09736,3.27736
6.66,0,0,14.010729,-0.01491,0.00349,-0.01982,-0.01357,0.00730,-0.01185,0.00067,0.00198,1.48332,0.09784,3.27744
6.67,1,0,14.209548,-0.01835,0.00309,-0.01992,-0.01318,0.00810,-0.01297,0.00783,0.00318,1.48539,0.09726,3.27729
6.68,0,0,14.054968,-0.02083,0.00231,-0.01986,-0.01276,0.00909,-0.01205,0.00624,0.00213,1.48481,0.09718,3.27682
