"Time","17 Hipy (cm)","25 toey (cm)"
0.000,10.467951,8.464458
0.001,10.465665,8.463009
0.002,10.463761,8.461335
0.003,10.461859,8.459662
0.004,10.459955,8.457990
0.005,10.458697,8.456055
0.006,10.457900,8.453933
0.007,10.457102,8.451811
0.008,10.456305,8.449689
0.009,10.456205,8.447598
0.010,10.456605,8.445528
0.011,10.457004,8.443458
0.012,10.457402,8.441387
0.013,10.458452,8.441593
0.014,10.459966,8.443419
0.015,10.461479,8.445247
0.016,10.462993,8.447073
0.017,10.464921,8.449735
0.018,10.467145,8.452991
0.019,10.469370,8.456247
0.020,10.471594,8.459504
0.021,10.474181,8.464061
0.022,10.477029,8.469543
0.023,10.479876,8.475027
0.024,10.482722,8.480510
0.025,10.486041,8.486292
0.026,10.489695,8.492287
0.027,10.493349,8.498282
0.028,10.497003,8.504277
0.029,10.500934,8.510242
0.030,10.505062,8.516187
0.031,10.509190,8.522132
0.032,10.513318,8.528076
0.033,10.517570,8.534628
0.034,10.521910,8.541612
0.035,10.526249,8.548596
0.036,10.530588,8.555580
0.037,10.534850,8.562944
0.038,10.539057,8.570580
0.039,10.543262,8.578215
0.040,10.547469,8.585850
0.041,10.551441,8.593559
0.042,10.555245,8.601322
0.043,10.559050,8.609085
0.044,10.562854,8.616849
0.045,10.566262,8.624188
0.046,10.569386,8.631227
0.047,10.572512,8.638265
0.048,10.575637,8.645303
0.049,10.578428,8.651048
0.050,10.580981,8.655870
0.051,10.583534,8.660694
0.052,10.586087,8.665517
0.053,10.588209,8.668415
0.054,10.590024,8.669942
0.055,10.591839,8.671469
0.056,10.593653,8.672996
0.057,10.594763,8.673314
0.058,10.595370,8.672771
0.059,10.595977,8.672230
0.060,10.596584,8.671687
0.061,10.596203,8.671158
0.062,10.595117,8.670638
0.063,10.594030,8.670117
0.064,10.592944,8.669597
0.065,10.590945,8.666804
0.066,10.588296,8.662393
0.067,10.585647,8.657981
0.068,10.582998,8.653569
0.069,10.579586,8.648292
0.070,10.575630,8.642397
0.071,10.571674,8.636502
0.072,10.567719,8.630608
0.073,10.563326,8.623289
0.074,10.558624,8.614956
0.075,10.553922,8.606623
0.076,10.549219,8.598289
0.077,10.544141,8.589572
0.078,10.538795,8.580581
0.079,10.533449,8.571589
0.080,10.528104,8.562598
0.081,10.522467,8.553580
0.082,10.516623,8.544543
0.083,10.510779,8.535507
0.084,10.504935,8.526470
0.085,10.498724,8.516711
0.086,10.492250,8.506439
0.087,10.485777,8.496166
0.088,10.479303,8.485893
0.089,10.472594,8.475108
0.090,10.465716,8.463958
0.091,10.458839,8.452807
0.092,10.451962,8.441657
0.093,10.444781,8.430506
0.094,10.437385,8.419353
0.095,10.429988,8.408202
0.096,10.422591,8.397050
0.097,10.414899,8.386372
0.098,10.406997,8.376031
0.099,10.399094,8.365689
0.100,10.391191,8.355349
0.101,10.383374,8.346697
0.102,10.375617,8.339249
0.103,10.367860,8.331801
0.104,10.360103,8.324353
0.105,10.352700,8.319119
0.106,10.345551,8.315462
0.107,10.338402,8.311806
0.108,10.331253,8.308148
0.109,10.324460,8.306005
0.110,10.317922,8.304940
0.111,10.311384,8.303875
0.112,10.304846,8.302810
0.113,10.298552,8.301774
0.114,10.292431,8.300760
0.115,10.286311,8.299747
0.116,10.280190,8.298732
0.117,10.274094,8.297808
0.118,10.268014,8.296947
0.119,10.261935,8.296085
0.120,10.255856,8.295224
0.121,10.249806,8.294381
0.122,10.243778,8.293551
0.123,10.237751,8.292723
0.124,10.231723,8.291893
0.125,10.225680,8.291012
0.126,10.219627,8.290094
0.127,10.213574,8.289177
0.128,10.207521,8.288259
0.129,10.201633,8.287513
0.130,10.195862,8.286889
0.131,10.190090,8.286266
0.132,10.184319,8.285643
0.133,10.178752,8.285139
0.134,10.173330,8.284722
0.135,10.167908,8.284305
0.136,10.162486,8.283887
0.137,10.157378,8.283567
0.138,10.152494,8.283318
0.139,10.147610,8.283068
0.140,10.142726,8.282818
0.141,10.138176,8.282681
0.142,10.133863,8.282626
0.143,10.129552,8.282570
0.144,10.125240,8.282515
0.145,10.121048,8.282537
0.146,10.116942,8.282616
0.147,10.112836,8.282695
0.148,10.108729,8.282773
0.149,10.104878,8.282951
0.150,10.101210,8.283200
0.151,10.097541,8.283450
0.152,10.093871,8.283699
0.153,10.090483,8.284061
0.154,10.087295,8.284504
0.155,10.084105,8.284946
0.156,10.080917,8.285389
0.157,10.077872,8.285967
0.158,10.074929,8.286642
0.159,10.071986,8.287316
0.160,10.069043,8.287992
0.161,10.066220,8.288751
0.162,10.063484,8.289569
0.163,10.060747,8.290388
0.164,10.058011,8.291207
0.165,10.055610,8.292121
0.166,10.053447,8.293101
0.167,10.051285,8.294083
0.168,10.049122,8.295063
0.169,10.047311,8.296155
0.170,10.045749,8.297327
0.171,10.044187,8.298498
0.172,10.042624,8.299670
0.173,10.041436,8.300966
0.174,10.040513,8.302351
0.175,10.039591,8.303736
0.176,10.038668,8.305120
0.177,10.038036,8.306706
0.178,10.037611,8.308435
0.179,10.037186,8.310164
0.180,10.036760,8.311893
0.181,10.036688,8.313659
0.182,10.036868,8.315449
0.183,10.037048,8.317240
0.184,10.037228,8.319031
0.185,10.037555,8.320917
0.186,10.037985,8.322872
0.187,10.038415,8.324827
0.188,10.038845,8.326782
0.189,10.039379,8.328832
0.190,10.039987,8.330948
0.191,10.040593,8.333065
0.192,10.041201,8.335181
0.193,10.041994,8.337313
0.194,10.042919,8.339456
0.195,10.043845,8.341599
0.196,10.044770,8.343741
0.197,10.045822,8.345904
0.198,10.046965,8.348083
0.199,10.048106,8.350260
0.200,10.049249,8.352437
0.201,10.050551,8.354697
0.202,10.051969,8.357018
0.203,10.053386,8.359337
0.204,10.054804,8.361656
0.205,10.056489,8.363995
0.206,10.058366,8.366345
0.207,10.060243,8.368697
0.208,10.062119,8.371048
0.209,10.063998,8.373425
0.210,10.065881,8.375821
0.211,10.067762,8.378217
0.212,10.069644,8.380612
0.213,10.071694,8.383051
0.214,10.073864,8.385520
0.215,10.076035,8.387988
0.216,10.078204,8.390457
0.217,10.080404,8.392983
0.218,10.082626,8.395550
0.219,10.084847,8.398116
0.220,10.087069,8.400682
0.221,10.089447,8.403154
0.222,10.091937,8.405558
0.223,10.094427,8.407961
0.224,10.096917,8.410365
0.225,10.099244,8.412686
0.226,10.101454,8.414949
0.227,10.103664,8.417212
0.228,10.105875,8.419476
0.229,10.108087,8.421542
0.230,10.110300,8.423469
0.231,10.112513,8.425395
0.232,10.114726,8.427322
0.233,10.116920,8.429294
0.234,10.119102,8.431296
0.235,10.121284,8.433299
0.236,10.123466,8.435302
0.237,10.125550,8.437243
0.238,10.127564,8.439141
0.239,10.129579,8.441039
0.240,10.131593,8.442937
0.241,10.133549,8.444810
0.242,10.135464,8.446666
0.243,10.137378,8.448522
0.244,10.139293,8.450377
0.245,10.141151,8.452194
0.246,10.142972,8.453983
0.247,10.144792,8.455771
0.248,10.146611,8.457561
0.249,10.148340,8.459233
0.250,10.150004,8.460823
0.251,10.151669,8.462414
0.252,10.153333,8.464004
0.253,10.155038,8.465457
0.254,10.156773,8.466813
0.255,10.158507,8.468168
0.256,10.160241,8.469524
0.257,10.161941,8.470735
0.258,10.163614,8.471843
0.259,10.165289,8.472951
0.260,10.166963,8.474059
0.261,10.168640,8.475063
0.262,10.170321,8.475993
0.263,10.172001,8.476923
0.264,10.173681,8.477853
0.265,10.175267,8.478784
0.266,10.176786,8.479714
0.267,10.178306,8.480645
0.268,10.179825,8.481576
0.269,10.181368,8.482404
0.270,10.182927,8.483158
0.271,10.184486,8.483912
0.272,10.186046,8.484667
0.273,10.187647,8.485497
0.274,10.189280,8.486382
0.275,10.190911,8.487267
0.276,10.192543,8.488153
0.277,10.194303,8.488994
0.278,10.196154,8.489802
0.279,10.198005,8.490612
0.280,10.199856,8.491422
0.281,10.201772,8.492345
0.282,10.203735,8.493350
0.283,10.205699,8.494355
0.284,10.207663,8.495360
0.285,10.209649,8.496220
0.286,10.211652,8.496977
0.287,10.213654,8.497733
0.288,10.215656,8.498489
0.289,10.217668,8.499239
0.290,10.219687,8.499984
0.291,10.221706,8.500729
0.292,10.223725,8.501473
0.293,10.225836,8.502060
0.294,10.228010,8.502535
0.295,10.230185,8.503009
0.296,10.232359,8.503483
0.297,10.234728,8.504044
0.298,10.237236,8.504667
0.299,10.239743,8.505290
0.300,10.242251,8.505913
0.301,10.245014,8.506536
0.302,10.247958,8.507160
0.303,10.250902,8.507785
0.304,10.253846,8.508409
0.305,10.257387,8.509042
0.306,10.261353,8.509683
0.307,10.265319,8.510323
0.308,10.269284,8.510963
0.309,10.273884,8.511618
0.310,10.278935,8.512282
0.311,10.283987,8.512947
0.312,10.289039,8.513612
0.313,10.294751,8.514439
0.314,10.300933,8.515382
0.315,10.307116,8.516324
0.316,10.313297,8.517267
0.317,10.320026,8.519302
0.318,10.327145,8.522115
0.319,10.334262,8.524928
0.320,10.341380,8.527741
0.321,10.348874,8.532159
0.322,10.356637,8.537720
0.323,10.364399,8.543281
0.324,10.372162,8.548841
0.325,10.380172,8.554583
0.326,10.388358,8.560452
0.327,10.396545,8.566323
0.328,10.404732,8.572193
0.329,10.413260,8.577820
0.330,10.422030,8.583272
0.331,10.430801,8.588724
0.332,10.439572,8.594177
0.333,10.448364,8.599338
0.334,10.457170,8.604289
0.335,10.465977,8.609241
0.336,10.474783,8.614194
0.337,10.483658,8.619161
0.338,10.492583,8.624137
0.339,10.501508,8.629114
0.340,10.510433,8.634090
0.341,10.519258,8.639555
0.342,10.528012,8.645368
0.343,10.536767,8.651180
0.344,10.545521,8.656993
0.345,10.554243,8.663507
0.346,10.562943,8.670519
0.347,10.571643,8.677531
0.348,10.580342,8.684543
0.349,10.588605,8.691985
0.350,10.596557,8.699734
0.351,10.604508,8.707482
0.352,10.612460,8.715231
0.353,10.619793,8.722875
0.354,10.626685,8.730443
0.355,10.633576,8.738011
0.356,10.640469,8.745581
0.357,10.646582,8.752089
0.358,10.652140,8.757841
0.359,10.657699,8.763594
0.360,10.663257,8.769347
0.361,10.668072,8.773396
0.362,10.672358,8.776233
0.363,10.676643,8.779069
0.364,10.680929,8.781905
0.365,10.684219,8.781471
0.366,10.686799,8.778709
0.367,10.689379,8.775947
0.368,10.691959,8.773184
0.369,10.693506,8.768708
0.370,10.694319,8.763012
0.371,10.695130,8.757316
0.372,10.695943,8.751619
0.373,10.695451,8.744224
0.374,10.694031,8.735618
0.375,10.692611,8.727013
0.376,10.691191,8.718407
0.377,10.688660,8.709243
0.378,10.685335,8.699682
0.379,10.682012,8.690121
0.380,10.678688,8.680560
0.381,10.674463,8.671096
0.382,10.669596,8.661700
0.383,10.664729,8.652306
0.384,10.659863,8.642910
0.385,10.654434,8.633718
0.386,10.648607,8.624671
0.387,10.642779,8.615623
0.388,10.636952,8.606576
0.389,10.630546,8.597493
0.390,10.623727,8.588384
0.391,10.616907,8.579275
0.392,10.610088,8.570166
0.393,10.602789,8.560532
0.394,10.595148,8.550523
0.395,10.587507,8.540515
0.396,10.579866,8.530506
0.397,10.571873,8.519741
0.398,10.563628,8.508438
0.399,10.555384,8.497135
0.400,10.547139,8.485832
0.401,10.538591,8.473922
0.402,10.529828,8.461577
0.403,10.521065,8.449234
0.404,10.512301,8.436890
0.405,10.503357,8.424598
0.406,10.494283,8.412342
0.407,10.485209,8.400086
0.408,10.476136,8.387831
0.409,10.467290,8.376622
0.410,10.458606,8.366159
0.411,10.449922,8.355697
0.412,10.441237,8.345234
0.413,10.433072,8.336491
0.414,10.425275,8.328972
0.415,10.417479,8.321453
0.416,10.409681,8.313935
0.417,10.402564,8.309489
0.418,10.395930,8.307232
0.419,10.389297,8.304976
0.420,10.382664,8.302718
0.421,10.376798,8.300899
0.422,10.371479,8.299389
0.423,10.366159,8.297880
0.424,10.360841,8.296371
0.425,10.355974,8.294920
0.426,10.351430,8.293509
0.427,10.346886,8.292100
0.428,10.342341,8.290690
0.429,10.337905,8.289671
0.430,10.333546,8.288929
0.431,10.329185,8.288187
0.432,10.324826,8.287445
0.433,10.320456,8.286913
0.434,10.316078,8.286531
0.435,10.311701,8.286149
0.436,10.307323,8.285768
0.437,10.302901,8.285493
0.438,10.298448,8.285295
0.439,10.293993,8.285096
0.440,10.289538,8.284898
0.441,10.284989,8.284856
0.442,10.280374,8.284927
0.443,10.275757,8.284998
0.444,10.271141,8.285069
0.445,10.266548,8.285141
0.446,10.261972,8.285215
0.447,10.257396,8.285289
0.448,10.252820,8.285363
0.449,10.248289,8.285436
0.450,10.243790,8.285508
0.451,10.239290,8.285581
0.452,10.234792,8.285652
0.453,10.230331,8.285749
0.454,10.225900,8.285864
0.455,10.221468,8.285978
0.456,10.217035,8.286093
0.457,10.212753,8.286391
0.458,10.208579,8.286819
0.459,10.204404,8.287249
0.460,10.200229,8.287678
0.461,10.196287,8.288211
0.462,10.192512,8.288818
0.463,10.188735,8.289425
0.464,10.184959,8.290032
0.465,10.181458,8.290718
0.466,10.178151,8.291460
0.467,10.174845,8.292201
0.468,10.171537,8.292943
0.469,10.168404,8.293761
0.470,10.165392,8.294635
0.471,10.162380,8.295509
0.472,10.159369,8.296383
0.473,10.156618,8.297364
0.474,10.154056,8.298423
0.475,10.151493,8.299481
0.476,10.148930,8.300540
0.477,10.146743,8.301686
0.478,10.144824,8.302895
0.479,10.142906,8.304104
0.480,10.140987,8.305312
0.481,10.139472,8.306469
0.482,10.138243,8.307589
0.483,10.137014,8.308708
0.484,10.135785,8.309828
0.485,10.134981,8.310925
0.486,10.134479,8.312004
0.487,10.133977,8.313085
0.488,10.133474,8.314165
0.489,10.133296,8.315268
0.490,10.133349,8.316386
0.491,10.133402,8.317504
0.492,10.133455,8.318623
0.493,10.133887,8.319710
0.494,10.134589,8.320774
0.495,10.135291,8.321838
0.496,10.135993,8.322904
0.497,10.137120,8.324069
0.498,10.138550,8.325307
0.499,10.139979,8.326545
0.500,10.141409,8.327783
0.501,10.143052,8.329141
0.502,10.144846,8.330585
0.503,10.146640,8.332029
0.504,10.148434,8.333473
0.505,10.150360,8.335054
0.506,10.152381,8.336732
0.507,10.154401,8.338410
0.508,10.156422,8.340088
0.509,10.158581,8.341771
0.510,10.160839,8.343458
0.511,10.163096,8.345146
0.512,10.165355,8.346833
0.513,10.167966,8.348510
0.514,10.170829,8.350180
0.515,10.173692,8.351850
0.516,10.176555,8.353519
0.517,10.179647,8.355174
0.518,10.182904,8.356818
0.519,10.186160,8.358462
0.520,10.189417,8.360107
0.521,10.193028,8.361776
0.522,10.196895,8.363462
0.523,10.200760,8.365149
0.524,10.204626,8.366835
0.525,10.208740,8.368535
0.526,10.213032,8.370244
0.527,10.217322,8.371954
0.528,10.221614,8.373663
0.529,10.225861,8.375566
0.530,10.230074,8.377604
0.531,10.234288,8.379643
0.532,10.238503,8.381682
0.533,10.242644,8.383730
0.534,10.246736,8.385785
0.535,10.250827,8.387840
0.536,10.254917,8.389895
0.537,10.258901,8.392044
0.538,10.262807,8.394259
0.539,10.266712,8.396475
0.540,10.270618,8.398691
0.541,10.274367,8.400887
0.542,10.278005,8.403069
0.543,10.281642,8.405252
0.544,10.285278,8.407435
0.545,10.288781,8.409588
0.546,10.292188,8.411718
0.547,10.295595,8.413849
0.548,10.299002,8.415980
0.549,10.302375,8.418046
0.550,10.305725,8.420066
0.551,10.309074,8.422087
0.552,10.312425,8.424107
0.553,10.315672,8.426123
0.554,10.318847,8.428136
0.555,10.322021,8.430149
0.556,10.325195,8.432163
0.557,10.328068,8.434033
0.558,10.330725,8.435801
0.559,10.333382,8.437569
0.560,10.336039,8.439337
0.561,10.338312,8.440979
0.562,10.340312,8.442533
0.563,10.342313,8.444086
0.564,10.344313,8.445639
0.565,10.345691,8.447127
0.566,10.346625,8.448569
0.567,10.347559,8.450012
0.568,10.348494,8.451454
0.569,10.349038,8.452862
0.570,10.349306,8.454246
0.571,10.349575,8.455629
0.572,10.349843,8.457012
0.573,10.350011,8.458335
0.574,10.350108,8.459613
0.575,10.350205,8.460891
0.576,10.350303,8.462169
0.577,10.350423,8.463499
0.578,10.350560,8.464865
0.579,10.350697,8.466231
0.580,10.350834,8.467598
0.581,10.350996,8.468698
0.582,10.351176,8.469606
0.583,10.351357,8.470515
0.584,10.351537,8.471424
0.585,10.351807,8.472145
0.586,10.352139,8.472731
0.587,10.352471,8.473317
0.588,10.352803,8.473903
0.589,10.353188,8.474255
0.590,10.353610,8.474440
0.591,10.354032,8.474625
0.592,10.354454,8.474810
0.593,10.354864,8.474950
0.594,10.355267,8.475057
0.595,10.355668,8.475164
0.596,10.356071,8.475271
0.597,10.356480,8.475340
0.598,10.356894,8.475380
0.599,10.357309,8.475420
0.600,10.357724,8.475460
0.601,10.358272,8.475525
0.602,10.358913,8.475607
0.603,10.359554,8.475690
0.604,10.360196,8.475773
0.605,10.361094,8.475791
0.606,10.362172,8.475763
0.607,10.363251,8.475737
0.608,10.364329,8.475709
0.609,10.365833,8.475603
0.610,10.367641,8.475443
0.611,10.369450,8.475282
0.612,10.371258,8.475121
0.613,10.373465,8.474845
0.614,10.375956,8.474486
0.615,10.378447,8.474129
0.616,10.380938,8.473770
0.617,10.383955,8.473213
0.618,10.387348,8.472514
0.619,10.390741,8.471814
0.620,10.394135,8.471115
0.621,10.397978,8.470347
0.622,10.402142,8.469532
0.623,10.406305,8.468716
0.624,10.410469,8.467900
0.625,10.415177,8.467206
0.626,10.420273,8.466599
0.627,10.425369,8.465990
0.628,10.430465,8.465383
0.629,10.436304,8.465672
0.630,10.442672,8.466601
0.631,10.449039,8.467530
0.632,10.455407,8.468459
0.633,10.462499,8.468596
0.634,10.470105,8.468167
0.635,10.477711,8.467739
0.636,10.485317,8.467311
0.637,10.493887,8.469599
0.638,10.503143,8.473823
0.639,10.512400,8.478045
0.640,10.521656,8.482269
0.641,10.531573,8.487940
0.642,10.541962,8.494643
0.643,10.552349,8.501346
0.644,10.562737,8.508048
0.645,10.573425,8.515900
0.646,10.584327,8.524570
0.647,10.595228,8.533239
0.648,10.606131,8.541909
0.649,10.617424,8.551633
0.650,10.628997,8.562107
0.651,10.640570,8.572581
0.652,10.652143,8.583055
0.653,10.663652,8.593379
0.654,10.675118,8.603596
0.655,10.686584,8.613811
0.656,10.698050,8.624028
0.657,10.709574,8.634049
0.658,10.721138,8.643933
0.659,10.732702,8.653817
0.660,10.744267,8.663701
0.661,10.755537,8.672560
0.662,10.766596,8.680688
0.663,10.777656,8.688816
0.664,10.788715,8.696944
0.665,10.799128,8.704444
0.666,10.809078,8.711494
0.667,10.819029,8.718546
0.668,10.828979,8.725596
0.669,10.838076,8.732139
0.670,10.846562,8.738318
0.671,10.855049,8.744498
0.672,10.863536,8.750677
0.673,10.870651,8.755814
0.674,10.876791,8.760206
0.675,10.882931,8.764598
0.676,10.889070,8.768991
0.677,10.893886,8.770960
0.678,10.897759,8.771203
0.679,10.901633,8.771446
0.680,10.905507,8.771689
0.681,10.907680,8.769876
0.682,10.908639,8.766597
0.683,10.909598,8.763318
0.684,10.910558,8.760039
0.685,10.909863,8.757444
0.686,10.907990,8.755337
0.687,10.906116,8.753229
0.688,10.904242,8.751121
0.689,10.901219,8.746205
0.690,10.897379,8.739290
0.691,10.893538,8.732374
0.692,10.889698,8.725459
0.693,10.884542,8.717065
0.694,10.878447,8.707617
0.695,10.872353,8.698170
0.696,10.866258,8.688723
0.697,10.859434,8.678057
0.698,10.852091,8.666523
0.699,10.844748,8.654990
0.700,10.837404,8.643456
0.701,10.829149,8.630724
0.702,10.820246,8.617138
0.703,10.811341,8.603551
0.704,10.802437,8.589965
0.705,10.792908,8.576393
0.706,10.782934,8.562832
0.707,10.772960,8.549272
0.708,10.762986,8.535710
0.709,10.752789,8.522303
0.710,10.742434,8.509003
0.711,10.732078,8.495703
0.712,10.721722,8.482403
0.713,10.711089,8.470152
0.714,10.700258,8.458649
0.715,10.689427,8.447145
0.716,10.678596,8.435640
0.717,10.667835,8.424888
0.718,10.657124,8.414669
0.719,10.646412,8.404451
0.720,10.635700,8.394233
0.721,10.625109,8.384711
0.722,10.614603,8.375685
0.723,10.604097,8.366659
0.724,10.593593,8.357633
0.725,10.583400,8.349667
0.726,10.573431,8.342454
0.727,10.563462,8.335241
0.728,10.553493,8.328030
0.729,10.543918,8.323085
0.730,10.534621,8.319754
0.731,10.525325,8.316423
0.732,10.516028,8.313093
0.733,10.507094,8.310829
0.734,10.498418,8.309325
0.735,10.489741,8.307821
0.736,10.481065,8.306317
0.737,10.472867,8.304930
0.738,10.465011,8.303625
0.739,10.457154,8.302321
0.740,10.449298,8.301017
0.741,10.441693,8.299964
0.742,10.434269,8.299090
0.743,10.426844,8.298216
0.744,10.419419,8.297342
0.745,10.412054,8.296697
0.746,10.404733,8.296212
0.747,10.397411,8.295729
0.748,10.390090,8.295244
0.749,10.382831,8.294829
0.750,10.375617,8.294464
0.751,10.368403,8.294098
0.752,10.361190,8.293733
0.753,10.354041,8.293461
0.754,10.346939,8.293257
0.755,10.339836,8.293053
0.756,10.332734,8.292849
0.757,10.325990,8.292689
0.758,10.319500,8.292563
0.759,10.313011,8.292437
0.760,10.306521,8.292310
0.761,10.300325,8.292250
0.762,10.294338,8.292237
0.763,10.288352,8.292225
0.764,10.282365,8.292212
0.765,10.276608,8.292215
0.766,10.271012,8.292231
0.767,10.265418,8.292246
0.768,10.259823,8.292261
0.769,10.254308,8.292362
0.770,10.248850,8.292524
0.771,10.243391,8.292686
0.772,10.237932,8.292848
0.773,10.232766,8.293092
0.774,10.227809,8.293394
0.775,10.222852,8.293695
0.776,10.217894,8.293998
0.777,10.213075,8.294319
0.778,10.208354,8.294653
0.779,10.203633,8.294987
0.780,10.198913,8.295321
0.781,10.194276,8.295720
0.782,10.189699,8.296167
0.783,10.185122,8.296614
0.784,10.180545,8.297060
0.785,10.176147,8.297478
0.786,10.171875,8.297873
0.787,10.167604,8.298269
0.788,10.163334,8.298665
0.789,10.159382,8.299075
0.790,10.155658,8.299495
0.791,10.151934,8.299915
0.792,10.148210,8.300335
0.793,10.144854,8.300793
0.794,10.141759,8.301276
0.795,10.138665,8.301761
0.796,10.135571,8.302245
0.797,10.132915,8.302714
0.798,10.130570,8.303172
0.799,10.128227,8.303631
0.800,10.125883,8.304089
0.801,10.123769,8.304653
0.802,10.121819,8.305293
0.803,10.119867,8.305933
0.804,10.117916,8.306573
0.805,10.116256,8.307346
0.806,10.114802,8.308215
0.807,10.113348,8.309085
0.808,10.111895,8.309954
0.809,10.110778,8.310919
0.810,10.109900,8.311953
0.811,10.109023,8.312985
0.812,10.108147,8.314019
0.813,10.107760,8.315216
0.814,10.107725,8.316529
0.815,10.107690,8.317842
0.816,10.107654,8.319155
0.817,10.108055,8.320677
0.818,10.108767,8.322347
0.819,10.109479,8.324017
0.820,10.110190,8.325686
0.821,10.111221,8.327416
0.822,10.112480,8.329190
0.823,10.113738,8.330964
0.824,10.114996,8.332737
0.825,10.116577,8.334582
0.826,10.118387,8.336478
0.827,10.120197,8.338374
0.828,10.122007,8.340270
0.829,10.124023,8.342245
0.830,10.126185,8.344276
0.831,10.128346,8.346309
0.832,10.130508,8.348340
0.833,10.132857,8.350407
0.834,10.135339,8.352499
0.835,10.137820,8.354591
0.836,10.140302,8.356683
0.837,10.142983,8.358923
0.838,10.145806,8.361269
0.839,10.148630,8.363615
0.840,10.151453,8.365961
0.841,10.154474,8.368346
0.842,10.157636,8.370761
0.843,10.160798,8.373175
0.844,10.163960,8.375589
0.845,10.167313,8.377990
0.846,10.170803,8.380381
0.847,10.174293,8.382771
0.848,10.177783,8.385162
0.849,10.181442,8.387534
0.850,10.185224,8.389894
0.851,10.189004,8.392252
0.852,10.192785,8.394610
0.853,10.196725,8.396868
0.854,10.200779,8.399052
0.855,10.204832,8.401237
0.856,10.208886,8.403420
0.857,10.213325,8.405444
0.858,10.218039,8.407354
0.859,10.222752,8.409264
0.860,10.227465,8.411174
0.861,10.232614,8.413051
0.862,10.238071,8.414903
0.863,10.243530,8.416756
0.864,10.248989,8.418609
0.865,10.254862,8.420294
0.866,10.261031,8.421860
0.867,10.267200,8.423426
0.868,10.273368,8.424992
0.869,10.279818,8.426493
0.870,10.286466,8.427947
0.871,10.293115,8.429402
0.872,10.299764,8.430857
0.873,10.306723,8.432212
0.874,10.313904,8.433495
0.875,10.321085,8.434778
0.876,10.328266,8.436061
0.877,10.335613,8.437244
0.878,10.343080,8.438355
0.879,10.350546,8.439467
0.880,10.358012,8.440578
0.881,10.365508,8.441672
0.882,10.373024,8.442753
0.883,10.380541,8.443834
0.884,10.388057,8.444915
0.885,10.395426,8.445955
0.886,10.402690,8.446966
0.887,10.409954,8.447977
0.888,10.417217,8.448988
0.889,10.424291,8.449858
0.890,10.431228,8.450626
0.891,10.438166,8.451396
0.892,10.445103,8.452165
0.893,10.451874,8.452873
0.894,10.458527,8.453539
0.895,10.465180,8.454205
0.896,10.471833,8.454870
0.897,10.478405,8.455462
0.898,10.484918,8.456001
0.899,10.491431,8.456541
0.900,10.497945,8.457081
0.901,10.504172,8.457582
0.902,10.510197,8.458055
0.903,10.516220,8.458529
0.904,10.522244,8.459003
0.905,10.527997,8.459394
0.906,10.533556,8.459723
0.907,10.539114,8.460054
0.908,10.544673,8.460384
0.909,10.550284,8.460765
0.910,10.555934,8.461183
0.911,10.561584,8.461599
0.912,10.567233,8.462016
0.913,10.573362,8.462745
0.914,10.579834,8.463695
0.915,10.586307,8.464645
0.916,10.592778,8.465595
0.917,10.599595,8.467801
0.918,10.606657,8.470901
0.919,10.613719,8.474001
0.920,10.620781,8.477101
0.921,10.628215,8.482384
0.922,10.635913,8.489222
0.923,10.643610,8.496059
0.924,10.651308,8.502896
0.925,10.659039,8.511352
0.926,10.666794,8.520958
0.927,10.674549,8.530564
0.928,10.682303,8.540172
0.929,10.690047,8.550326
0.930,10.697783,8.560873
0.931,10.705520,8.571420
0.932,10.713256,8.581966
0.933,10.720809,8.592483
0.934,10.728232,8.602976
0.935,10.735657,8.613469
0.936,10.743080,8.623963
0.937,10.750170,8.634011
0.938,10.757023,8.643742
0.939,10.763876,8.653473
0.940,10.770729,8.663203
0.941,10.777197,8.671644
0.942,10.783392,8.679165
0.943,10.789586,8.686687
0.944,10.795781,8.694207
0.945,10.801422,8.700964
0.946,10.806668,8.707175
0.947,10.811914,8.713387
0.948,10.817161,8.719599
0.949,10.821826,8.724560
0.950,10.826077,8.728629
0.951,10.830329,8.732697
0.952,10.834580,8.736767
0.953,10.837943,8.740069
0.954,10.840671,8.742826
0.955,10.843399,8.745582
0.956,10.846127,8.748339
0.957,10.847770,8.750678
0.958,10.848639,8.752720
0.959,10.849509,8.754763
0.960,10.850380,8.756804
0.961,10.850275,8.758600
0.962,10.849478,8.760221
0.963,10.848680,8.761841
0.964,10.847882,8.763460
0.965,10.846288,8.764612
0.966,10.844126,8.765430
0.967,10.841963,8.766248
0.968,10.839801,8.767066
0.969,10.837205,8.766483
0.970,10.834299,8.764903
0.971,10.831393,8.763323
0.972,10.828487,8.761742
0.973,10.825095,8.757518
0.974,10.821357,8.751410
0.975,10.817618,8.745303
0.976,10.813880,8.739196
0.977,10.809760,8.731046
0.978,10.805370,8.721439
0.979,10.800980,8.711834
0.980,10.796589,8.702228
0.981,10.791794,8.691811
0.982,10.786710,8.680815
0.983,10.781626,8.669819
0.984,10.776543,8.658823
0.985,10.770740,8.647633
0.986,10.764425,8.636302
0.987,10.758111,8.624971
0.988,10.751796,8.613641
0.989,10.744946,8.602491
0.990,10.737712,8.591471
0.991,10.730478,8.580449
0.992,10.723245,8.569428
0.993,10.715372,8.559443
0.994,10.707045,8.550195
0.995,10.698717,8.540946
0.996,10.690390,8.531698
0.997,10.681689,8.523035
0.998,10.672725,8.514788
0.999,10.663759,8.506540
1.000,10.654795,8.498293
1.001,10.645474,8.491133
1.002,10.635902,8.484748
1.003,10.626330,8.478363
1.004,10.616757,8.471978
1.005,10.606707,8.466182
1.006,10.596314,8.460805
1.007,10.585922,8.455428
1.008,10.575529,8.450051
1.009,10.564608,8.445112
1.010,10.553308,8.440487
1.011,10.542008,8.435862
1.012,10.530709,8.431236
1.013,10.518930,8.426850
1.014,10.506809,8.422635
1.015,10.494689,8.418420
1.016,10.482568,8.414205
1.017,10.470208,8.410089
1.018,10.457678,8.406042
1.019,10.445148,8.401997
1.020,10.432618,8.397951
1.021,10.420197,8.393957
1.022,10.407854,8.390000
1.023,10.395512,8.386044
1.024,10.383169,8.382087
1.025,10.371044,8.378312
1.026,10.359074,8.374667
1.027,10.347104,8.371021
1.028,10.335134,8.367376
1.029,10.323518,8.363905
1.030,10.312154,8.360558
1.031,10.300791,8.357210
1.032,10.289427,8.353863
1.033,10.278337,8.350698
1.034,10.267440,8.347665
1.035,10.256544,8.344630
1.036,10.245648,8.341597
1.037,10.235395,8.338786
1.038,10.225600,8.336137
1.039,10.215805,8.333487
1.040,10.206010,8.330837
1.041,10.196640,8.328445
1.042,10.187573,8.326237
1.043,10.178508,8.324029
1.044,10.169441,8.321820
1.045,10.160654,8.319880
1.046,10.152066,8.318130
1.047,10.143478,8.316381
1.048,10.134891,8.314631
1.049,10.126701,8.313050
1.050,10.118795,8.311589
1.051,10.110889,8.310128
1.052,10.102983,8.308666
1.053,10.095634,8.307366
1.054,10.088680,8.306181
1.055,10.081726,8.304996
1.056,10.074773,8.303811
1.057,10.068177,8.302688
1.058,10.061837,8.301608
1.059,10.055496,8.300529
1.060,10.049156,8.299450
1.061,10.043162,8.298455
1.062,10.037415,8.297520
1.063,10.031668,8.296585
1.064,10.025920,8.295650
1.065,10.020321,8.294754
1.066,10.014829,8.293885
1.067,10.009336,8.293017
1.068,10.003843,8.292149
1.069,9.998481,8.291283
1.070,9.993212,8.290419
1.071,9.987943,8.289556
1.072,9.982674,8.288692
1.073,9.977563,8.287853
1.074,9.972565,8.287034
1.075,9.967567,8.286214
1.076,9.962570,8.285395
1.077,9.957959,8.284661
1.078,9.953623,8.283991
1.079,9.949286,8.283320
1.080,9.944950,8.282650
1.081,9.940573,8.282284
1.082,9.936167,8.282133
1.083,9.931760,8.281982
1.084,9.927354,8.281833
1.085,9.922956,8.281809
1.086,9.918562,8.281876
1.087,9.914169,8.281943
1.088,9.909776,8.282010
1.089,9.905558,8.282105
1.090,9.901464,8.282222
1.091,9.897370,8.282338
1.092,9.893277,8.282454
1.093,9.889370,8.282615
1.094,9.885596,8.282807
1.095,9.881822,8.283000
1.096,9.878048,8.283193
1.097,9.874326,8.283386
1.098,9.870641,8.283582
1.099,9.866955,8.283776
1.100,9.863270,8.283972
1.101,9.859620,8.284286
1.102,9.855997,8.284686
1.103,9.852373,8.285087
1.104,9.848750,8.285486
1.105,9.845245,8.285993
1.106,9.841825,8.286575
1.107,9.838406,8.287157
1.108,9.834986,8.287739
1.109,9.831738,8.288706
1.110,9.828615,8.289946
1.111,9.825492,8.291186
1.112,9.822369,8.292427
1.113,9.819283,8.293742
1.114,9.816228,8.295112
1.115,9.813171,8.296480
1.116,9.810115,8.297850
1.117,9.807310,8.299307
1.118,9.804685,8.300827
1.119,9.802059,8.302348
1.120,9.799434,8.303868
1.121,9.796905,8.305589
1.122,9.794444,8.307452
1.123,9.791984,8.309315
1.124,9.789522,8.311178
1.125,9.787189,8.313407
1.126,9.784946,8.315895
1.127,9.782704,8.318384
1.128,9.780461,8.320872
1.129,9.778128,8.323627
1.130,9.775730,8.326569
1.131,9.773332,8.329512
1.132,9.770933,8.332454
1.133,9.768620,8.335390
1.134,9.766370,8.338323
1.135,9.764118,8.341254
1.136,9.761868,8.344186
1.137,9.759686,8.347042
1.138,9.757552,8.349843
1.139,9.755419,8.352645
1.140,9.753285,8.355447
1.141,9.751231,8.358171
1.142,9.749234,8.360840
1.143,9.747237,8.363508
1.144,9.745240,8.366178
1.145,9.743632,8.368692
1.146,9.742302,8.371099
1.147,9.740972,8.373505
1.148,9.739641,8.375911
1.149,9.738905,8.378263
1.150,9.738590,8.380576
1.151,9.738276,8.382889
1.152,9.737962,8.385201
1.153,9.737815,8.387492
1.154,9.737786,8.389767
1.155,9.737758,8.392041
1.156,9.737729,8.394317
1.157,9.738254,8.396625
1.158,9.739172,8.398957
1.159,9.740090,8.401290
1.160,9.741008,8.403623
1.161,9.742363,8.405743
1.162,9.744029,8.407712
1.163,9.745695,8.409681
1.164,9.747361,8.411651
1.165,9.749527,8.413571
1.166,9.752048,8.415459
1.167,9.754568,8.417345
1.168,9.757089,8.419232
1.169,9.760233,8.421066
1.170,9.763822,8.422862
1.171,9.767410,8.424658
1.172,9.770999,8.426455
1.173,9.775546,8.428100
1.174,9.780777,8.429637
1.175,9.786008,8.431174
1.176,9.791239,8.432712
1.177,9.797128,8.434006
1.178,9.803485,8.435125
1.179,9.809841,8.436246
1.180,9.816198,8.437366
1.181,9.823265,8.438342
1.182,9.830837,8.439217
1.183,9.838410,8.440090
1.184,9.845983,8.440965
1.185,9.854180,8.441800
1.186,9.862824,8.442609
1.187,9.871469,8.443418
1.188,9.880112,8.444226
1.189,9.889132,8.445023
1.190,9.898422,8.445810
1.191,9.907711,8.446598
1.192,9.917001,8.447386
1.193,9.926301,8.448230
1.194,9.935610,8.449114
1.195,9.944918,8.449998
1.196,9.954226,8.450881
1.197,9.963945,8.451813
1.198,9.973956,8.452777
1.199,9.983968,8.453741
1.200,9.993979,8.454705
1.201,10.004272,8.455709
1.202,10.014768,8.456738
1.203,10.025263,8.457768
1.204,10.035758,8.458798
1.205,10.046527,8.459771
1.206,10.057490,8.460705
1.207,10.068455,8.461637
1.208,10.079418,8.462570
1.209,10.090472,8.463353
1.210,10.101589,8.464030
1.211,10.112706,8.464706
1.212,10.123823,8.465384
1.213,10.135149,8.465997
1.214,10.146624,8.466565
1.215,10.158098,8.467133
1.216,10.169573,8.467701
1.217,10.181231,8.468186
1.218,10.193019,8.468612
1.219,10.204807,8.469038
1.220,10.216597,8.469463
1.221,10.228444,8.469828
1.222,10.240335,8.470149
1.223,10.252224,8.470469
1.224,10.264114,8.470790
1.225,10.276258,8.470929
1.226,10.288585,8.470938
1.227,10.300911,8.470947
1.228,10.313237,8.470956
1.229,10.325882,8.471940
1.230,10.338754,8.473619
1.231,10.351625,8.475297
1.232,10.364497,8.476975
1.233,10.377857,8.482346
1.234,10.391564,8.490345
1.235,10.405272,8.498345
1.236,10.418979,8.506345
1.237,10.433142,8.514799
1.238,10.447629,8.523576
1.239,10.462116,8.532352
1.240,10.476604,8.541129
1.241,10.491254,8.550016
1.242,10.506019,8.558984
1.243,10.520783,8.567950
1.244,10.535548,8.576918
1.245,10.550295,8.586082
1.246,10.565027,8.595387
1.247,10.579761,8.604693
1.248,10.594493,8.613999
1.249,10.608968,8.622864
1.250,10.623257,8.631413
1.251,10.637547,8.639963
1.252,10.651836,8.648513
1.253,10.665889,8.656061
1.254,10.679771,8.662896
1.255,10.693655,8.669730
1.256,10.707539,8.676565
1.257,10.720680,8.683077
1.258,10.733294,8.689359
1.259,10.745909,8.695641
1.260,10.758523,8.701922
1.261,10.770200,8.707780
1.262,10.781209,8.713335
1.263,10.792218,8.718890
1.264,10.803228,8.724446
1.265,10.813312,8.728829
1.266,10.822735,8.732377
1.267,10.832159,8.735925
1.268,10.841582,8.739472
1.269,10.849751,8.741470
1.270,10.857026,8.742363
1.271,10.864301,8.743256
1.272,10.871576,8.744148
1.273,10.877603,8.744587
1.274,10.882740,8.744702
1.275,10.887877,8.744818
1.276,10.893015,8.744933
1.277,10.896653,8.745161
1.278,10.899222,8.745469
1.279,10.901793,8.745778
1.280,10.904362,8.746086
1.281,10.905733,8.745243
1.282,10.906252,8.743579
1.283,10.906770,8.741915
1.284,10.907289,8.740251
1.285,10.906748,8.734702
1.286,10.905453,8.726387
1.287,10.904157,8.718071
1.288,10.902862,8.709756
1.289,10.900740,8.700737
1.290,10.898029,8.691217
1.291,10.895319,8.681697
1.292,10.892608,8.672177
1.293,10.889334,8.662229
1.294,10.885657,8.651975
1.295,10.881981,8.641721
1.296,10.878305,8.631467
1.297,10.874098,8.620845
1.298,10.869512,8.609960
1.299,10.864925,8.599075
1.300,10.860339,8.588190
1.301,10.855553,8.577615
1.302,10.850623,8.567260
1.303,10.845694,8.556904
1.304,10.840764,8.546549
1.305,10.835617,8.537100
1.306,10.830314,8.528296
1.307,10.825011,8.519492
1.308,10.819708,8.510689
1.309,10.814363,8.501960
1.310,10.808990,8.493284
1.311,10.803617,8.484608
1.312,10.798243,8.475932
1.313,10.792736,8.467472
1.314,10.787136,8.459167
1.315,10.781535,8.450863
1.316,10.775934,8.442558
1.317,10.770238,8.435288
1.318,10.764473,8.428758
1.319,10.758708,8.422226
1.320,10.752944,8.415694
1.321,10.747008,8.410524
1.322,10.740952,8.406324
1.323,10.734897,8.402124
1.324,10.728841,8.397924
1.325,10.722504,8.394126
1.326,10.715965,8.390613
1.327,10.709428,8.387099
1.328,10.702890,8.383586
1.329,10.696137,8.380054
1.330,10.689231,8.376508
1.331,10.682324,8.372963
1.332,10.675419,8.369417
1.333,10.668209,8.365932
1.334,10.660784,8.362487
1.335,10.653358,8.359042
1.336,10.645932,8.355597
1.337,10.638269,8.352261
1.338,10.630437,8.349002
1.339,10.622605,8.345743
1.340,10.614773,8.342484
1.341,10.606793,8.339394
1.342,10.598709,8.336424
1.343,10.590625,8.333454
1.344,10.582541,8.330484
1.345,10.574323,8.327840
1.346,10.566009,8.325426
1.347,10.557694,8.323011
1.348,10.549380,8.320598
1.349,10.541103,8.318265
1.350,10.532854,8.315989
1.351,10.524604,8.313714
1.352,10.516355,8.311439
1.353,10.508128,8.309264
1.354,10.499920,8.307163
1.355,10.491711,8.305061
1.356,10.483502,8.302960
1.357,10.475595,8.300934
1.358,10.467901,8.298960
1.359,10.460209,8.296987
1.360,10.452516,8.295013
1.361,10.444980,8.293156
1.362,10.437557,8.291381
1.363,10.430134,8.289606
1.364,10.422711,8.287831
1.365,10.415796,8.286294
1.366,10.409243,8.284925
1.367,10.402689,8.283555
1.368,10.396135,8.282186
1.369,10.389869,8.280970
1.370,10.383806,8.279862
1.371,10.377744,8.278756
1.372,10.371681,8.277649
1.373,10.366009,8.276709
1.374,10.360612,8.275887
1.375,10.355216,8.275065
1.376,10.349820,8.274243
1.377,10.344690,8.273387
1.378,10.339750,8.272504
1.379,10.334811,8.271622
1.380,10.329871,8.270739
1.381,10.325340,8.269897
1.382,10.321101,8.269085
1.383,10.316861,8.268272
1.384,10.312622,8.267460
1.385,10.308798,8.266563
1.386,10.305268,8.265606
1.387,10.301739,8.264649
1.388,10.298209,8.263692
1.389,10.295182,8.262788
1.390,10.292513,8.261920
1.391,10.289845,8.261052
1.392,10.287175,8.260184
1.393,10.285047,8.259280
1.394,10.283302,8.258350
1.395,10.281558,8.257421
1.396,10.279814,8.256492
1.397,10.278652,8.255566
1.398,10.277906,8.254642
1.399,10.277161,8.253718
1.400,10.276414,8.252795
1.401,10.276114,8.251967
1.402,10.276134,8.251209
1.403,10.276152,8.250450
1.404,10.276171,8.249691
1.405,10.276712,8.249088
1.406,10.277628,8.248597
1.407,10.278543,8.248106
1.408,10.279458,8.247615
1.409,10.280860,8.247267
1.410,10.282610,8.247020
1.411,10.284360,8.246773
1.412,10.286110,8.246527
1.413,10.288514,8.246491
1.414,10.291386,8.246606
1.415,10.294256,8.246721
1.416,10.297128,8.246837
1.417,10.300646,8.247043
1.418,10.304626,8.247313
1.419,10.308607,8.247584
1.420,10.312588,8.247855
1.421,10.317383,8.248252
1.422,10.322758,8.248737
1.423,10.328133,8.249224
1.424,10.333508,8.249710
1.425,10.339587,8.250271
1.426,10.346169,8.250885
1.427,10.352750,8.251500
1.428,10.359330,8.252114
1.429,10.366446,8.252823
1.430,10.373942,8.253599
1.431,10.381438,8.254375
1.432,10.388934,8.255151
1.433,10.397183,8.255882
1.434,10.405970,8.256584
1.435,10.414755,8.257285
1.436,10.423541,8.257986
1.437,10.433059,8.258914
1.438,10.443099,8.260004
1.439,10.453139,8.261093
1.440,10.463179,8.262183
1.441,10.473811,8.264452
1.442,10.484865,8.267560
1.443,10.495919,8.270669
1.444,10.506973,8.273777
1.445,10.518767,8.279974
1.446,10.531089,8.288370
1.447,10.543410,8.296767
1.448,10.555732,8.305163
1.449,10.568416,8.315698
1.450,10.581357,8.327754
1.451,10.594299,8.339810
1.452,10.607241,8.351867
1.453,10.620250,8.365699
1.454,10.633307,8.380795
1.455,10.646365,8.395891
1.456,10.659423,8.410988
1.457,10.672173,8.426078
1.458,10.684703,8.441162
1.459,10.697233,8.456247
1.460,10.709763,8.471333
1.461,10.721829,8.484937
1.462,10.733567,8.497487
1.463,10.745304,8.510037
1.464,10.757041,8.522588
1.465,10.767978,8.532075
1.466,10.778345,8.539381
1.467,10.788712,8.546687
1.468,10.799079,8.553993
1.469,10.808016,8.559118
1.470,10.815933,8.562690
1.471,10.823852,8.566261
1.472,10.831769,8.569833
1.473,10.837879,8.573338
1.474,10.842700,8.576795
1.475,10.847522,8.580251
1.476,10.852344,8.583708
1.477,10.854802,8.587232
1.478,10.855577,8.590802
1.479,10.856352,8.594374
1.480,10.857127,8.597944
1.481,10.855899,8.601691
1.482,10.853245,8.605563
1.483,10.850590,8.609435
1.484,10.847935,8.613307
1.485,10.843890,8.617266
1.486,10.838857,8.621286
1.487,10.833822,8.625306
1.488,10.828789,8.629327
1.489,10.822296,8.633243
1.490,10.814765,8.637083
1.491,10.807234,8.640924
1.492,10.799703,8.644765
1.493,10.791189,8.647353
1.494,10.781977,8.649050
1.495,10.772764,8.650747
1.496,10.763552,8.652444
1.497,10.753582,8.651121
1.498,10.743073,8.647648
1.499,10.732564,8.644176
1.500,10.722055,8.640702
1.501,10.711093,8.635091
1.502,10.699807,8.627955
1.503,10.688520,8.620820
1.504,10.677235,8.613685
1.505,10.665640,8.604770
1.506,10.653826,8.594588
1.507,10.642012,8.584407
1.508,10.630198,8.574225
1.509,10.618407,8.564033
1.510,10.606634,8.553830
1.511,10.594861,8.543628
1.512,10.583088,8.533425
1.513,10.571918,8.524557
1.514,10.561177,8.516638
1.515,10.550436,8.508719
1.516,10.539695,8.500800
1.517,10.529959,8.495825
1.518,10.520937,8.492947
1.519,10.511916,8.490068
1.520,10.502894,8.487190
1.521,10.495208,8.486316
1.522,10.488471,8.486868
1.523,10.481734,8.487421
1.524,10.474998,8.487974
1.525,10.469202,8.488464
1.526,10.464076,8.488910
1.527,10.458949,8.489355
1.528,10.453823,8.489800
1.529,10.449181,8.490136
1.530,10.444881,8.490393
1.531,10.440583,8.490650
1.532,10.436284,8.490908
1.533,10.432386,8.490954
1.534,10.428773,8.490850
1.535,10.425160,8.490747
1.536,10.421548,8.490644
1.537,10.418289,8.490449
1.538,10.415281,8.490189
1.539,10.412274,8.489928
1.540,10.409267,8.489668
1.541,10.406549,8.489396
1.542,10.404037,8.489116
1.543,10.401525,8.488834
1.544,10.399014,8.488554
1.545,10.396910,8.488271
1.546,10.395095,8.487986
1.547,10.393280,8.487701
1.548,10.391465,8.487416
1.549,10.389965,8.486968
1.550,10.388690,8.486403
1.551,10.387415,8.485838
1.552,10.386139,8.485272
1.553,10.385139,8.484545
1.554,10.384335,8.483701
1.555,10.383530,8.482857
1.556,10.382725,8.482012
1.557,10.382197,8.481027
1.558,10.381867,8.479939
1.559,10.381536,8.478853
1.560,10.381207,8.477766
1.561,10.381153,8.476525
1.562,10.381296,8.475174
1.563,10.381440,8.473823
1.564,10.381583,8.472471
1.565,10.382063,8.471154
1.566,10.382783,8.469862
1.567,10.383502,8.468569
1.568,10.384221,8.467277
1.569,10.385345,8.466012
1.570,10.386759,8.464767
1.571,10.388171,8.463522
1.572,10.389585,8.462277
1.573,10.391245,8.461247
1.574,10.393082,8.460372
1.575,10.394918,8.459496
1.576,10.396756,8.458619
1.577,10.398877,8.457673
1.578,10.401202,8.456677
1.579,10.403526,8.455681
1.580,10.405850,8.454685
1.581,10.408599,8.453578
1.582,10.411649,8.452393
1.583,10.414699,8.451206
1.584,10.417749,8.450021
1.585,10.421157,8.448763
1.586,10.424821,8.447453
1.587,10.428484,8.446142
1.588,10.432148,8.444832
1.589,10.436136,8.443417
1.590,10.440355,8.441928
1.591,10.444574,8.440438
1.592,10.448794,8.438950
1.593,10.453502,8.437417
1.594,10.458558,8.435853
1.595,10.463614,8.434290
1.596,10.468670,8.432727
1.597,10.474279,8.431612
1.598,10.480285,8.430818
1.599,10.486289,8.430023
1.600,10.492294,8.429229
1.601,10.498699,8.429684
1.602,10.505391,8.431028
1.603,10.512082,8.432373
1.604,10.518773,8.433718
1.605,10.525638,8.437587
1.606,10.532625,8.443254
1.607,10.539614,8.448919
1.608,10.546601,8.454586
1.609,10.553297,8.462304
1.610,10.559786,8.471482
1.611,10.566275,8.480661
1.612,10.572763,8.489840
1.613,10.578761,8.499809
1.614,10.584410,8.510341
1.615,10.590057,8.520873
1.616,10.595706,8.531405
1.617,10.600650,8.541844
1.618,10.605093,8.552218
1.619,10.609535,8.562592
1.620,10.613977,8.572966
1.621,10.617670,8.582488
1.622,10.620830,8.591404
1.623,10.623988,8.600320
1.624,10.627147,8.609236
1.625,10.629208,8.616037
1.626,10.630486,8.621332
1.627,10.631764,8.626627
1.628,10.633042,8.631922
1.629,10.633269,8.636018
1.630,10.632747,8.639258
1.631,10.632223,8.642499
1.632,10.631701,8.645740
1.633,10.629904,8.647335
1.634,10.627198,8.647758
1.635,10.624494,8.648182
1.636,10.621789,8.648605
1.637,10.617437,8.647127
1.638,10.611914,8.644294
1.639,10.606390,8.641459
1.640,10.600866,8.638626
1.641,10.593630,8.635839
1.642,10.585174,8.633083
1.643,10.576718,8.630328
1.644,10.568262,8.627574
1.645,10.558399,8.624763
1.646,10.547532,8.621912
1.647,10.536666,8.619061
1.648,10.525799,8.616211
1.649,10.514252,8.612885
1.650,10.502220,8.609222
1.651,10.490189,8.605559
1.652,10.478156,8.601896
1.653,10.465854,8.597075
1.654,10.453359,8.591429
1.655,10.440863,8.585783
1.656,10.428368,8.580137
1.657,10.415774,8.572069
1.658,10.403111,8.562277
1.659,10.390449,8.552485
1.660,10.377787,8.542692
1.661,10.365296,8.530906
1.662,10.352930,8.517697
1.663,10.340564,8.504489
1.664,10.328197,8.491281
1.665,10.315987,8.477322
1.666,10.303887,8.462830
1.667,10.291787,8.448338
1.668,10.279687,8.433846
1.669,10.268051,8.419453
1.670,10.256745,8.405130
1.671,10.245440,8.390809
1.672,10.234135,8.376487
1.673,10.223427,8.362977
1.674,10.213143,8.350044
1.675,10.202860,8.337111
1.676,10.192577,8.324179
1.677,10.182921,8.313066
1.678,10.173714,8.303251
1.679,10.164505,8.293435
1.680,10.155297,8.283620
1.681,10.146964,8.275057
1.682,10.139255,8.267386
1.683,10.131544,8.259716
1.684,10.123835,8.252046
1.685,10.117189,8.246290
1.686,10.111301,8.241898
1.687,10.105414,8.237506
1.688,10.099526,8.233114
1.689,10.094641,8.230844
1.690,10.090467,8.230087
1.691,10.086295,8.229330
1.692,10.082122,8.228573
1.693,10.078374,8.227960
1.694,10.074929,8.227448
1.695,10.071485,8.226938
1.696,10.068040,8.226427
1.697,10.064868,8.226060
1.698,10.061891,8.225795
1.699,10.058913,8.225530
1.700,10.055937,8.225266
1.701,10.053211,8.225092
1.702,10.050666,8.224984
1.703,10.048120,8.224875
1.704,10.045575,8.224768
1.705,10.043072,8.224751
1.706,10.040598,8.224801
1.707,10.038124,8.224851
1.708,10.035650,8.224899
1.709,10.033483,8.225019
1.710,10.031533,8.225187
1.711,10.029584,8.225356
1.712,10.027634,8.225525
1.713,10.025990,8.225834
1.714,10.024563,8.226243
1.715,10.023136,8.226652
1.716,10.021708,8.227061
1.717,10.020476,8.227650
1.718,10.019382,8.228366
1.719,10.018287,8.229083
1.720,10.017192,8.229799
1.721,10.016366,8.230595
1.722,10.015731,8.231446
1.723,10.015097,8.232298
1.724,10.014462,8.233150
1.725,10.014147,8.234015
1.726,10.014061,8.234891
1.727,10.013974,8.235766
1.728,10.013888,8.236642
1.729,10.013879,8.237638
1.730,10.013924,8.238717
1.731,10.013968,8.239798
1.732,10.014013,8.240878
1.733,10.013919,8.242019
1.734,10.013723,8.243202
1.735,10.013529,8.244386
1.736,10.013334,8.245569
1.737,10.013206,8.246727
1.738,10.013124,8.247867
1.739,10.013042,8.249007
1.740,10.012961,8.250147
1.741,10.013116,8.251276
1.742,10.013439,8.252398
1.743,10.013763,8.253520
1.744,10.014087,8.254642
1.745,10.014672,8.255866
1.746,10.015446,8.257162
1.747,10.016218,8.258459
1.748,10.016992,8.259755
1.749,10.018138,8.261099
1.750,10.019551,8.262475
1.751,10.020964,8.263851
1.752,10.022377,8.265228
1.753,10.023898,8.266687
1.754,10.025496,8.268206
1.755,10.027095,8.269724
1.756,10.028694,8.271242
1.757,10.030310,8.272923
1.758,10.031938,8.274722
1.759,10.033566,8.276520
1.760,10.035193,8.278318
1.761,10.036932,8.280357
1.762,10.038750,8.282570
1.763,10.040567,8.284781
1.764,10.042385,8.286993
1.765,10.044550,8.289223
1.766,10.046961,8.291466
1.767,10.049373,8.293709
1.768,10.051784,8.295952
1.769,10.054229,8.298100
1.770,10.056697,8.300179
1.771,10.059165,8.302258
1.772,10.061633,8.304338
1.773,10.064146,8.306510
1.774,10.066689,8.308747
1.775,10.069233,8.310985
1.776,10.071776,8.313222
1.777,10.074651,8.315534
1.778,10.077762,8.317898
1.779,10.080872,8.320262
1.780,10.083982,8.322626
1.781,10.087116,8.325120
1.782,10.090266,8.327706
1.783,10.093415,8.330293
1.784,10.096565,8.332880
1.785,10.099662,8.335524
1.786,10.102719,8.338209
1.787,10.105778,8.340894
1.788,10.108835,8.343579
1.789,10.111746,8.346291
1.790,10.114552,8.349021
1.791,10.117358,8.351750
1.792,10.120165,8.354481
1.793,10.123041,8.357187
1.794,10.125967,8.359878
1.795,10.128893,8.362568
1.796,10.131819,8.365258
1.797,10.134887,8.367858
1.798,10.138057,8.370392
1.799,10.141227,8.372927
1.800,10.144397,8.375461
1.801,10.147637,8.377975
1.802,10.150928,8.380475
1.803,10.154220,8.382975
1.804,10.157510,8.385474
1.805,10.160803,8.387786
1.806,10.164097,8.389965
1.807,10.167390,8.392144
1.808,10.170684,8.394323
1.809,10.173737,8.396376
1.810,10.176617,8.398339
1.811,10.179497,8.400303
1.812,10.182378,8.402267
1.813,10.185341,8.404014
1.814,10.188363,8.405606
1.815,10.191386,8.407200
1.816,10.194408,8.408793
1.817,10.197467,8.410293
1.818,10.200549,8.411724
1.819,10.203631,8.413156
1.820,10.206714,8.414587
1.821,10.209608,8.415952
1.822,10.212368,8.417270
1.823,10.215129,8.418588
1.824,10.217889,8.419906
1.825,10.220676,8.421097
1.826,10.223484,8.422197
1.827,10.226291,8.423298
1.828,10.229098,8.424398
1.829,10.231901,8.425444
1.830,10.234703,8.426451
1.831,10.237504,8.427457
1.832,10.240305,8.428463
1.833,10.243107,8.429433
1.834,10.245910,8.430376
1.835,10.248713,8.431320
1.836,10.251515,8.432263
1.837,10.254273,8.433163
1.838,10.256999,8.434029
1.839,10.259726,8.434896
1.840,10.262451,8.435761
1.841,10.265041,8.436489
1.842,10.267534,8.437119
1.843,10.270028,8.437748
1.844,10.272521,8.438377
1.845,10.274886,8.438908
1.846,10.277159,8.439367
1.847,10.279431,8.439828
1.848,10.281704,8.440288
1.849,10.283810,8.440677
1.850,10.285797,8.441015
1.851,10.287786,8.441354
1.852,10.289773,8.441692
1.853,10.291684,8.441930
1.854,10.293542,8.442094
1.855,10.295399,8.442258
1.856,10.297256,8.442422
1.857,10.298931,8.442503
1.858,10.300475,8.442523
1.859,10.302019,8.442544
1.860,10.303563,8.442565
1.861,10.304832,8.442475
1.862,10.305906,8.442308
1.863,10.306979,8.442141
1.864,10.308053,8.441973
1.865,10.308888,8.441728
1.866,10.309555,8.441428
1.867,10.310222,8.441128
1.868,10.310887,8.440828
1.869,10.311213,8.440471
1.870,10.311294,8.440072
1.871,10.311376,8.439673
1.872,10.311457,8.439275
1.873,10.311351,8.438818
1.874,10.311111,8.438320
1.875,10.310872,8.437822
1.876,10.310633,8.437325
1.877,10.310191,8.436713
1.878,10.309607,8.436022
1.879,10.309021,8.435330
1.880,10.308436,8.434639
1.881,10.307640,8.433867
1.882,10.306693,8.433040
1.883,10.305746,8.432212
1.884,10.304799,8.431384
1.885,10.303752,8.430289
1.886,10.302634,8.429006
1.887,10.301516,8.427721
1.888,10.300398,8.426436
1.889,10.299134,8.424970
1.890,10.297767,8.423373
1.891,10.296400,8.421776
1.892,10.295033,8.420179
1.893,10.293602,8.418523
1.894,10.292126,8.416825
1.895,10.290650,8.415127
1.896,10.289174,8.413429
1.897,10.287646,8.411679
1.898,10.286080,8.409894
1.899,10.284515,8.408108
1.900,10.282950,8.406322
1.901,10.281508,8.404496
1.902,10.280155,8.402640
1.903,10.278802,8.400784
1.904,10.277449,8.398929
1.905,10.276340,8.397014
1.906,10.275408,8.395055
1.907,10.274474,8.393096
1.908,10.273540,8.391137
1.909,10.272701,8.389228
1.910,10.271929,8.387352
1.911,10.271156,8.385477
1.912,10.270384,8.383602
1.913,10.269817,8.381385
1.914,10.269397,8.378923
1.915,10.268977,8.376462
1.916,10.268557,8.374002
1.917,10.268346,8.371490
1.918,10.268284,8.368941
1.919,10.268223,8.366393
1.920,10.268161,8.363845
1.921,10.268610,8.361193
1.922,10.269423,8.358468
1.923,10.270236,8.355742
1.924,10.271049,8.353018
1.925,10.272304,8.350224
1.926,10.273872,8.347380
1.927,10.275441,8.344536
1.928,10.277011,8.341692
1.929,10.279265,8.338902
1.930,10.282010,8.336152
1.931,10.284754,8.333401
1.932,10.287498,8.330649
1.933,10.291095,8.328632
1.934,10.295300,8.327138
1.935,10.299506,8.325644
1.936,10.303712,8.324149
1.937,10.308400,8.322746
1.938,10.313433,8.321409
1.939,10.318464,8.320072
1.940,10.323496,8.318735
1.941,10.328815,8.317454
1.942,10.334338,8.316214
1.943,10.339862,8.314973
1.944,10.345386,8.313731
1.945,10.350967,8.312630
1.946,10.356590,8.311626
1.947,10.362214,8.310623
1.948,10.367838,8.309621
1.949,10.373612,8.308742
1.950,10.379494,8.307950
1.951,10.385375,8.307159
1.952,10.391256,8.306369
1.953,10.397285,8.305593
1.954,10.403419,8.304826
1.955,10.409553,8.304060
1.956,10.415686,8.303293
1.957,10.421928,8.302781
1.958,10.428248,8.302450
1.959,10.434568,8.302118
1.960,10.440887,8.301787
1.961,10.446974,8.301650
1.962,10.452892,8.301651
1.963,10.458812,8.301653
1.964,10.464731,8.301654
1.965,10.470175,8.302274
1.966,10.475279,8.303334
1.967,10.480383,8.304395
1.968,10.485487,8.305455
1.969,10.490027,8.306787
1.970,10.494168,8.308312
1.971,10.498308,8.309838
1.972,10.502448,8.311364
1.973,10.505829,8.313569
1.974,10.508668,8.316259
1.975,10.511507,8.318950
1.976,10.514346,8.321640
1.977,10.516327,8.324612
1.978,10.517698,8.327784
1.979,10.519070,8.330956
1.980,10.520440,8.334127
1.981,10.521091,8.336976
1.982,10.521231,8.339593
1.983,10.521370,8.342210
1.984,10.521508,8.344827
1.985,10.520984,8.345515
1.986,10.519986,8.344831
1.987,10.518989,8.344145
1.988,10.517991,8.343460
1.989,10.516244,8.342670
1.990,10.513963,8.341807
1.991,10.511681,8.340944
1.992,10.509399,8.340081
1.993,10.506163,8.339273
1.994,10.502245,8.338505
1.995,10.498328,8.337736
1.996,10.494411,8.336967
1.997,10.489794,8.336137
1.998,10.484679,8.335260
1.999,10.479566,8.334385
2.000,10.474451,8.333509
2.001,10.468931,8.332597
2.002,10.463123,8.331656
2.003,10.457314,8.330717
2.004,10.451507,8.329778
2.005,10.445573,8.328885
2.006,10.439549,8.328027
2.007,10.433527,8.327168
2.008,10.427504,8.326310
2.009,10.421216,8.325416
2.010,10.414741,8.324493
2.011,10.408265,8.323572
2.012,10.401790,8.322651
2.013,10.395170,8.321758
2.014,10.388449,8.320887
2.015,10.381727,8.320015
2.016,10.375006,8.319143
2.017,10.367980,8.318048
2.018,10.360739,8.316793
2.019,10.353497,8.315539
2.020,10.346255,8.314284
2.021,10.338603,8.312889
2.022,10.330658,8.311394
2.023,10.322713,8.309898
2.024,10.314768,8.308403
2.025,10.306725,8.306331
2.026,10.298611,8.303848
2.027,10.290498,8.301365
2.028,10.282384,8.298882
2.029,10.274062,8.296288
2.030,10.265592,8.293617
2.031,10.257121,8.290946
2.032,10.248651,8.288275
2.033,10.240465,8.286028
2.034,10.232482,8.284082
2.035,10.224500,8.282138
2.036,10.216516,8.280192
2.037,10.209105,8.279664
2.038,10.202101,8.280145
2.039,10.195096,8.280624
2.040,10.188091,8.281105
2.041,10.181369,8.281825
2.042,10.174849,8.282716
2.043,10.168328,8.283607
2.044,10.161808,8.284498
2.045,10.155499,8.285474
2.046,10.149343,8.286509
2.047,10.143185,8.287543
2.048,10.137027,8.288578
2.049,10.131101,8.289696
2.050,10.125339,8.290872
2.051,10.119576,8.292048
2.052,10.113814,8.293225
2.053,10.108406,8.294469
2.054,10.103249,8.295759
2.055,10.098091,8.297050
2.056,10.092935,8.298342
2.057,10.088196,8.299807
2.058,10.083756,8.301395
2.059,10.079317,8.302983
2.060,10.074878,8.304572
2.061,10.070969,8.306201
2.062,10.067438,8.307858
2.063,10.063908,8.309514
2.064,10.060377,8.311171
2.065,10.057628,8.312823
2.066,10.055435,8.314471
2.067,10.053243,8.316120
2.068,10.051050,8.317769
2.069,10.049570,8.319445
2.070,10.048598,8.321139
2.071,10.047626,8.322834
2.072,10.046653,8.324529
2.073,10.046743,8.326201
2.074,10.047590,8.327859
2.075,10.048437,8.329517
2.076,10.049284,8.331175
2.077,10.050742,8.332927
2.078,10.052636,8.334745
2.079,10.054529,8.336564
2.080,10.056422,8.338383
2.081,10.058711,8.340249
2.082,10.061282,8.342150
2.083,10.063852,8.344049
2.084,10.066423,8.345950
2.085,10.069604,8.347867
2.086,10.073218,8.349795
2.087,10.076834,8.351724
2.088,10.080448,8.353653
2.089,10.084464,8.355406
2.090,10.088765,8.357034
2.091,10.093066,8.358663
2.092,10.097367,8.360291
2.093,10.101892,8.361945
2.094,10.106575,8.363619
2.095,10.111258,8.365292
2.096,10.115941,8.366965
2.097,10.121019,8.368638
2.098,10.126379,8.370310
2.099,10.131740,8.371982
2.100,10.137099,8.373654
2.101,10.142782,8.375390
2.102,10.148694,8.377171
2.103,10.154607,8.378952
2.104,10.160519,8.380733
2.105,10.166767,8.382540
2.106,10.173254,8.384365
2.107,10.179741,8.386190
2.108,10.186228,8.388017
2.109,10.192900,8.389713
2.110,10.199703,8.391317
2.111,10.206507,8.392922
2.112,10.213309,8.394527
2.113,10.220284,8.395999
2.114,10.227378,8.397376
2.115,10.234472,8.398752
2.116,10.241567,8.400129
2.117,10.248725,8.401410
2.118,10.255927,8.402624
2.119,10.263129,8.403838
2.120,10.270331,8.405052
2.121,10.277564,8.406268
2.122,10.284818,8.407487
2.123,10.292071,8.408706
2.124,10.299325,8.409925
2.125,10.306802,8.411172
2.126,10.314438,8.412438
2.127,10.322075,8.413705
2.128,10.329711,8.414971
2.129,10.337386,8.416269
2.130,10.345089,8.417591
2.131,10.352793,8.418912
2.132,10.360496,8.420234
2.133,10.368256,8.421514
2.134,10.376058,8.422764
2.135,10.383859,8.424014
2.136,10.391661,8.425264
2.137,10.399796,8.426502
2.138,10.408171,8.427732
2.139,10.416544,8.428961
2.140,10.424918,8.430191
2.141,10.433572,8.431587
2.142,10.442424,8.433103
2.143,10.451276,8.434617
2.144,10.460128,8.436132
2.145,10.469310,8.437656
2.146,10.478728,8.439188
2.147,10.488147,8.440719
2.148,10.497565,8.442249
2.149,10.507165,8.444149
2.150,10.516894,8.446312
2.151,10.526625,8.448474
2.152,10.536354,8.450637
2.153,10.546092,8.454106
2.154,10.555837,8.458508
2.155,10.565580,8.462909
2.156,10.575325,8.467310
2.157,10.584849,8.474217
2.158,10.594217,8.482911
2.159,10.603586,8.491604
2.160,10.612954,8.500298
2.161,10.621777,8.508924
2.162,10.630210,8.517504
2.163,10.638643,8.526083
2.164,10.647077,8.534662
2.165,10.655052,8.542715
2.166,10.662701,8.550392
2.167,10.670350,8.558070
2.168,10.677999,8.565748
2.169,10.685032,8.572510
2.170,10.691625,8.578619
2.171,10.698218,8.584729
2.172,10.704812,8.590838
2.173,10.710878,8.596733
2.174,10.716571,8.602475
2.175,10.722262,8.608217
2.176,10.727954,8.613958
2.177,10.733187,8.619263
2.178,10.738093,8.624256
2.179,10.742999,8.629249
2.180,10.747906,8.634241
2.181,10.752041,8.638784
2.182,10.755627,8.643008
2.183,10.759212,8.647232
2.184,10.762798,8.651456
2.185,10.765417,8.655359
2.186,10.767347,8.659036
2.187,10.769277,8.662711
2.188,10.771207,8.666388
2.189,10.772132,8.669853
2.190,10.772340,8.673169
2.191,10.772549,8.676485
2.192,10.772757,8.679801
2.193,10.772038,8.682830
2.194,10.770658,8.685653
2.195,10.769279,8.688477
2.196,10.767900,8.691299
2.197,10.765818,8.693682
2.198,10.763236,8.695748
2.199,10.760654,8.697815
2.200,10.758073,8.699882
2.201,10.754856,8.700327
2.202,10.751187,8.699617
2.203,10.747518,8.698908
2.204,10.743849,8.698198
2.205,10.739654,8.695616
2.206,10.735085,8.691700
2.207,10.730516,8.687785
2.208,10.725948,8.683869
2.209,10.720843,8.677232
2.210,10.715356,8.668655
2.211,10.709868,8.660080
2.212,10.704382,8.651504
2.213,10.698487,8.642825
2.214,10.692304,8.634075
2.215,10.686120,8.625324
2.216,10.679935,8.616573
2.217,10.673370,8.608168
2.218,10.666533,8.600007
2.219,10.659697,8.591846
2.220,10.652859,8.583686
2.221,10.645695,8.576346
2.222,10.638298,8.569592
2.223,10.630901,8.562839
2.224,10.623505,8.556085
2.225,10.615999,8.549319
2.226,10.608415,8.542544
2.227,10.600830,8.535770
2.228,10.593246,8.528996
2.229,10.585505,8.522473
2.230,10.577652,8.516131
2.231,10.569799,8.509789
2.232,10.561946,8.503447
2.233,10.554026,8.497334
2.234,10.546057,8.491386
2.235,10.538089,8.485438
2.236,10.530120,8.479490
2.237,10.522158,8.473595
2.238,10.514200,8.467734
2.239,10.506243,8.461875
2.240,10.498285,8.456015
2.241,10.490326,8.450054
2.242,10.482366,8.444022
2.243,10.474405,8.437990
2.244,10.466445,8.431958
2.245,10.458632,8.425857
2.246,10.450926,8.419704
2.247,10.443218,8.413552
2.248,10.435512,8.407401
2.249,10.427960,8.401571
2.250,10.420520,8.395972
2.251,10.413080,8.390373
2.252,10.405640,8.384774
2.253,10.398721,8.380329
2.254,10.392173,8.376706
2.255,10.385625,8.373082
2.256,10.379076,8.369459
2.257,10.372685,8.366100
2.258,10.366406,8.362929
2.259,10.360126,8.359759
2.260,10.353848,8.356589
2.261,10.347855,8.353419
2.262,10.342066,8.350249
2.263,10.336276,8.347079
2.264,10.330487,8.343909
2.265,10.324946,8.340776
2.266,10.319582,8.337671
2.267,10.314219,8.334565
2.268,10.308854,8.331460
2.269,10.303696,8.328403
2.270,10.298684,8.325382
2.271,10.293674,8.322362
2.272,10.288662,8.319341
2.273,10.283930,8.316305
2.274,10.279396,8.313259
2.275,10.274863,8.310214
2.276,10.270329,8.307168
2.277,10.265891,8.304236
2.278,10.261519,8.301384
2.279,10.257148,8.298532
2.280,10.252776,8.295681
2.281,10.248607,8.292897
2.282,10.244581,8.290162
2.283,10.240556,8.287426
2.284,10.236530,8.284691
2.285,10.232733,8.282063
2.286,10.229098,8.279513
2.287,10.225464,8.276962
2.288,10.221829,8.274412
2.289,10.218421,8.272034
2.290,10.215172,8.269778
2.291,10.211924,8.267523
2.292,10.208675,8.265267
2.293,10.205778,8.263111
2.294,10.203131,8.261026
2.295,10.200483,8.258942
2.296,10.197836,8.256856
2.297,10.195180,8.254977
2.298,10.192517,8.253245
2.299,10.189856,8.251513
2.300,10.187193,8.249782
2.301,10.184735,8.248099
2.302,10.182423,8.246452
2.303,10.180110,8.244804
2.304,10.177797,8.243157
2.305,10.175667,8.241707
2.306,10.173668,8.240397
2.307,10.171668,8.239088
2.308,10.169668,8.237778
2.309,10.167750,8.236621
2.310,10.165890,8.235572
2.311,10.164029,8.234524
2.312,10.162169,8.233475
2.313,10.160241,8.232562
2.314,10.158265,8.231747
2.315,10.156290,8.230930
2.316,10.154314,8.230115
2.317,10.152233,8.229465
2.318,10.150077,8.228931
2.319,10.147921,8.228399
2.320,10.145764,8.227866
2.321,10.143520,8.227560
2.322,10.141215,8.227414
2.323,10.138909,8.227268
2.324,10.136604,8.227123
2.325,10.134088,8.227116
2.326,10.131422,8.227207
2.327,10.128756,8.227299
2.328,10.126090,8.227390
2.329,10.123244,8.227715
2.330,10.120271,8.228207
2.331,10.117297,8.228698
2.332,10.114324,8.229189
2.333,10.111174,8.229771
2.334,10.107899,8.230417
2.335,10.104623,8.231065
2.336,10.101348,8.231711
2.337,10.098001,8.232549
2.338,10.094602,8.233522
2.339,10.091203,8.234496
2.340,10.087804,8.235469
2.341,10.084548,8.236245
2.342,10.081396,8.236880
2.343,10.078243,8.237516
2.344,10.075090,8.238152
2.345,10.072192,8.238674
2.346,10.069475,8.239116
2.347,10.066758,8.239558
2.348,10.064041,8.240000
2.349,10.061620,8.240362
2.350,10.059409,8.240668
2.351,10.057199,8.240974
2.352,10.054988,8.241281
2.353,10.053209,8.241537
2.354,10.051737,8.241757
2.355,10.050265,8.241979
2.356,10.048794,8.242199
2.357,10.047958,8.242248
2.358,10.047576,8.242174
2.359,10.047194,8.242102
2.360,10.046811,8.242028
2.361,10.047107,8.241989
2.362,10.047885,8.241974
2.363,10.048663,8.241960
2.364,10.049441,8.241944
2.365,10.051000,8.241920
2.366,10.053113,8.241889
2.367,10.055225,8.241858
2.368,10.057339,8.241826
2.369,10.060053,8.241786
2.370,10.063194,8.241739
2.371,10.066336,8.241693
2.372,10.069477,8.241647
2.373,10.073362,8.241580
2.374,10.077778,8.241499
2.375,10.082192,8.241418
2.376,10.086608,8.241337
2.377,10.091605,8.241392
2.378,10.097016,8.241544
2.379,10.102428,8.241695
2.380,10.107840,8.241847
2.381,10.113525,8.242105
2.382,10.119406,8.242440
2.383,10.125287,8.242776
2.384,10.131167,8.243111
2.385,10.137382,8.243491
2.386,10.143833,8.243905
2.387,10.150285,8.244319
2.388,10.156736,8.244733
2.389,10.163386,8.245081
2.390,10.170179,8.245382
2.391,10.176971,8.245684
2.392,10.183764,8.245985
2.393,10.190530,8.246704
2.394,10.197276,8.247721
2.395,10.204023,8.248736
2.396,10.210770,8.249753
2.397,10.217587,8.251053
2.398,10.224455,8.252556
2.399,10.231323,8.254058
2.400,10.238191,8.255561
2.401,10.244818,8.257098
2.402,10.251273,8.258660
2.403,10.257730,8.260223
2.404,10.264185,8.261786
2.405,10.270448,8.263515
2.406,10.276572,8.265365
2.407,10.282698,8.267214
2.408,10.288822,8.269063
2.409,10.294566,8.271107
2.410,10.300039,8.273288
2.411,10.305511,8.275469
2.412,10.310985,8.277651
2.413,10.316236,8.279913
2.414,10.321331,8.282233
2.415,10.326426,8.284554
2.416,10.331521,8.286875
2.417,10.336230,8.289245
2.418,10.340665,8.291650
2.419,10.345099,8.294055
2.420,10.349534,8.296461
2.421,10.353845,8.298866
2.422,10.358067,8.301271
2.423,10.362288,8.303677
2.424,10.366510,8.306082
2.425,10.370758,8.308462
2.426,10.375023,8.310824
2.427,10.379289,8.313187
2.428,10.383554,8.315549
2.429,10.387649,8.317872
2.430,10.391621,8.320167
2.431,10.395594,8.322462
2.432,10.399566,8.324758
2.433,10.403632,8.326885
2.434,10.407766,8.328894
2.435,10.411901,8.330901
2.436,10.416035,8.332910
2.437,10.420372,8.334908
2.438,10.424853,8.336901
2.439,10.429336,8.338894
2.440,10.433818,8.340886
2.441,10.438344,8.342786
2.442,10.442903,8.344620
2.443,10.447461,8.346453
2.444,10.452020,8.348287
2.445,10.456934,8.349897
2.446,10.462102,8.351349
2.447,10.467270,8.352800
2.448,10.472438,8.354253
2.449,10.477945,8.355532
2.450,10.483695,8.356687
2.451,10.489444,8.357842
2.452,10.495193,8.358997
2.453,10.501459,8.360182
2.454,10.508094,8.361388
2.455,10.514728,8.362594
2.456,10.521361,8.363800
2.457,10.528399,8.366404
2.458,10.535725,8.370003
2.459,10.543050,8.373602
2.460,10.550376,8.377201
2.461,10.558221,8.383646
2.462,10.566438,8.392118
2.463,10.574654,8.400589
2.464,10.582870,8.409061
2.465,10.591418,8.416816
2.466,10.600202,8.424060
2.467,10.608986,8.431303
2.468,10.617769,8.438547
2.469,10.626811,8.445721
2.470,10.636037,8.452843
2.471,10.645263,8.459966
2.472,10.654489,8.467088
2.473,10.663796,8.474151
2.474,10.673163,8.481170
2.475,10.682531,8.488190
2.476,10.691898,8.495209
2.477,10.701004,8.503846
2.478,10.709925,8.513637
2.479,10.718844,8.523427
2.480,10.727765,8.533216
2.481,10.736260,8.542879
2.482,10.744452,8.552450
2.483,10.752645,8.562022
2.484,10.760838,8.571593
2.485,10.768501,8.579700
2.486,10.775789,8.586762
2.487,10.783076,8.593824
2.488,10.790363,8.600887
2.489,10.796912,8.607732
2.490,10.802934,8.614422
2.491,10.808956,8.621111
2.492,10.814978,8.627800
2.493,10.820291,8.634184
2.494,10.825097,8.640349
2.495,10.829904,8.646515
2.496,10.834710,8.652680
2.497,10.838719,8.658422
2.498,10.842159,8.663862
2.499,10.845600,8.669302
2.500,10.849040,8.674743
2.501,10.851862,8.679899
2.502,10.854244,8.684853
2.503,10.856626,8.689807
2.504,10.859007,8.694760
2.505,10.860516,8.699468
2.506,10.861402,8.703999
2.507,10.862288,8.708529
2.508,10.863174,8.713060
2.509,10.862914,8.715507
2.510,10.861837,8.716469
2.511,10.860760,8.717431
2.512,10.859683,8.718392
2.513,10.857654,8.715882
2.514,10.854945,8.710897
2.515,10.852237,8.705914
2.516,10.849528,8.700929
2.517,10.846052,8.696403
2.518,10.842029,8.692202
2.519,10.838005,8.688001
2.520,10.833982,8.683800
2.521,10.829485,8.679476
2.522,10.824651,8.675064
2.523,10.819818,8.670652
2.524,10.814983,8.666241
2.525,10.809706,8.661617
2.526,10.804111,8.656844
2.527,10.798515,8.652072
2.528,10.792920,8.647299
2.529,10.787131,8.640693
2.530,10.781204,8.632780
2.531,10.775277,8.624867
2.532,10.769350,8.616955
2.533,10.763274,8.609000
2.534,10.757091,8.601014
2.535,10.750908,8.593028
2.536,10.744724,8.585042
2.537,10.738527,8.578385
2.538,10.732321,8.572676
2.539,10.726114,8.566967
2.540,10.719908,8.561257
2.541,10.713736,8.555572
2.542,10.707587,8.549901
2.543,10.701440,8.544231
2.544,10.695292,8.538561
2.545,10.689029,8.533072
2.546,10.682683,8.527714
2.547,10.676338,8.522355
2.548,10.669993,8.516996
2.549,10.663708,8.511994
2.550,10.657464,8.507247
2.551,10.651220,8.502500
2.552,10.644977,8.497752
2.553,10.639119,8.493233
2.554,10.633536,8.488875
2.555,10.627954,8.484519
2.556,10.622371,8.480162
2.557,10.617136,8.475968
2.558,10.612147,8.471891
2.559,10.607160,8.467814
2.560,10.602172,8.463737
2.561,10.597626,8.460157
2.562,10.593395,8.456931
2.563,10.589165,8.453704
2.564,10.584933,8.450478
2.565,10.580907,8.447618
2.566,10.577024,8.445019
2.567,10.573142,8.442421
2.568,10.569260,8.439822
2.569,10.565508,8.437250
2.570,10.561851,8.434697
2.571,10.558193,8.432143
2.572,10.554536,8.429590
2.573,10.550738,8.426860
2.574,10.546840,8.424003
2.575,10.542941,8.421146
2.576,10.539043,8.418289
2.577,10.534918,8.415457
2.578,10.530630,8.412641
2.579,10.526343,8.409824
2.580,10.522056,8.407008
2.581,10.517300,8.404262
2.582,10.512211,8.401564
2.583,10.507121,8.398866
2.584,10.502031,8.396168
2.585,10.496420,8.393448
2.586,10.490437,8.390712
2.587,10.484453,8.387976
2.588,10.478470,8.385240
2.589,10.472179,8.382358
2.590,10.465670,8.379372
2.591,10.459160,8.376386
2.592,10.452650,8.373400
2.593,10.445655,8.370451
2.594,10.438315,8.367529
2.595,10.430976,8.364606
2.596,10.423636,8.361684
2.597,10.415716,8.358830
2.598,10.407383,8.356028
2.599,10.399050,8.353224
2.600,10.390717,8.350421
2.601,10.381865,8.347706
2.602,10.372643,8.345054
2.603,10.363422,8.342402
2.604,10.354201,8.339749
2.605,10.344597,8.337227
2.606,10.334720,8.334798
2.607,10.324841,8.332368
2.608,10.314964,8.329939
2.609,10.304823,8.327589
2.610,10.294494,8.325296
2.611,10.284164,8.323003
2.612,10.273836,8.320710
2.613,10.263474,8.318342
2.614,10.253086,8.315922
2.615,10.242700,8.313500
2.616,10.232313,8.311079
2.617,10.222200,8.308681
2.618,10.212282,8.306299
2.619,10.202364,8.303917
2.620,10.192446,8.301536
2.621,10.182927,8.299379
2.622,10.173694,8.297383
2.623,10.164459,8.295387
2.624,10.155226,8.293392
2.625,10.146433,8.291718
2.626,10.137953,8.290272
2.627,10.129474,8.288827
2.628,10.120995,8.287381
2.629,10.113168,8.286158
2.630,10.105807,8.285091
2.631,10.098446,8.284024
2.632,10.091085,8.282958
2.633,10.084279,8.282104
2.634,10.077868,8.281401
2.635,10.071458,8.280697
2.636,10.065047,8.279994
2.637,10.059260,8.279382
2.638,10.053917,8.278835
2.639,10.048573,8.278289
2.640,10.043231,8.277742
2.641,10.038585,8.277344
2.642,10.034436,8.277050
2.643,10.030287,8.276755
2.644,10.026138,8.276462
