"Time","46 sw offset","45 sw onset","34 FRx (cm)","29 HRx (cm)","11 Gr","10 Gs","9 TA","8 St","7 VL","6 BF","5 Ip","4 GM","3 Platform","2 Trdml","1 Synch"
0.00,0,0,18.591060,12.686034,0.00157,0.00202,0.00056,0.00067,0.00062,0.00067,0.00069,0.00052,1.48240,0.09643,3.27691
0.01,0,0,18.429054,12.584819,0.00182,0.00364,0.00057,0.00056,0.00053,0.00059,0.00078,0.00060,1.48409,0.09735,3.27696
0.02,0,0,18.326495,12.502886,0.00279,0.00381,0.00061,0.00060,0.00058,0.00065,0.00096,0.00099,1.48751,0.09740,3.27691
0.03,0,1,18.256899,12.441360,0.00421,0.00719,0.00216,0.00082,0.00100,0.00083,0.00366,0.00185,1.47436,0.09709,3.27781
0.04,0,0,18.157587,12.417859,0.00482,0.00976,0.00435,0.00108,0.00122,0.00100,0.00489,0.00197,1.48133,0.09670,3.27717
0.05,0,0,18.082587,12.610305,0.00524,0.00861,0.00530,0.00118,0.00122,0.00100,0.00343,0.00233,1.48421,0.09656,3.27748
0.06,0,0,17.921231,13.264963,0.00330,0.00497,0.00438,0.00087,0.00123,0.00086,0.00461,0.00251,1.48393,0.09674,3.27689
0.07,0,0,17.813236,13.560961,0.00105,0.00279,0.00383,0.00067,0.00116,0.00074,0.00702,0.00211,1.48553,0.09758,3.27724
0.08,0,0,17.656914,13.841179,0.00097,0.00256,0.00346,0.00068,0.00143,0.00074,0.01016,0.00265,1.48456,0.09726,3.27718
0.09,0,0,17.597607,14.146349,0.00062,0.00067,0.00194,0.00056,0.00140,0.00089,0.01373,0.00239,1.48392,0.09691,3.27737
0.10,0,0,17.462866,14.391383,0.00067,0.00076,0.00123,0.00064,0.00125,0.00087,0.01435,0.00237,1.48362,0.09690,3.27702
0.11,0,0,17.340345,14.504642,0.00071,0.00076,0.00089,0.00065,0.00102,0.00068,0.01157,0.00220,1.48578,0.09666,3.27678
0.12,1,0,17.236191,14.651440,0.00078,0.00088,0.00072,0.00062,0.00078,0.00076,0.00786,0.00127,1.48491,0.09677,3.27689
0.13,0,0,17.167222,14.666630,0.00123,0.00093,0.00068,0.00082,0.00070,0.00094,0.00454,0.00098,1.48473,0.09742,3.27702
0.14,0,0,17.023146,14.506333,0.00173,0.00077,0.00062,0.00088,0.00058,0.00097,0.00304,0.00087,1.48459,0.09665,3.27750
0.15,0,0,16.882058,14.377420,0.00231,0.00135,0.00067,0.00073,0.00058,0.00087,0.00232,0.00077,1.48341,0.09590,3.27693
0.16,0,0,16.758690,14.275354,0.00249,0.00134,0.00067,0.00077,0.00054,0.00075,0.00117,0.00066,1.48448,0.09582,3.27763
0.17,0,0,16.635257,14.161377,0.00261,0.00105,0.00068,0.00078,0.00057,0.00081,0.00107,0.00060,1.48304,0.09540,3.27632
0.18,0,0,16.545244,14.033114,0.00244,0.00097,0.00074,0.00078,0.00060,0.00085,0.00170,0.00069,1.48428,0.09602,3.27713
0.19,0,0,16.433943,13.928630,0.00171,0.00055,0.00079,0.00081,0.00060,0.00086,0.00163,0.00082,1.48148,0.09655,3.27702
0.20,0,0,16.334795,13.840202,0.00286,0.00145,0.00076,0.00076,0.00060,0.00085,0.00082,0.00070,1.48525,0.09663,3.27665
0.21,0,0,16.229926,13.737961,0.00254,0.00165,0.00064,0.00079,0.00054,0.00082,0.00060,0.00055,1.48574,0.09591,3.27744
0.22,0,0,16.147557,13.648163,0.00149,0.00082,0.00060,0.00094,0.00056,0.00086,0.00073,0.00059,1.48369,0.09541,3.27754
0.23,0,0,16.012093,13.517665,0.00238,0.00105,0.00089,0.00093,0.00058,0.00081,0.00074,0.00057,1.48359,0.09519,3.27685
0.24,0,0,15.941389,13.394062,0.00235,0.00103,0.00109,0.00083,0.00063,0.00087,0.00071,0.00047,1.48336,0.09603,3.27700
0.25,0,0,15.884521,13.243163,0.00199,0.00071,0.00083,0.00105,0.00081,0.00098,0.00082,0.00054,1.48466,0.09692,3.27552
0.26,0,0,15.898241,13.147390,0.00148,0.00067,0.00075,0.00115,0.00113,0.00103,0.00085,0.00060,1.48233,0.09677,3.27706
0.27,0,0,16.482103,13.039631,0.00236,0.00065,0.00084,0.00080,0.00123,0.00090,0.00083,0.00054,1.47939,0.09581,3.27726
0.28,0,0,17.157060,12.916747,0.00280,0.00100,0.00098,0.00068,0.00136,0.00072,0.00077,0.00052,1.48378,0.09505,3.27768
0.29,0,0,17.635065,12.833004,0.00160,0.00143,0.00095,0.00080,0.00129,0.00086,0.00076,0.00053,1.48203,0.09501,3.27735
0.30,0,0,18.002797,12.752018,0.00176,0.00130,0.00082,0.00070,0.00107,0.00094,0.00075,0.00073,1.48356,0.09493,3.27735
0.31,0,0,18.451177,12.667611,0.00230,0.00090,0.00077,0.00074,0.00151,0.00086,0.00077,0.00069,1.48452,0.09467,3.27676
0.32,0,0,18.791608,12.535176,0.00202,0.00064,0.00065,0.00077,0.00197,0.00086,0.00085,0.00046,1.48329,0.09413,3.27788
0.33,0,0,18.969173,12.432186,0.00200,0.00066,0.00065,0.00066,0.00206,0.00084,0.00080,0.00049,1.48438,0.09400,3.27671
0.34,0,0,19.167547,12.346707,0.00199,0.00074,0.00079,0.00073,0.00188,0.00084,0.00076,0.00059,1.48381,0.09341,3.27763
0.35,0,0,19.198765,12.250185,0.00196,0.00070,0.00081,0.00072,0.00150,0.00084,0.00077,0.00062,1.48212,0.09396,3.27619
0.36,0,0,19.167012,12.150788,0.00211,0.00071,0.00065,0.00069,0.00143,0.00083,0.00069,0.00057,1.48406,0.09455,3.27738
0.37,0,0,19.022510,12.087537,0.00212,0.00078,0.00062,0.00081,0.00238,0.00092,0.00071,0.00054,1.48400,0.09537,3.27741
0.38,0,0,18.907044,11.970805,0.00240,0.00112,0.00062,0.00085,0.00258,0.00094,0.00074,0.00070,1.48416,0.09604,3.27726
0.39,0,0,18.832751,11.856214,0.00227,0.00107,0.00067,0.00095,0.00268,0.00104,0.00070,0.00102,1.48358,0.09630,3.27693
0.40,0,0,18.731228,11.763434,0.00249,0.00114,0.00072,0.00111,0.00278,0.00120,0.00075,0.00086,1.48391,0.09672,3.27722
0.41,0,0,18.618641,11.663826,0.00247,0.00137,0.00072,0.00098,0.00244,0.00125,0.00079,0.00049,1.48484,0.09711,3.27761
0.42,0,0,18.449283,11.571572,0.00213,0.00110,0.00066,0.00089,0.00319,0.00125,0.00093,0.00061,1.48288,0.09656,3.27794
0.43,0,0,18.309678,11.474613,0.00160,0.00154,0.00064,0.00074,0.00261,0.00105,0.00107,0.00091,1.48374,0.09612,3.27726
0.44,0,0,18.172917,11.407097,0.00113,0.00231,0.00065,0.00059,0.00152,0.00087,0.00138,0.00157,1.48559,0.09586,3.27726
0.45,0,0,18.125090,11.435492,0.00121,0.00230,0.00061,0.00060,0.00175,0.00090,0.00232,0.00263,1.48416,0.09535,3.27638
0.46,0,1,18.031362,11.452665,0.00121,0.00255,0.00066,0.00063,0.00169,0.00088,0.00247,0.00320,1.48392,0.09468,3.27733
0.47,0,0,17.925662,11.411214,0.00205,0.00655,0.00131,0.00084,0.00126,0.00139,0.00275,0.00293,1.48492,0.09538,3.27685
0.48,0,0,17.826532,11.455303,0.00216,0.00994,0.00325,0.00098,0.00118,0.00173,0.00327,0.00270,1.48447,0.09653,3.27695
0.49,0,0,17.730723,11.785250,0.00199,0.00796,0.00415,0.00084,0.00124,0.00124,0.00285,0.00211,1.48386,0.09702,3.27766
0.50,0,0,17.580628,12.255609,0.00262,0.00644,0.00386,0.00081,0.00114,0.00100,0.00250,0.00119,1.48406,0.09687,3.27685
0.51,0,0,17.470875,12.557283,0.00250,0.00633,0.00378,0.00087,0.00094,0.00089,0.00217,0.00106,1.48073,0.09645,3.27667
0.52,0,0,17.337158,12.776799,0.00256,0.00576,0.00448,0.00075,0.00088,0.00077,0.00209,0.00146,1.47750,0.09640,3.27698
0.53,0,0,17.275420,13.004317,0.00222,0.00395,0.00479,0.00069,0.00097,0.00082,0.00214,0.00167,1.48517,0.09751,3.27766
0.54,0,0,17.181371,13.251858,0.00242,0.00241,0.00419,0.00072,0.00089,0.00091,0.00239,0.00146,1.48289,0.09767,3.27791
0.55,0,0,17.044364,13.390715,0.00342,0.00271,0.00439,0.00066,0.00078,0.00085,0.00413,0.00135,1.48388,0.09786,3.27665
0.56,0,0,16.902442,13.582707,0.00263,0.00240,0.00445,0.00060,0.00084,0.00085,0.00656,0.00146,1.48469,0.09724,3.27770
0.57,0,0,16.806802,13.705660,0.00131,0.00210,0.00409,0.00061,0.00099,0.00085,0.00688,0.00168,1.48433,0.09617,3.27602
0.58,0,0,16.704825,13.879736,0.00091,0.00133,0.00326,0.00057,0.00091,0.00073,0.00762,0.00146,1.48402,0.09543,3.27733
0.59,0,0,16.618293,14.109502,0.00077,0.00074,0.00234,0.00052,0.00070,0.00062,0.01284,0.00129,1.48387,0.09554,3.27709
0.60,0,0,16.522531,14.292936,0.00065,0.00066,0.00158,0.00049,0.00120,0.00064,0.01808,0.00202,1.48473,0.09653,3.27678
0.61,0,0,16.402029,14.592679,0.00069,0.00054,0.00096,0.00053,0.00177,0.00070,0.01692,0.00206,1.48463,0.09629,3.27733
0.62,0,0,16.292776,14.980417,0.00074,0.00053,0.00093,0.00060,0.00194,0.00067,0.01167,0.00128,1.48442,0.09580,3.27798
0.63,1,0,16.190580,15.209129,0.00077,0.00066,0.00117,0.00082,0.00176,0.00087,0.00549,0.00120,1.48501,0.09542,3.27660
0.64,0,0,16.107361,15.440199,0.00147,0.00076,0.00091,0.00146,0.00105,0.00102,0.00128,0.00098,1.48037,0.09528,3.27726
0.65,0,0,16.082014,15.359296,0.00218,0.00077,0.00064,0.00164,0.00067,0.00094,0.00100,0.00062,1.48335,0.09574,3.27647
0.66,0,0,16.249307,15.227248,0.00249,0.00065,0.00057,0.00128,0.00065,0.00097,0.00106,0.00068,1.48402,0.09648,3.27656
0.67,0,0,16.879719,15.141665,0.00230,0.00056,0.00063,0.00118,0.00064,0.00106,0.00102,0.00059,1.48451,0.09659,3.27772
0.68,0,0,17.334359,15.035734,0.00318,0.00055,0.00075,0.00096,0.00064,0.00116,0.00078,0.00055,1.48211,0.09656,3.27785
0.69,0,0,17.782424,14.892096,0.00301,0.00065,0.00079,0.00080,0.00067,0.00115,0.00077,0.00059,1.48513,0.09653,3.27766
0.70,0,0,18.177776,14.781375,0.00122,0.00094,0.00079,0.00099,0.00087,0.00109,0.00095,0.00067,1.48473,0.09678,3.27730
0.71,0,0,18.593541,14.635206,0.00203,0.00094,0.00084,0.00097,0.00093,0.00116,0.00090,0.00063,1.48163,0.09626,3.27741
0.72,0,0,18.900141,14.486361,0.00261,0.00072,0.00073,0.00087,0.00077,0.00108,0.00067,0.00051,1.48344,0.09557,3.27702
0.73,0,0,19.084566,14.376612,0.00282,0.00068,0.00063,0.00091,0.00072,0.00089,0.00077,0.00052,1.48326,0.09603,3.27763
0.74,0,0,19.248783,14.221000,0.00280,0.00065,0.00070,0.00093,0.00094,0.00084,0.00075,0.00056,1.48395,0.09638,3.27700
0.75,0,0,19.421426,14.075121,0.00237,0.00061,0.00065,0.00098,0.00099,0.00079,0.00070,0.00053,1.48336,0.09598,3.27719
0.76,0,0,19.592581,13.987842,0.00204,0.00059,0.00057,0.00101,0.00083,0.00087,0.00069,0.00052,1.48241,0.09553,3.27735
0.77,0,0,19.673081,13.881950,0.00201,0.00068,0.00056,0.00099,0.00075,0.00101,0.00065,0.00054,1.48500,0.09502,3.27697
0.78,0,0,19.725375,13.781053,0.00263,0.00081,0.00061,0.00095,0.00085,0.00100,0.00070,0.00056,1.48710,0.09521,3.27687
0.79,0,0,19.757096,13.676327,0.00296,0.00107,0.00068,0.00086,0.00088,0.00088,0.00073,0.00058,1.48463,0.09653,3.27812
0.80,0,0,19.680001,13.569449,0.00252,0.00100,0.00064,0.00074,0.00073,0.00084,0.00066,0.00058,1.48392,0.09669,3.27724
0.81,0,0,19.569613,13.460277,0.00171,0.00070,0.00062,0.00082,0.00100,0.00085,0.00064,0.00066,1.48480,0.09605,3.27717
0.82,0,0,19.465807,13.407766,0.00168,0.00101,0.00065,0.00089,0.00110,0.00093,0.00064,0.00068,1.48652,0.09583,3.27650
0.83,0,0,19.287426,13.286514,0.00154,0.00093,0.00062,0.00075,0.00091,0.00095,0.00064,0.00059,1.48419,0.09660,3.27831
0.84,0,0,19.158538,13.207157,0.00165,0.00094,0.00061,0.00078,0.00121,0.00084,0.00068,0.00071,1.48470,0.09699,3.27746
0.85,0,0,19.029438,13.136595,0.00229,0.00151,0.00063,0.00076,0.00129,0.00077,0.00068,0.00073,1.48366,0.09662,3.27761
0.86,0,0,18.931588,13.060152,0.00273,0.00187,0.00066,0.00058,0.00087,0.00075,0.00077,0.00065,1.48317,0.09585,3.27735
0.87,0,0,18.845208,12.922420,0.00227,0.00135,0.00072,0.00057,0.00075,0.00079,0.00078,0.00064,1.48381,0.09538,3.27722
0.88,0,0,18.763860,12.834307,0.00184,0.00123,0.00068,0.00064,0.00067,0.00075,0.00070,0.00054,1.48284,0.09543,3.27780
0.89,0,0,18.674078,12.740337,0.00210,0.00140,0.00059,0.00057,0.00056,0.00067,0.00069,0.00056,1.47853,0.09581,3.27724
0.90,0,0,18.611790,12.650066,0.00176,0.00170,0.00064,0.00053,0.00058,0.00063,0.00077,0.00057,1.48455,0.09607,3.27717
0.91,0,0,18.494315,12.561478,0.00187,0.00230,0.00072,0.00060,0.00047,0.00063,0.00074,0.00064,1.48832,0.09582,3.27713
0.92,0,0,18.364551,12.452530,0.00169,0.00147,0.00063,0.00061,0.00063,0.00067,0.00065,0.00069,1.48375,0.09500,3.27824
0.93,0,0,18.212711,12.318319,0.00088,0.00065,0.00057,0.00056,0.00071,0.00066,0.00068,0.00057,1.48446,0.09436,3.27729
0.94,0,0,18.117754,12.250690,0.00129,0.00117,0.00058,0.00057,0.00059,0.00067,0.00064,0.00052,1.48419,0.09446,3.27741
0.95,0,0,18.001829,12.145863,0.00156,0.00116,0.00054,0.00059,0.00066,0.00067,0.00060,0.00063,1.48167,0.09493,3.27728
0.96,0,0,17.883800,12.039197,0.00121,0.00065,0.00053,0.00059,0.00081,0.00067,0.00065,0.00064,1.48365,0.09543,3.27709
0.97,0,0,17.774327,11.946926,0.00139,0.00097,0.00055,0.00061,0.00072,0.00070,0.00062,0.00053,1.48346,0.09543,3.27849
0.98,0,0,17.668629,11.844871,0.00141,0.00093,0.00056,0.00057,0.00063,0.00066,0.00060,0.00052,1.48336,0.09608,3.27694
0.99,0,0,17.555908,11.773717,0.00116,0.00064,0.00056,0.00057,0.00082,0.00060,0.00068,0.00069,1.48369,0.09575,3.27707
1.00,0,0,17.477266,11.678417,0.00102,0.00110,0.00059,0.00056,0.00082,0.00062,0.00072,0.00074,1.48295,0.09548,3.27709
1.01,0,0,17.385533,11.533820,0.00165,0.00394,0.00079,0.00060,0.00085,0.00097,0.00177,0.00088,1.48284,0.09558,3.27706
1.02,0,1,17.207548,11.478661,0.00428,0.00870,0.00302,0.00084,0.00140,0.00127,0.00307,0.00211,1.48444,0.09553,3.27698
1.03,0,0,17.074028,11.574493,0.00763,0.01323,0.00488,0.00132,0.00113,0.00118,0.00307,0.00205,1.48419,0.09494,3.27665
1.04,0,0,16.948642,12.118299,0.00580,0.00891,0.00481,0.00119,0.00063,0.00090,0.00264,0.00119,1.48281,0.09402,3.27696
1.05,0,0,16.831292,12.611991,0.00332,0.00345,0.00612,0.00076,0.00083,0.00088,0.00340,0.00119,1.48295,0.09385,3.27746
1.06,0,0,16.738156,12.927863,0.00332,0.00371,0.00600,0.00071,0.00093,0.00095,0.00513,0.00120,1.48477,0.09474,3.27665
1.07,0,0,16.641109,13.156324,0.00299,0.00305,0.00499,0.00067,0.00135,0.00089,0.00682,0.00183,1.48421,0.09574,3.27636
1.08,0,0,16.566526,13.346518,0.00263,0.00219,0.00456,0.00068,0.00146,0.00080,0.01075,0.00221,1.48414,0.09580,3.27748
1.09,0,0,16.483785,13.503550,0.00123,0.00168,0.00285,0.00060,0.00115,0.00069,0.01445,0.00221,1.48350,0.09505,3.27669
1.10,0,0,16.361837,13.727025,0.00064,0.00138,0.00180,0.00058,0.00115,0.00066,0.01558,0.00246,1.48557,0.09441,3.27638
1.11,0,0,16.262246,13.957352,0.00071,0.00058,0.00146,0.00054,0.00128,0.00065,0.01545,0.00247,1.48372,0.09493,3.27761
1.12,0,0,16.134248,14.386624,0.00077,0.00063,0.00109,0.00054,0.00167,0.00067,0.02086,0.00346,1.48586,0.09573,3.27702
1.13,0,0,16.042074,14.717816,0.00077,0.00063,0.00085,0.00066,0.00196,0.00073,0.01772,0.00284,1.48375,0.09615,3.27663
1.14,1,0,15.933144,14.922805,0.00089,0.00061,0.00091,0.00111,0.00136,0.00103,0.00519,0.00091,1.48415,0.09631,3.27650
1.15,0,0,15.841673,15.035377,0.00122,0.00067,0.00101,0.00130,0.00074,0.00135,0.00145,0.00070,1.48413,0.09581,3.27636
1.16,0,0,15.774234,14.917421,0.00229,0.00071,0.00079,0.00106,0.00063,0.00113,0.00100,0.00063,1.48400,0.09551,3.27663
1.17,0,0,15.817900,14.821188,0.00297,0.00070,0.00071,0.00111,0.00061,0.00103,0.00090,0.00055,1.48420,0.09612,3.27676
1.18,0,0,16.169149,14.748511,0.00265,0.00082,0.00070,0.00125,0.00066,0.00103,0.00091,0.00055,1.48342,0.09607,3.27713
1.19,0,0,16.876118,14.604525,0.00304,0.00080,0.00110,0.00107,0.00060,0.00083,0.00085,0.00056,1.48543,0.09641,3.27698
1.20,0,0,17.366400,14.521285,0.00271,0.00068,0.00102,0.00081,0.00061,0.00095,0.00074,0.00056,1.48372,0.09617,3.27708
1.21,0,0,17.783858,14.334794,0.00222,0.00087,0.00089,0.00091,0.00076,0.00101,0.00069,0.00067,1.48589,0.09558,3.27674
1.22,0,0,18.094071,14.152340,0.00285,0.00097,0.00089,0.00117,0.00089,0.00107,0.00078,0.00089,1.48483,0.09554,3.27696
1.23,0,0,18.413690,14.031396,0.00314,0.00078,0.00064,0.00099,0.00083,0.00108,0.00085,0.00079,1.48495,0.09604,3.27772
1.24,0,0,18.782851,13.905877,0.00325,0.00067,0.00069,0.00087,0.00130,0.00095,0.00076,0.00065,1.48447,0.09647,3.27751
1.25,0,0,18.953124,13.768880,0.00230,0.00069,0.00063,0.00113,0.00154,0.00096,0.00068,0.00066,1.48524,0.09601,3.27710
1.26,0,0,19.075722,13.699560,0.00192,0.00071,0.00063,0.00110,0.00153,0.00116,0.00069,0.00057,1.48466,0.09572,3.27737
1.27,0,0,19.309577,13.579545,0.00230,0.00078,0.00068,0.00095,0.00171,0.00121,0.00068,0.00054,1.48359,0.09614,3.27818
1.28,0,0,19.482332,13.449797,0.00192,0.00099,0.00062,0.00107,0.00166,0.00098,0.00067,0.00059,1.48196,0.09657,3.27737
1.29,0,0,19.601340,13.391270,0.00223,0.00099,0.00063,0.00098,0.00159,0.00096,0.00070,0.00060,1.48416,0.09745,3.27761
1.30,0,0,19.692262,13.270654,0.00273,0.00103,0.00065,0.00102,0.00144,0.00104,0.00073,0.00057,1.48690,0.09743,3.27731
1.31,0,0,19.717136,13.213639,0.00192,0.00097,0.00058,0.00102,0.00150,0.00101,0.00078,0.00057,1.48518,0.09748,3.27727
1.32,0,0,19.652656,13.126978,0.00128,0.00072,0.00058,0.00075,0.00152,0.00092,0.00075,0.00053,1.47809,0.09689,3.27733
1.33,0,0,19.565125,13.048036,0.00275,0.00121,0.00072,0.00074,0.00111,0.00084,0.00066,0.00055,1.41458,0.09655,3.27719
1.34,0,0,19.391175,12.918533,0.00301,0.00124,0.00075,0.00086,0.00122,0.00098,0.00069,0.00056,1.30157,0.09557,3.27755
1.35,0,0,19.252252,12.806492,0.00272,0.00181,0.00074,0.00085,0.00123,0.00086,0.00068,0.00054,1.13967,0.09459,3.27759
1.36,0,0,19.098732,12.675410,0.00237,0.00226,0.00076,0.00068,0.00070,0.00066,0.00076,0.00055,0.91681,0.09710,3.27702
1.37,0,0,18.993803,12.514687,0.00187,0.00113,0.00078,0.00057,0.00071,0.00068,0.00104,0.00056,0.67409,0.09626,3.27711
1.38,0,0,18.789510,12.397438,0.00255,0.00117,0.00258,0.00071,0.00097,0.00077,0.00131,0.00086,0.38325,0.09651,3.27643
1.39,0,0,18.644124,12.265255,0.00316,0.00244,0.00499,0.00075,0.00128,0.00099,0.00118,0.00113,0.10591,0.09500,3.27699
1.40,0,0,18.521952,12.152899,0.00369,0.00301,0.00353,0.00061,0.00149,0.00101,0.00111,0.00127,-0.20515,0.09506,3.27719
1.41,0,0,18.395825,12.091111,0.00390,0.00249,0.00183,0.00059,0.00134,0.00087,0.00141,0.00127,-0.49708,0.09564,3.27698
1.42,0,0,18.297602,11.945322,0.00277,0.00179,0.00223,0.00064,0.00104,0.00084,0.00125,0.00094,-0.76212,0.09651,3.27796
1.43,0,0,18.180618,11.779953,0.00236,0.00134,0.00180,0.00080,0.00103,0.00086,0.00112,0.00081,-1.00707,0.09672,3.27733
1.44,0,0,18.065437,11.673155,0.00208,0.00099,0.00161,0.00079,0.00087,0.00074,0.00104,0.00080,-1.19926,0.09726,3.27691
1.45,0,0,17.875925,11.544479,0.00176,0.00103,0.00146,0.00073,0.00082,0.00066,0.00083,0.00065,-1.35116,0.09753,3.27700
1.46,0,0,17.696005,11.446378,0.00162,0.00102,0.00122,0.00072,0.00094,0.00070,0.00086,0.00057,-1.44810,0.09751,3.27748
1.47,0,0,17.518363,11.303491,0.00108,0.00067,0.00148,0.00069,0.00113,0.00074,0.00087,0.00060,-1.47499,0.09750,3.27722
1.48,0,0,17.463744,11.221695,0.00296,0.00118,0.00318,0.00066,0.00116,0.00069,0.00243,0.00072,-1.48043,0.09747,3.27746
1.49,0,0,17.363873,11.110242,0.00460,0.00188,0.00708,0.00055,0.00101,0.00066,0.00285,0.00098,-1.48146,0.09768,3.27800
1.50,0,0,17.232469,11.022688,0.00357,0.00141,0.00598,0.00052,0.00133,0.00075,0.00144,0.00108,-1.47845,0.09648,3.27713
1.51,0,0,17.149925,10.942418,0.00490,0.00153,0.00371,0.00051,0.00113,0.00082,0.00115,0.00089,-1.47857,0.09526,3.27718
1.52,0,0,17.063484,10.820682,0.00466,0.00173,0.00359,0.00057,0.00084,0.00074,0.00097,0.00066,-1.47806,0.09514,3.27746
1.53,0,0,16.972655,10.724700,0.00255,0.00122,0.00297,0.00059,0.00089,0.00065,0.00073,0.00058,-1.48113,0.09528,3.27777
1.54,0,0,16.805933,10.608268,0.00257,0.00113,0.00258,0.00061,0.00086,0.00068,0.00088,0.00064,-1.47996,0.09534,3.27735
1.55,0,0,16.711629,10.472746,0.00262,0.00074,0.00228,0.00065,0.00079,0.00069,0.00113,0.00074,-1.48012,0.09566,3.27724
1.56,0,0,16.636117,10.387325,0.00208,0.00061,0.00228,0.00069,0.00078,0.00069,0.00105,0.00070,-1.47794,0.09629,3.27724
1.57,0,0,16.449823,10.235083,0.00095,0.00061,0.00217,0.00069,0.00101,0.00071,0.00101,0.00057,-1.47950,0.09661,3.27658
1.58,0,0,16.336268,10.128737,0.00143,0.00058,0.00242,0.00061,0.00100,0.00069,0.00094,0.00057,-1.47999,0.09625,3.27737
1.59,0,0,16.206308,10.020878,0.00207,0.00094,0.00205,0.00054,0.00086,0.00065,0.00071,0.00069,-1.47795,0.09563,3.27702
1.60,0,0,16.092582,9.926109,0.00184,0.00153,0.00275,0.00056,0.00067,0.00063,0.00084,0.00065,-1.48023,0.09617,3.27726
1.61,0,0,16.020126,9.841802,0.00175,0.00134,0.00241,0.00056,0.00086,0.00064,0.00087,0.00054,-1.47943,0.09677,3.27700
1.62,0,0,15.921201,9.725180,0.00184,0.00078,0.00126,0.00059,0.00097,0.00066,0.00071,0.00057,-1.47911,0.09620,3.27692
1.63,0,0,15.826687,9.584113,0.00192,0.00063,0.00148,0.00071,0.00086,0.00066,0.00074,0.00053,-1.47910,0.09571,3.27767
1.64,0,0,15.709867,9.473379,0.00249,0.00091,0.00146,0.00069,0.00083,0.00067,0.00079,0.00057,-1.47985,0.09602,3.27637
1.65,0,0,15.587689,9.361081,0.00261,0.00138,0.00160,0.00058,0.00066,0.00069,0.00066,0.00059,-1.48092,0.09682,3.27694
1.66,0,0,15.479557,9.276485,0.00254,0.00190,0.00156,0.00053,0.00068,0.00065,0.00062,0.00059,-1.48007,0.09689,3.27691
1.67,0,0,15.411673,9.158316,0.00201,0.00142,0.00099,0.00054,0.00070,0.00067,0.00066,0.00074,-1.47974,0.09699,3.27781
1.68,0,0,15.314679,9.071680,0.00163,0.00098,0.00089,0.00058,0.00096,0.00083,0.00067,0.00082,-1.47953,0.09662,3.27717
1.69,0,0,15.193739,8.985519,0.00213,0.00200,0.00110,0.00057,0.00097,0.00083,0.00066,0.00064,-1.47977,0.09636,3.27680
1.70,0,0,15.096622,8.912267,0.00228,0.00216,0.00088,0.00065,0.00098,0.00077,0.00065,0.00062,-1.48188,0.09611,3.27599
1.71,0,0,14.977971,8.827228,0.00169,0.00169,0.00072,0.00066,0.00128,0.00074,0.00092,0.00143,-1.47946,0.09693,3.27790
1.72,0,0,14.867698,8.734614,0.00146,0.00241,0.00064,0.00058,0.00093,0.00072,0.00087,0.00146,-1.47905,0.09731,3.27768
1.73,0,0,14.735309,8.645292,0.00127,0.00251,0.00056,0.00054,0.00065,0.00071,0.00084,0.00104,-1.47806,0.09703,3.27733
1.74,0,1,14.607447,8.596133,0.00201,0.00537,0.00126,0.00069,0.00077,0.00123,0.00188,0.00131,-1.48085,0.09658,3.27632
1.75,0,0,14.519661,8.602225,0.00408,0.00727,0.00206,0.00078,0.00068,0.00138,0.00215,0.00107,-1.47806,0.09578,3.27647
1.76,0,0,14.421447,8.938100,0.00348,0.00442,0.00368,0.00068,0.00070,0.00091,0.00215,0.00090,-1.47889,0.09545,3.27660
1.77,0,0,14.252725,9.666632,0.00263,0.00255,0.00435,0.00065,0.00076,0.00076,0.00420,0.00096,-1.48030,0.09569,3.27678
1.78,0,0,14.113014,10.128822,0.00204,0.00223,0.00439,0.00062,0.00079,0.00071,0.00565,0.00114,-1.48406,0.09560,3.27707
1.79,0,0,14.070943,10.452460,0.00111,0.00179,0.00484,0.00058,0.00105,0.00068,0.00882,0.00135,-1.47845,0.09521,3.27667
1.80,0,0,13.990998,10.815370,0.00106,0.00072,0.00378,0.00060,0.00124,0.00069,0.01481,0.00176,-1.47824,0.09489,3.27663
1.81,0,0,13.839092,11.155981,0.00080,0.00056,0.00230,0.00058,0.00131,0.00073,0.01579,0.00226,-1.47795,0.09434,3.27682
1.82,0,0,13.752965,11.629791,0.00079,0.00060,0.00123,0.00054,0.00163,0.00072,0.01800,0.00184,-1.48320,0.09454,3.27636
1.83,0,0,13.667970,12.069253,0.00084,0.00057,0.00102,0.00059,0.00225,0.00074,0.01915,0.00134,-1.47462,0.09593,3.27727
1.84,1,0,13.593873,12.363607,0.00080,0.00057,0.00121,0.00075,0.00213,0.00094,0.00952,0.00116,-1.47938,0.09623,3.27766
1.85,0,0,13.512152,12.571197,0.00116,0.00064,0.00157,0.00100,0.00137,0.00122,0.00170,0.00082,-1.48194,0.09575,3.27691
1.86,0,0,13.589081,12.475483,0.00221,0.00097,0.00128,0.00115,0.00094,0.00122,0.00121,0.00098,-1.47793,0.09554,3.27790
1.87,0,0,13.952590,12.381555,0.00331,0.00108,0.00070,0.00096,0.00076,0.00104,0.00105,0.00091,-1.47861,0.09517,3.27715
1.88,0,0,14.588457,12.351623,0.00381,0.00092,0.00073,0.00068,0.00077,0.00088,0.00082,0.00054,-1.48231,0.09613,3.27621
1.89,0,0,15.095344,12.244198,0.00264,0.00078,0.00073,0.00078,0.00101,0.00092,0.00092,0.00054,-1.48448,0.09651,3.27722
1.90,0,0,15.563222,12.099152,0.00204,0.00072,0.00066,0.00094,0.00128,0.00112,0.00092,0.00055,-1.47892,0.09613,3.27700
1.91,0,0,15.972918,12.000829,0.00303,0.00071,0.00062,0.00090,0.00157,0.00113,0.00091,0.00056,-1.47855,0.09554,3.27713
1.92,0,0,16.402269,11.887300,0.00309,0.00070,0.00067,0.00079,0.00174,0.00114,0.00084,0.00053,-1.47833,0.09512,3.27755
1.93,0,0,16.791156,11.773522,0.00264,0.00072,0.00075,0.00063,0.00134,0.00107,0.00074,0.00053,-1.47928,0.09531,3.27768
1.94,0,0,16.997141,11.600030,0.00338,0.00067,0.00067,0.00064,0.00107,0.00089,0.00081,0.00054,-1.47787,0.09619,3.27750
1.95,0,0,17.138680,11.461966,0.00248,0.00069,0.00056,0.00089,0.00163,0.00083,0.00071,0.00057,-1.47912,0.09640,3.27715
1.96,0,0,17.654761,11.386747,0.00195,0.00070,0.00060,0.00116,0.00180,0.00088,0.00072,0.00054,-1.47976,0.09621,3.27625
1.97,0,0,17.722658,11.299118,0.00201,0.00073,0.00058,0.00213,0.00232,0.00100,0.00074,0.00097,-1.47899,0.09569,3.27667
1.98,0,0,17.876976,11.175652,0.00156,0.00079,0.00063,0.00234,0.00273,0.00106,0.00072,0.00108,-1.47776,0.09570,3.27673
1.99,0,0,17.933017,11.103715,0.00260,0.00134,0.00069,0.00148,0.00234,0.00120,0.00071,0.00102,-1.47883,0.09674,3.27744
2.00,0,0,17.830704,10.997658,0.00215,0.00135,0.00068,0.00114,0.00255,0.00110,0.00071,0.00093,-1.48122,0.09693,3.27661
2.01,0,0,17.733242,10.904270,0.00137,0.00081,0.00066,0.00102,0.00268,0.00092,0.00087,0.00090,-1.47952,0.09637,3.27774
2.02,0,0,17.595701,10.811577,0.00166,0.00113,0.00065,0.00084,0.00240,0.00090,0.00090,0.00139,-1.48122,0.09542,3.27757
2.03,0,0,17.429573,10.697917,0.00159,0.00115,0.00067,0.00067,0.00241,0.00093,0.00085,0.00126,-1.48065,0.09507,3.27735
2.04,0,0,17.328782,10.636040,0.00223,0.00133,0.00063,0.00062,0.00194,0.00092,0.00075,0.00076,-1.47842,0.09570,3.27777
2.05,0,0,17.205650,10.519578,0.00243,0.00251,0.00056,0.00062,0.00129,0.00088,0.00064,0.00052,-1.48005,0.09600,3.27790
2.06,0,0,17.138191,10.493958,0.00136,0.00283,0.00056,0.00061,0.00133,0.00083,0.00063,0.00060,-1.48107,0.09591,3.27700
2.07,0,1,17.031320,10.451866,0.00295,0.00797,0.00102,0.00085,0.00105,0.00139,0.00148,0.00089,-1.48120,0.09587,3.27697
2.08,0,0,16.902977,10.540569,0.00463,0.00966,0.00190,0.00087,0.00062,0.00149,0.00206,0.00096,-1.48052,0.09592,3.27713
2.09,0,0,16.828188,10.817964,0.00417,0.00690,0.00271,0.00070,0.00063,0.00095,0.00140,0.00090,-1.47940,0.09607,3.27735
2.10,0,0,16.744604,11.490267,0.00422,0.00690,0.00438,0.00070,0.00078,0.00093,0.00257,0.00128,-1.47949,0.09587,3.27813
2.11,0,0,16.618204,12.003126,0.00291,0.00429,0.00476,0.00067,0.00088,0.00082,0.00416,0.00163,-1.47862,0.09607,3.27667
2.12,0,0,16.483646,12.317047,0.00224,0.00247,0.00476,0.00067,0.00092,0.00075,0.00448,0.00157,-1.47809,0.09587,3.27720
2.13,0,0,16.415814,12.677515,0.00227,0.00193,0.00504,0.00065,0.00093,0.00067,0.00700,0.00147,-1.47863,0.09593,3.27750
2.14,0,0,16.327777,12.958379,0.00138,0.00134,0.00325,0.00059,0.00084,0.00059,0.00849,0.00136,-1.47989,0.09588,3.27790
2.15,0,0,16.201385,13.300244,0.00092,0.00068,0.00221,0.00055,0.00080,0.00068,0.01085,0.00131,-1.47946,0.09630,3.27792
2.16,0,0,16.112823,13.642935,0.00068,0.00052,0.00175,0.00055,0.00129,0.00071,0.01496,0.00132,-1.47769,0.09658,3.27731
2.17,0,0,15.971042,14.132032,0.00067,0.00051,0.00128,0.00064,0.00173,0.00068,0.01268,0.00104,-1.47827,0.09753,3.27798
2.18,0,0,15.881579,14.514871,0.00092,0.00061,0.00126,0.00105,0.00167,0.00102,0.00560,0.00073,-1.47769,0.09751,3.27739
2.19,1,0,15.801886,14.773018,0.00124,0.00096,0.00112,0.00128,0.00130,0.00135,0.00166,0.00069,-1.47883,0.09703,3.27707
2.20,0,0,15.779267,14.740354,0.00180,0.00093,0.00082,0.00130,0.00104,0.00107,0.00156,0.00064,-1.47900,0.09661,3.27805
2.21,0,0,16.094408,14.668013,0.00285,0.00068,0.00090,0.00102,0.00099,0.00084,0.00205,0.00050,-1.47947,0.09674,3.27654
2.22,0,0,16.735561,14.584890,0.00286,0.00071,0.00087,0.00083,0.00078,0.00092,0.00169,0.00052,-1.47952,0.09673,3.27713
2.23,0,0,17.335063,14.467144,0.00193,0.00068,0.00063,0.00083,0.00095,0.00091,0.00094,0.00059,-1.47899,0.09765,3.27715
2.24,0,0,17.879693,14.360991,0.00184,0.00067,0.00066,0.00072,0.00115,0.00085,0.00115,0.00060,-1.48059,0.09745,3.27730
2.25,0,0,18.400708,14.233696,0.00237,0.00062,0.00065,0.00079,0.00115,0.00086,0.00108,0.00059,-1.47894,0.09681,3.27781
2.26,0,0,18.755730,14.082455,0.00254,0.00062,0.00066,0.00091,0.00132,0.00108,0.00093,0.00056,-1.47981,0.09655,3.27702
2.27,0,0,18.927204,13.948728,0.00162,0.00060,0.00062,0.00085,0.00158,0.00105,0.00087,0.00052,-1.48002,0.09690,3.27702
2.28,0,0,19.045381,13.844419,0.00175,0.00061,0.00063,0.00063,0.00139,0.00084,0.00082,0.00051,-1.47952,0.09655,3.27724
2.29,0,0,19.162706,13.722678,0.00274,0.00079,0.00061,0.00068,0.00115,0.00083,0.00078,0.00053,-1.48054,0.09602,3.27680
2.30,0,0,19.282981,13.559726,0.00211,0.00075,0.00063,0.00070,0.00132,0.00086,0.00071,0.00055,-1.48000,0.09592,3.27680
2.31,0,0,19.332313,13.462060,0.00220,0.00055,0.00075,0.00062,0.00094,0.00085,0.00063,0.00056,-1.47899,0.09613,3.27757
2.32,0,0,19.383476,13.353222,0.00299,0.00055,0.00093,0.00067,0.00089,0.00087,0.00072,0.00057,-1.47990,0.09656,3.27678
2.33,0,0,19.393377,13.242219,0.00330,0.00061,0.00099,0.00067,0.00099,0.00084,0.00096,0.00054,-1.47984,0.09668,3.27750
2.34,0,0,19.172286,13.125743,0.00329,0.00098,0.00081,0.00069,0.00085,0.00076,0.00086,0.00050,-1.47801,0.09652,3.27737
2.35,0,0,19.080677,13.044811,0.00240,0.00095,0.00069,0.00079,0.00079,0.00089,0.00067,0.00054,-1.48182,0.09578,3.27744
2.36,0,0,18.952649,12.937326,0.00202,0.00116,0.00062,0.00090,0.00080,0.00100,0.00071,0.00055,-1.47845,0.09554,3.27774
2.37,0,0,18.829152,12.851656,0.00214,0.00184,0.00071,0.00093,0.00112,0.00096,0.00070,0.00070,-1.47936,0.09611,3.27674
2.38,0,0,18.715444,12.723270,0.00219,0.00142,0.00076,0.00082,0.00119,0.00087,0.00063,0.00070,-1.47921,0.09752,3.27676
2.39,0,0,18.576411,12.623678,0.00241,0.00118,0.00065,0.00079,0.00107,0.00074,0.00064,0.00059,-1.48003,0.09727,3.27765
2.40,0,0,18.525750,12.513037,0.00343,0.00210,0.00061,0.00070,0.00094,0.00064,0.00067,0.00058,-1.47864,0.09582,3.27717
2.41,0,0,18.443716,12.430273,0.00328,0.00208,0.00067,0.00063,0.00068,0.00074,0.00073,0.00053,-1.47860,0.09494,3.27676
2.42,0,0,18.350086,12.328751,0.00193,0.00098,0.00068,0.00086,0.00085,0.00090,0.00088,0.00080,-1.47946,0.09486,3.27730
2.43,0,0,18.224146,12.253220,0.00157,0.00071,0.00065,0.00088,0.00088,0.00081,0.00081,0.00080,-1.47834,0.09513,3.27730
2.44,0,0,18.065147,12.140256,0.00204,0.00139,0.00064,0.00085,0.00075,0.00075,0.00065,0.00057,-1.47856,0.09580,3.27547
2.45,0,0,17.995019,12.044935,0.00199,0.00146,0.00062,0.00085,0.00070,0.00076,0.00063,0.00058,-1.48090,0.09673,3.27776
2.46,0,0,17.881394,11.937750,0.00159,0.00094,0.00059,0.00060,0.00060,0.00067,0.00065,0.00054,-1.47936,0.09682,3.27728
2.47,0,0,17.670615,11.836581,0.00189,0.00110,0.00055,0.00067,0.00062,0.00070,0.00069,0.00053,-1.47946,0.09629,3.27750
2.48,0,0,17.631580,11.733198,0.00209,0.00138,0.00057,0.00066,0.00065,0.00070,0.00068,0.00053,-1.47871,0.09606,3.27711
2.49,0,0,17.493551,11.646100,0.00164,0.00113,0.00056,0.00054,0.00063,0.00065,0.00069,0.00050,-1.47865,0.09641,3.27663
2.50,0,0,17.400345,11.530852,0.00123,0.00106,0.00055,0.00058,0.00071,0.00068,0.00075,0.00053,-1.47782,0.09580,3.27634
2.51,0,0,17.311111,11.466221,0.00114,0.00124,0.00054,0.00057,0.00069,0.00064,0.00065,0.00054,-1.47908,0.09479,3.27706
2.52,0,0,17.191514,11.381639,0.00098,0.00102,0.00052,0.00057,0.00067,0.00064,0.00066,0.00052,-1.47794,0.09457,3.27757
2.53,0,0,17.090239,11.282293,0.00090,0.00152,0.00060,0.00061,0.00067,0.00066,0.00084,0.00068,-1.48322,0.09525,3.27708
2.54,0,0,16.926671,11.187241,0.00186,0.00646,0.00089,0.00078,0.00070,0.00093,0.00170,0.00090,-1.47833,0.09654,3.27716
2.55,0,1,16.823310,11.130638,0.00410,0.00842,0.00204,0.00085,0.00098,0.00114,0.00244,0.00153,-1.47808,0.09695,3.27750
2.56,0,0,16.722340,11.255923,0.00584,0.00764,0.00356,0.00096,0.00114,0.00101,0.00250,0.00193,-1.48021,0.09591,3.27645
2.57,0,0,16.490627,11.763246,0.00449,0.00604,0.00394,0.00089,0.00095,0.00083,0.00320,0.00166,-1.48012,0.09503,3.27698
2.58,0,0,16.393787,12.189432,0.00215,0.00329,0.00417,0.00063,0.00081,0.00078,0.00443,0.00148,-1.48230,0.09498,3.27693
2.59,0,0,16.275947,12.443296,0.00209,0.00262,0.00381,0.00063,0.00096,0.00080,0.00534,0.00136,-1.48054,0.09542,3.27702
2.60,0,0,16.238289,12.711149,0.00216,0.00248,0.00293,0.00060,0.00100,0.00079,0.00584,0.00131,-1.48017,0.09583,3.27765
2.61,0,0,16.168884,12.898010,0.00128,0.00256,0.00342,0.00059,0.00090,0.00089,0.00776,0.00186,-1.48000,0.09617,3.27663
2.62,0,0,16.058195,13.119455,0.00068,0.00136,0.00355,0.00056,0.00103,0.00084,0.01359,0.00291,-1.47866,0.09581,3.27752
2.63,0,0,15.969438,13.366673,0.00069,0.00083,0.00246,0.00053,0.00109,0.00072,0.01832,0.00286,-1.47906,0.09538,3.27652
2.64,0,0,15.867227,13.639217,0.00068,0.00059,0.00175,0.00055,0.00153,0.00069,0.01671,0.00318,-1.47897,0.09525,3.27680
2.65,0,0,15.756026,13.988279,0.00076,0.00054,0.00163,0.00064,0.00198,0.00072,0.01686,0.00269,-1.47964,0.09550,3.27689
2.66,0,0,15.656316,14.300591,0.00083,0.00057,0.00100,0.00070,0.00159,0.00093,0.01349,0.00137,-1.47917,0.09502,3.27711
2.67,1,0,15.594045,14.495465,0.00087,0.00073,0.00087,0.00103,0.00111,0.00120,0.00561,0.00099,-1.47954,0.09465,3.27772
2.68,0,0,15.502196,14.454020,0.00189,0.00083,0.00093,0.00141,0.00074,0.00122,0.00214,0.00066,-1.47894,0.09515,3.27733
2.69,0,0,15.418315,14.372753,0.00304,0.00077,0.00064,0.00136,0.00066,0.00114,0.00098,0.00073,-1.47989,0.09494,3.27643
2.70,0,0,15.534896,14.299396,0.00287,0.00080,0.00070,0.00114,0.00076,0.00103,0.00091,0.00066,-1.47655,0.09549,3.27739
2.71,0,0,15.966139,14.194426,0.00265,0.00077,0.00073,0.00082,0.00069,0.00090,0.00085,0.00061,-1.47924,0.09604,3.27647
2.72,0,0,16.537429,14.115910,0.00271,0.00067,0.00061,0.00068,0.00071,0.00087,0.00077,0.00059,-1.48160,0.09656,3.27669
2.73,0,0,17.111100,13.940187,0.00290,0.00067,0.00068,0.00077,0.00071,0.00118,0.00075,0.00060,-1.48058,0.09571,3.27739
2.74,0,0,17.521361,13.826157,0.00399,0.00066,0.00065,0.00094,0.00058,0.00128,0.00074,0.00056,-1.47486,0.09532,3.27702
2.75,0,0,17.912702,13.646033,0.00348,0.00065,0.00058,0.00105,0.00065,0.00112,0.00081,0.00052,-1.47968,0.09506,3.27700
2.76,0,0,18.295961,13.508683,0.00267,0.00065,0.00066,0.00088,0.00089,0.00103,0.00088,0.00054,-1.48049,0.09511,3.27728
2.77,0,0,18.540591,13.404907,0.00249,0.00075,0.00074,0.00077,0.00121,0.00085,0.00089,0.00071,-1.48071,0.09499,3.27621
2.78,0,0,18.711493,13.300115,0.00220,0.00070,0.00069,0.00084,0.00174,0.00097,0.00082,0.00072,-1.47871,0.09439,3.27674
2.79,0,0,18.980837,13.213228,0.00258,0.00063,0.00065,0.00113,0.00189,0.00101,0.00067,0.00058,-1.47806,0.09382,3.27665
2.80,0,0,19.206709,13.138730,0.00283,0.00098,0.00090,0.00127,0.00124,0.00098,0.00068,0.00057,-1.48018,0.09415,3.27738
2.81,0,0,19.329308,13.035605,0.00249,0.00092,0.00085,0.00096,0.00119,0.00090,0.00077,0.00056,-1.48092,0.09554,3.27639
2.82,0,0,19.305584,12.933862,0.00184,0.00083,0.00065,0.00090,0.00115,0.00088,0.00073,0.00057,-1.47989,0.09614,3.27811
2.83,0,0,19.183370,12.878442,0.00209,0.00095,0.00065,0.00084,0.00082,0.00088,0.00065,0.00058,-1.47883,0.09552,3.27727
2.84,0,0,19.062710,12.757386,0.00176,0.00076,0.00066,0.00072,0.00094,0.00076,0.00068,0.00051,-1.47870,0.09520,3.27831
2.85,0,0,18.942441,12.668875,0.00160,0.00062,0.00061,0.00065,0.00095,0.00079,0.00063,0.00053,-1.47710,0.09493,3.27722
2.86,0,0,18.837017,12.554652,0.00236,0.00124,0.00058,0.00080,0.00120,0.00085,0.00063,0.00075,-1.47982,0.09510,3.27735
2.87,0,0,18.730454,12.420188,0.00279,0.00160,0.00068,0.00086,0.00160,0.00084,0.00066,0.00073,-1.47982,0.09645,3.27767
2.88,0,0,18.611159,12.302097,0.00244,0.00122,0.00065,0.00072,0.00122,0.00076,0.00067,0.00076,-1.48068,0.09691,3.27757
2.89,0,0,18.526021,12.231726,0.00164,0.00122,0.00056,0.00069,0.00116,0.00075,0.00068,0.00073,-1.47761,0.09655,3.27733
2.90,0,0,18.412017,12.152825,0.00241,0.00195,0.00060,0.00072,0.00103,0.00073,0.00069,0.00053,-1.47729,0.09573,3.27844
2.91,0,0,18.345306,12.031900,0.00242,0.00162,0.00062,0.00076,0.00061,0.00075,0.00068,0.00052,-1.47933,0.09595,3.27715
2.92,0,0,18.155980,12.000181,0.00133,0.00061,0.00060,0.00071,0.00094,0.00081,0.00066,0.00052,-1.48033,0.09687,3.27726
2.93,0,0,18.054076,11.903363,0.00177,0.00182,0.00054,0.00059,0.00090,0.00080,0.00071,0.00052,-1.47965,0.09722,3.27685
2.94,0,0,17.935809,11.799666,0.00269,0.00531,0.00062,0.00060,0.00064,0.00099,0.00125,0.00097,-1.47845,0.09743,3.27700
2.95,0,0,17.845422,11.767653,0.00273,0.00713,0.00081,0.00074,0.00069,0.00110,0.00168,0.00148,-1.47932,0.09675,3.27728
2.96,0,1,17.767779,11.765392,0.00544,0.00813,0.00182,0.00082,0.00072,0.00094,0.00175,0.00133,-1.47994,0.09558,3.27748
2.97,0,0,17.690165,11.794719,0.00673,0.00889,0.00327,0.00101,0.00079,0.00107,0.00183,0.00116,-1.47809,0.09508,3.27728
2.98,0,0,17.591505,12.265980,0.00407,0.00628,0.00424,0.00090,0.00102,0.00100,0.00291,0.00135,-1.47907,0.09537,3.27632
2.99,0,0,17.362207,12.638878,0.00362,0.00536,0.00461,0.00071,0.00145,0.00083,0.00465,0.00190,-1.47925,0.09599,3.27811
3.00,0,0,17.330056,12.935549,0.00360,0.00503,0.00428,0.00076,0.00125,0.00083,0.00465,0.00164,-1.48098,0.09677,3.27776
3.01,0,0,17.174237,13.170869,0.00271,0.00557,0.00295,0.00083,0.00082,0.00083,0.00343,0.00121,-1.48128,0.09639,3.27697
3.02,0,0,17.045080,13.273455,0.00303,0.00663,0.00257,0.00090,0.00088,0.00093,0.00470,0.00189,-1.47744,0.09616,3.27676
3.03,0,0,16.929900,13.289498,0.00335,0.00530,0.00290,0.00075,0.00094,0.00082,0.00524,0.00229,-1.47914,0.09706,3.27698
3.04,0,0,16.783612,13.302414,0.00178,0.00362,0.00255,0.00069,0.00090,0.00078,0.00514,0.00194,-1.47957,0.09707,3.27768
3.05,0,0,16.712535,13.386495,0.00137,0.00304,0.00249,0.00067,0.00087,0.00082,0.00671,0.00182,-1.47815,0.09668,3.27719
3.06,0,0,16.567238,13.437587,0.00129,0.00219,0.00225,0.00058,0.00092,0.00075,0.00781,0.00212,-1.47842,0.09638,3.27722
3.07,0,0,16.459774,13.534103,0.00074,0.00156,0.00220,0.00060,0.00102,0.00075,0.00855,0.00242,-1.47992,0.09604,3.27685
3.08,0,0,16.356722,13.620452,0.00108,0.00185,0.00214,0.00060,0.00099,0.00068,0.00734,0.00222,-1.47955,0.09585,3.27733
3.09,0,0,16.235145,13.683575,0.00100,0.00120,0.00203,0.00059,0.00079,0.00064,0.00772,0.00187,-1.48005,0.09609,3.27722
3.10,0,0,16.122997,13.776054,0.00068,0.00074,0.00215,0.00058,0.00105,0.00068,0.01246,0.00249,-1.47693,0.09603,3.27752
3.11,0,0,16.030398,13.945358,0.00069,0.00052,0.00171,0.00059,0.00137,0.00071,0.01794,0.00334,-1.47883,0.09603,3.27706
3.12,0,0,15.938418,14.078709,0.00070,0.00055,0.00098,0.00060,0.00130,0.00069,0.01980,0.00325,-1.48076,0.09581,3.27696
3.13,0,0,15.831907,14.359468,0.00074,0.00064,0.00080,0.00058,0.00125,0.00073,0.01808,0.00278,-1.47959,0.09498,3.27700
3.14,0,0,15.758728,14.477411,0.00071,0.00066,0.00075,0.00071,0.00112,0.00086,0.01042,0.00190,-1.47881,0.09520,3.27739
3.15,1,0,15.626934,14.589542,0.00073,0.00062,0.00064,0.00087,0.00089,0.00080,0.00286,0.00104,-1.47993,0.09552,3.27715
3.16,0,0,15.550835,14.520612,0.00228,0.00071,0.00062,0.00116,0.00071,0.00090,0.00123,0.00076,-1.47885,0.09572,3.27774
3.17,0,0,15.465290,14.412205,0.00262,0.00070,0.00063,0.00108,0.00066,0.00102,0.00161,0.00061,-1.47892,0.09543,3.27755
3.18,0,0,15.398116,14.302848,0.00245,0.00067,0.00065,0.00077,0.00060,0.00087,0.00162,0.00063,-1.47857,0.09530,3.27645
3.19,0,0,15.408817,14.192210,0.00263,0.00066,0.00068,0.00081,0.00057,0.00096,0.00089,0.00057,-1.47944,0.09558,3.27682
3.20,0,0,15.672017,14.075377,0.00236,0.00064,0.00069,0.00075,0.00060,0.00098,0.00092,0.00056,-1.46988,0.09626,3.27685
3.21,0,0,16.177674,13.968417,0.00254,0.00082,0.00068,0.00094,0.00061,0.00102,0.00082,0.00057,-1.40789,0.09605,3.27697
3.22,0,0,16.635164,13.888313,0.00230,0.00083,0.00062,0.00120,0.00068,0.00112,0.00075,0.00062,-1.28152,0.09605,3.27702
3.23,0,0,17.050179,13.796739,0.00252,0.00066,0.00062,0.00100,0.00069,0.00096,0.00081,0.00065,-1.11826,0.09680,3.27706
3.24,0,0,17.393236,13.741518,0.00247,0.00074,0.00063,0.00126,0.00089,0.00113,0.00082,0.00062,-0.89303,0.09708,3.27774
3.25,0,0,17.693277,13.590571,0.00272,0.00103,0.00113,0.00175,0.00156,0.00123,0.00094,0.00075,-0.64775,0.09614,3.27783
3.26,0,0,17.875000,13.511905,0.00300,0.00101,0.00562,0.00144,0.00179,0.00092,0.00197,0.00082,-0.38179,0.09522,3.27677
3.27,0,0,18.090397,13.456064,0.00394,0.00133,0.00914,0.00099,0.00171,0.00074,0.00472,0.00087,-0.07345,0.09510,3.27700
3.28,0,0,18.392940,13.376504,0.00392,0.00148,0.00555,0.00092,0.00216,0.00115,0.00438,0.00084,0.20883,0.09524,3.27696
3.29,0,0,18.361504,13.321172,0.00350,0.00123,0.00240,0.00082,0.00187,0.00120,0.00181,0.00074,0.50839,0.09456,3.27694
3.30,0,0,18.208899,13.218855,0.00350,0.00126,0.00281,0.00069,0.00128,0.00084,0.00201,0.00070,0.76674,0.09469,3.27746
3.31,0,0,18.092341,13.092525,0.00323,0.00097,0.00242,0.00079,0.00105,0.00094,0.00187,0.00058,0.98866,0.09496,3.27770
3.32,0,0,18.022922,13.006709,0.00313,0.00071,0.00197,0.00071,0.00092,0.00086,0.00119,0.00056,1.20170,0.09515,3.27789
3.33,0,0,17.938944,12.918251,0.00247,0.00063,0.00179,0.00071,0.00097,0.00094,0.00100,0.00056,1.34521,0.09626,3.27777
3.34,0,0,17.854078,12.773624,0.00221,0.00062,0.00151,0.00069,0.00086,0.00093,0.00147,0.00054,1.44193,0.09604,3.27696
3.35,0,0,17.739201,12.653467,0.00226,0.00061,0.00165,0.00073,0.00075,0.00076,0.00184,0.00056,1.47795,0.09611,3.27667
3.36,0,0,17.605653,12.602068,0.00148,0.00061,0.00178,0.00074,0.00085,0.00077,0.00192,0.00067,1.48315,0.09737,3.27801
3.37,0,0,17.457751,12.522705,0.00109,0.00058,0.00163,0.00067,0.00100,0.00070,0.00157,0.00065,1.48420,0.09708,3.27718
3.38,0,0,17.355212,12.379068,0.00144,0.00057,0.00142,0.00078,0.00107,0.00072,0.00108,0.00066,1.48386,0.09604,3.27647
3.39,0,0,17.248337,12.277974,0.00166,0.00060,0.00174,0.00081,0.00103,0.00088,0.00164,0.00067,1.48287,0.09541,3.27645
3.40,0,0,17.155235,12.153413,0.00136,0.00059,0.00122,0.00095,0.00096,0.00090,0.00145,0.00058,1.48334,0.09586,3.27737
3.41,0,0,17.055467,12.056151,0.00070,0.00058,0.00095,0.00113,0.00120,0.00083,0.00092,0.00058,1.48442,0.09656,3.27628
3.42,0,0,16.932269,11.905561,0.00085,0.00059,0.00132,0.00095,0.00115,0.00079,0.00165,0.00061,1.48037,0.09658,3.27700
3.43,0,0,16.836085,11.800384,0.00121,0.00055,0.00126,0.00077,0.00097,0.00080,0.00156,0.00061,1.48297,0.09683,3.27713
3.44,0,0,16.703473,11.674142,0.00106,0.00061,0.00093,0.00076,0.00100,0.00078,0.00149,0.00060,1.48385,0.09616,3.27691
3.45,0,0,16.600285,11.597358,0.00069,0.00064,0.00090,0.00061,0.00098,0.00073,0.00164,0.00057,1.48489,0.09551,3.27632
3.46,0,0,16.480018,11.497780,0.00065,0.00060,0.00098,0.00068,0.00113,0.00076,0.00097,0.00056,1.48439,0.09507,3.27694
3.47,0,0,16.359878,11.383867,0.00073,0.00057,0.00077,0.00091,0.00107,0.00089,0.00098,0.00055,1.47964,0.09530,3.27719
3.48,0,0,16.253316,11.292582,0.00120,0.00061,0.00090,0.00090,0.00091,0.00081,0.00173,0.00051,1.48307,0.09530,3.27720
3.49,0,0,16.153166,11.194457,0.00113,0.00059,0.00110,0.00082,0.00108,0.00069,0.00162,0.00054,1.48554,0.09511,3.27731
3.50,0,0,16.056235,11.083524,0.00076,0.00056,0.00085,0.00099,0.00121,0.00074,0.00100,0.00062,1.48423,0.09481,3.27739
3.51,0,0,15.930638,10.975035,0.00072,0.00061,0.00064,0.00087,0.00102,0.00066,0.00089,0.00065,1.47695,0.09464,3.27716
3.52,0,0,15.814026,10.836332,0.00065,0.00062,0.00069,0.00071,0.00094,0.00073,0.00098,0.00062,1.48483,0.09535,3.27720
3.53,0,0,15.681270,10.742324,0.00072,0.00063,0.00079,0.00077,0.00088,0.00079,0.00097,0.00061,1.48351,0.09622,3.27680
3.54,0,0,15.604329,10.617893,0.00130,0.00064,0.00081,0.00078,0.00089,0.00078,0.00089,0.00059,1.48144,0.09639,3.27693
3.55,0,0,15.482063,10.514624,0.00134,0.00062,0.00089,0.00081,0.00107,0.00084,0.00164,0.00058,1.48005,0.09602,3.27807
3.56,0,0,15.404273,10.375590,0.00137,0.00062,0.00102,0.00089,0.00098,0.00080,0.00155,0.00056,1.48525,0.09599,3.27619
3.57,0,0,15.324335,10.273535,0.00144,0.00060,0.00087,0.00079,0.00087,0.00073,0.00080,0.00055,1.48361,0.09558,3.27700
3.58,0,0,15.379522,10.138800,0.00202,0.00055,0.00092,0.00066,0.00080,0.00077,0.00080,0.00056,1.48579,0.09590,3.27680
3.59,0,0,15.398366,10.086461,0.00269,0.00058,0.00157,0.00063,0.00091,0.00078,0.00101,0.00054,1.48395,0.09601,3.27774
3.60,0,0,15.381490,9.953226,0.00153,0.00064,0.00164,0.00069,0.00115,0.00085,0.00105,0.00054,1.48461,0.09581,3.27627
3.61,0,0,15.377188,9.823007,0.00132,0.00064,0.00108,0.00072,0.00101,0.00090,0.00084,0.00059,1.48452,0.09497,3.27744
3.62,0,0,15.388059,9.748216,0.00237,0.00062,0.00082,0.00076,0.00080,0.00079,0.00071,0.00057,1.48403,0.09442,3.27665
3.63,0,0,15.328183,9.652168,0.00264,0.00063,0.00080,0.00078,0.00073,0.00077,0.00067,0.00050,1.48598,0.09485,3.27724
3.64,0,0,15.310945,9.563355,0.00296,0.00072,0.00116,0.00064,0.00078,0.00078,0.00060,0.00057,1.48450,0.09591,3.27669
3.65,0,0,15.302863,9.439177,0.00281,0.00081,0.00121,0.00073,0.00088,0.00079,0.00066,0.00060,1.48517,0.09632,3.27689
3.66,0,0,15.370609,9.325511,0.00163,0.00071,0.00147,0.00079,0.00105,0.00090,0.00073,0.00059,1.48303,0.09606,3.27582
3.67,0,0,15.437276,9.238668,0.00217,0.00062,0.00136,0.00074,0.00097,0.00092,0.00073,0.00055,1.48615,0.09529,3.27774
3.68,0,0,15.459404,9.061796,0.00230,0.00066,0.00074,0.00074,0.00103,0.00078,0.00070,0.00051,1.48450,0.09503,3.27833
3.69,0,0,15.515742,9.003791,0.00176,0.00060,0.00129,0.00064,0.00101,0.00073,0.00077,0.00052,1.48493,0.09560,3.27700
3.70,0,0,15.547560,8.897965,0.00210,0.00062,0.00134,0.00061,0.00092,0.00085,0.00076,0.00055,1.48275,0.09623,3.27663
3.71,0,0,15.555342,8.763384,0.00259,0.00065,0.00098,0.00066,0.00091,0.00089,0.00070,0.00057,1.48516,0.09618,3.27706
3.72,0,0,15.515296,8.672253,0.00269,0.00088,0.00088,0.00069,0.00078,0.00084,0.00075,0.00056,1.48416,0.09555,3.27715
3.73,0,0,15.439632,8.549601,0.00193,0.00092,0.00060,0.00073,0.00083,0.00088,0.00074,0.00052,1.48378,0.09562,3.27715
3.74,0,0,15.339805,8.433909,0.00193,0.00076,0.00068,0.00064,0.00095,0.00079,0.00076,0.00052,1.48237,0.09655,3.27654
3.75,0,0,15.234976,8.315559,0.00198,0.00075,0.00066,0.00066,0.00081,0.00070,0.00072,0.00057,1.48431,0.09722,3.27630
3.76,0,0,15.094571,8.194170,0.00145,0.00068,0.00058,0.00067,0.00083,0.00084,0.00071,0.00057,1.48411,0.09669,3.27711
3.77,0,0,15.028175,8.094346,0.00121,0.00069,0.00058,0.00069,0.00124,0.00087,0.00070,0.00097,1.48348,0.09663,3.27724
3.78,0,0,14.902617,7.993975,0.00174,0.00074,0.00063,0.00080,0.00193,0.00086,0.00076,0.00122,1.48424,0.09644,3.27632
3.79,0,0,14.807880,7.879863,0.00199,0.00132,0.00068,0.00075,0.00219,0.00084,0.00090,0.00109,1.48423,0.09646,3.27722
3.80,0,0,14.643183,7.801671,0.00218,0.00207,0.00069,0.00069,0.00216,0.00093,0.00077,0.00099,1.48423,0.09612,3.27698
3.81,0,0,14.506553,7.707674,0.00213,0.00188,0.00074,0.00061,0.00189,0.00091,0.00071,0.00097,1.48352,0.09656,3.27796
3.82,0,0,14.362854,7.619197,0.00209,0.00124,0.00072,0.00055,0.00164,0.00078,0.00074,0.00084,1.48633,0.09679,3.27705
3.83,0,0,14.205411,7.548993,0.00206,0.00131,0.00063,0.00058,0.00189,0.00084,0.00066,0.00061,1.48332,0.09646,3.27674
3.84,0,0,14.153109,7.486454,0.00149,0.00175,0.00056,0.00056,0.00136,0.00080,0.00070,0.00053,1.48428,0.09641,3.27682
3.85,0,0,14.041387,7.381281,0.00136,0.00165,0.00047,0.00056,0.00132,0.00073,0.00087,0.00053,1.48386,0.09731,3.27726
3.86,0,0,13.913126,7.299017,0.00138,0.00180,0.00049,0.00057,0.00171,0.00072,0.00083,0.00061,1.48445,0.09704,3.27796
3.87,0,0,13.825222,7.229491,0.00128,0.00234,0.00054,0.00054,0.00105,0.00071,0.00095,0.00080,1.48411,0.09633,3.27783
3.88,0,1,13.676997,7.235063,0.00262,0.00610,0.00061,0.00064,0.00074,0.00111,0.00170,0.00119,1.48348,0.09652,3.27645
3.89,0,0,13.617784,7.353327,0.00506,0.00948,0.00201,0.00081,0.00086,0.00128,0.00198,0.00127,1.48249,0.09649,3.27693
3.90,0,0,13.482083,6.900418,0.00413,0.00612,0.00356,0.00074,0.00103,0.00097,0.00178,0.00161,1.48397,0.09595,3.27718
3.91,0,0,13.362800,8.041040,0.00291,0.00418,0.00499,0.00071,0.00133,0.00085,0.00283,0.00264,1.48400,0.09524,3.27741
3.92,0,0,13.279572,8.862864,0.00321,0.00490,0.00512,0.00087,0.00144,0.00084,0.00369,0.00290,1.48417,0.09510,3.27706
3.93,0,0,13.155149,9.252973,0.00222,0.00460,0.00374,0.00086,0.00138,0.00079,0.00414,0.00268,1.48420,0.09553,3.27700
3.94,0,0,13.015528,9.453817,0.00231,0.00478,0.00374,0.00076,0.00108,0.00077,0.00494,0.00210,1.48508,0.09712,3.27700
3.95,0,0,12.911722,9.620848,0.00198,0.00247,0.00346,0.00062,0.00089,0.00074,0.00655,0.00178,1.48378,0.09756,3.27614
3.96,0,0,12.817598,9.754579,0.00109,0.00180,0.00304,0.00054,0.00103,0.00066,0.00955,0.00226,1.48503,0.09693,3.27698
3.97,0,0,12.709103,9.897254,0.00103,0.00174,0.00296,0.00058,0.00125,0.00062,0.01100,0.00284,1.48452,0.09567,3.27654
3.98,0,0,12.609772,10.012535,0.00085,0.00055,0.00186,0.00059,0.00108,0.00062,0.00982,0.00227,1.48755,0.09538,3.27628
3.99,0,0,12.507628,10.165785,0.00069,0.00057,0.00108,0.00055,0.00095,0.00066,0.01142,0.00163,1.48428,0.09599,3.27678
4.00,0,0,12.374220,10.339928,0.00061,0.00059,0.00126,0.00055,0.00133,0.00069,0.01387,0.00211,1.48343,0.09650,3.27766
4.01,0,0,12.283258,10.508628,0.00061,0.00063,0.00128,0.00059,0.00165,0.00070,0.01535,0.00195,1.48823,0.09793,3.27720
4.02,0,0,12.168844,10.781132,0.00071,0.00059,0.00094,0.00064,0.00215,0.00070,0.01516,0.00145,1.48474,0.09785,3.27741
4.03,0,0,12.089980,11.121452,0.00089,0.00061,0.00091,0.00072,0.00197,0.00074,0.01030,0.00097,1.48394,0.09716,3.27625
4.04,0,0,12.031309,11.336606,0.00099,0.00061,0.00104,0.00086,0.00130,0.00086,0.00405,0.00070,1.48448,0.09694,3.27728
4.05,1,0,11.967091,11.252641,0.00275,0.00093,0.00075,0.00092,0.00090,0.00102,0.00120,0.00063,1.48449,0.09640,3.27674
4.06,0,0,11.879689,11.134856,0.00386,0.00146,0.00070,0.00086,0.00058,0.00106,0.00102,0.00057,1.48398,0.09647,3.27700
4.07,0,0,12.083732,10.976016,0.00285,0.00136,0.00097,0.00077,0.00067,0.00095,0.00112,0.00061,1.48403,0.09772,3.27810
4.08,0,0,12.728016,10.888501,0.00258,0.00086,0.00098,0.00070,0.00078,0.00091,0.00089,0.00083,1.48357,0.09768,3.27726
4.09,0,0,13.275134,10.756948,0.00260,0.00063,0.00079,0.00066,0.00077,0.00088,0.00074,0.00077,1.48337,0.09677,3.27706
4.10,0,0,13.785518,10.652149,0.00310,0.00073,0.00081,0.00060,0.00068,0.00080,0.00081,0.00052,1.48585,0.09632,3.27713
4.11,0,0,14.259327,10.573639,0.00233,0.00070,0.00072,0.00066,0.00090,0.00094,0.00085,0.00056,1.48313,0.09619,3.27700
4.12,0,0,14.717679,10.447256,0.00153,0.00060,0.00060,0.00078,0.00123,0.00108,0.00095,0.00059,1.48382,0.09637,3.27720
4.13,0,0,14.970657,10.316877,0.00268,0.00061,0.00063,0.00083,0.00160,0.00111,0.00091,0.00060,1.48574,0.09631,3.27680
4.14,0,0,15.177106,10.208229,0.00246,0.00062,0.00078,0.00082,0.00170,0.00104,0.00081,0.00060,1.48254,0.09504,3.27722
4.15,0,0,15.349449,10.117167,0.00209,0.00069,0.00078,0.00069,0.00135,0.00093,0.00081,0.00058,1.48484,0.09421,3.27671
4.16,0,0,15.515103,10.019604,0.00286,0.00071,0.00080,0.00061,0.00104,0.00090,0.00085,0.00059,1.48276,0.09462,3.27716
4.17,0,0,15.657199,9.898438,0.00262,0.00072,0.00102,0.00074,0.00102,0.00091,0.00079,0.00056,1.48424,0.09566,3.27766
4.18,0,0,15.827557,9.796529,0.00186,0.00071,0.00087,0.00078,0.00142,0.00090,0.00061,0.00058,1.48549,0.09629,3.27755
4.19,0,0,15.955061,9.719375,0.00172,0.00083,0.00097,0.00085,0.00170,0.00089,0.00080,0.00065,1.48466,0.09583,3.27755
4.20,0,0,16.195872,9.577945,0.00196,0.00132,0.00102,0.00119,0.00176,0.00093,0.00092,0.00078,1.48385,0.09512,3.27632
4.21,0,0,16.443876,9.528944,0.00172,0.00124,0.00076,0.00129,0.00172,0.00090,0.00070,0.00075,1.47784,0.09477,3.27626
4.22,0,0,16.508887,9.435933,0.00163,0.00087,0.00070,0.00113,0.00159,0.00086,0.00068,0.00077,1.48478,0.09518,3.27709
4.23,0,0,16.494245,9.336306,0.00180,0.00091,0.00059,0.00098,0.00202,0.00088,0.00070,0.00105,1.48406,0.09611,3.27658
4.24,0,0,16.286200,9.235336,0.00166,0.00088,0.00056,0.00083,0.00203,0.00098,0.00076,0.00143,1.48408,0.09609,3.27772
4.25,0,0,16.201464,9.149948,0.00161,0.00110,0.00058,0.00071,0.00192,0.00101,0.00071,0.00115,1.48781,0.09562,3.27768
4.26,0,0,16.114680,9.076198,0.00196,0.00184,0.00065,0.00063,0.00161,0.00090,0.00061,0.00060,1.48506,0.09512,3.27698
4.27,0,0,15.931611,8.998555,0.00169,0.00151,0.00065,0.00062,0.00126,0.00082,0.00062,0.00058,1.48334,0.09483,3.27744
4.28,0,0,15.869396,8.920760,0.00122,0.00069,0.00060,0.00066,0.00205,0.00098,0.00074,0.00079,1.48434,0.09462,3.27761
4.29,0,0,15.732953,8.879633,0.00217,0.00448,0.00057,0.00064,0.00158,0.00097,0.00095,0.00095,1.48413,0.09492,3.27702
4.30,0,1,15.639874,8.835674,0.00300,0.00803,0.00096,0.00064,0.00070,0.00104,0.00190,0.00133,1.47930,0.09514,3.27717
4.31,0,0,15.556798,8.950872,0.00406,0.00812,0.00225,0.00075,0.00085,0.00116,0.00209,0.00141,1.48233,0.09497,3.27667
4.32,0,0,15.411315,9.367478,0.00487,0.00713,0.00373,0.00075,0.00088,0.00101,0.00159,0.00120,1.48277,0.09459,3.27750
4.33,0,0,15.370012,10.057657,0.00424,0.00374,0.00442,0.00067,0.00086,0.00090,0.00161,0.00130,1.48427,0.09423,3.27704
4.34,0,0,15.259550,10.560844,0.00471,0.00261,0.00403,0.00062,0.00089,0.00091,0.00291,0.00143,1.48276,0.09449,3.27665
4.35,0,0,15.121060,11.016337,0.00334,0.00208,0.00297,0.00057,0.00106,0.00085,0.00616,0.00161,1.48273,0.09499,3.27731
4.36,0,0,15.025237,11.440365,0.00075,0.00076,0.00280,0.00055,0.00114,0.00070,0.00826,0.00134,1.48446,0.09491,3.27678
4.37,0,0,14.909624,11.819588,0.00070,0.00070,0.00231,0.00054,0.00095,0.00068,0.00911,0.00104,1.48378,0.09393,3.27669
4.38,0,0,14.817095,12.230291,0.00070,0.00055,0.00178,0.00053,0.00105,0.00069,0.01090,0.00114,1.48261,0.09330,3.27695
4.39,0,0,14.707436,12.504585,0.00072,0.00055,0.00156,0.00054,0.00164,0.00066,0.01439,0.00123,1.48368,0.09416,3.27728
4.40,0,0,14.576646,12.912951,0.00078,0.00062,0.00096,0.00076,0.00214,0.00073,0.01116,0.00092,1.48276,0.09542,3.27753
4.41,0,0,14.501017,13.389073,0.00084,0.00070,0.00094,0.00110,0.00230,0.00096,0.00353,0.00059,1.48350,0.09585,3.27700
4.42,1,0,14.446753,13.618369,0.00109,0.00096,0.00102,0.00115,0.00153,0.00117,0.00132,0.00059,1.48411,0.09571,3.27704
4.43,0,0,14.508161,13.476138,0.00178,0.00104,0.00081,0.00093,0.00100,0.00120,0.00097,0.00073,1.48425,0.09493,3.27667
4.44,0,0,15.056939,13.371684,0.00245,0.00082,0.00067,0.00082,0.00136,0.00109,0.00098,0.00068,1.48544,0.09451,3.27682
4.45,0,0,15.700371,13.273789,0.00290,0.00070,0.00071,0.00081,0.00123,0.00105,0.00098,0.00056,1.48403,0.09483,3.27739
4.46,0,0,16.288438,13.158456,0.00236,0.00073,0.00064,0.00073,0.00110,0.00106,0.00110,0.00060,1.48270,0.09488,3.27759
4.47,0,0,16.803135,13.036209,0.00196,0.00073,0.00085,0.00072,0.00197,0.00097,0.00089,0.00060,1.48403,0.09517,3.27636
4.48,0,0,17.267043,12.915818,0.00254,0.00061,0.00084,0.00073,0.00194,0.00085,0.00078,0.00055,1.48491,0.09551,3.27759
4.49,0,0,17.645015,12.756502,0.00199,0.00066,0.00068,0.00076,0.00151,0.00081,0.00093,0.00051,1.48449,0.09545,3.27619
4.50,0,0,17.712181,12.669292,0.00227,0.00076,0.00067,0.00077,0.00212,0.00088,0.00086,0.00052,1.48384,0.09558,3.27711
4.51,0,0,15.223734,12.576143,0.00271,0.00074,0.00064,0.00091,0.00208,0.00094,0.00083,0.00055,1.48369,0.09610,3.27595
4.52,0,0,18.291422,12.455723,0.00211,0.00069,0.00068,0.00198,0.00264,0.00093,0.00090,0.00056,1.48382,0.09667,3.27772
4.53,0,0,18.777320,12.379937,0.00169,0.00067,0.00071,0.00204,0.00281,0.00089,0.00077,0.00055,1.48417,0.09690,3.27761
4.54,0,0,18.959925,12.263697,0.00123,0.00070,0.00068,0.00182,0.00201,0.00094,0.00062,0.00073,1.48381,0.09661,3.27737
4.55,0,0,19.110083,12.154407,0.00154,0.00089,0.00066,0.00165,0.00243,0.00101,0.00085,0.00116,1.48361,0.09692,3.27787
4.56,0,0,18.939989,12.002720,0.00187,0.00115,0.00069,0.00079,0.00320,0.00098,0.00102,0.00137,1.48530,0.09708,3.27669
4.57,0,0,18.852161,11.945499,0.00178,0.00142,0.00069,0.00067,0.00279,0.00103,0.00089,0.00110,1.48681,0.09696,3.27767
4.58,0,0,18.726773,11.894074,0.00156,0.00160,0.00072,0.00066,0.00255,0.00106,0.00079,0.00101,1.48513,0.09698,3.27730
4.59,0,0,18.644722,11.807743,0.00119,0.00157,0.00082,0.00084,0.00244,0.00097,0.00081,0.00099,1.48412,0.09710,3.27696
4.60,0,0,18.566548,11.729824,0.00135,0.00204,0.00073,0.00081,0.00129,0.00079,0.00067,0.00066,1.48409,0.09667,3.27748
4.61,0,0,18.471387,11.628430,0.00119,0.00206,0.00055,0.00060,0.00109,0.00070,0.00054,0.00048,1.48415,0.09673,3.27684
4.62,0,0,18.273342,11.565400,0.00136,0.00285,0.00060,0.00061,0.00106,0.00079,0.00078,0.00053,1.48307,0.09675,3.27770
4.63,0,1,18.136189,11.606565,0.00378,0.00884,0.00251,0.00078,0.00071,0.00133,0.00138,0.00083,1.48452,0.09680,3.27763
4.64,0,0,18.008066,11.656742,0.00492,0.00993,0.00431,0.00082,0.00070,0.00133,0.00168,0.00111,1.48303,0.09632,3.27702
4.65,0,0,17.931234,11.986966,0.00605,0.00727,0.00419,0.00084,0.00072,0.00110,0.00194,0.00128,1.48350,0.09588,3.27748
4.66,0,0,17.843259,12.573110,0.00565,0.00602,0.00445,0.00082,0.00087,0.00099,0.00340,0.00123,1.48494,0.09616,3.27697
4.67,0,0,17.748904,12.988470,0.00384,0.00375,0.00419,0.00063,0.00107,0.00077,0.00418,0.00191,1.48321,0.09614,3.27719
4.68,0,0,17.609602,13.348853,0.00284,0.00229,0.00408,0.00055,0.00109,0.00077,0.00559,0.00199,1.48436,0.09628,3.27730
4.69,0,0,17.517909,13.608933,0.00149,0.00150,0.00404,0.00054,0.00094,0.00075,0.00581,0.00155,1.48348,0.09700,3.27755
4.70,0,0,17.465553,13.839760,0.00151,0.00142,0.00310,0.00055,0.00097,0.00075,0.00743,0.00203,1.48544,0.09768,3.27772
4.71,0,0,17.320073,14.008674,0.00095,0.00062,0.00209,0.00055,0.00129,0.00066,0.01154,0.00227,1.48480,0.09719,3.27678
4.72,0,0,17.162665,14.167011,0.00066,0.00068,0.00216,0.00056,0.00169,0.00069,0.01427,0.00296,1.48552,0.09705,3.27733
4.73,0,0,17.049384,14.589909,0.00066,0.00066,0.00242,0.00053,0.00144,0.00074,0.01668,0.00304,1.48102,0.09612,3.27709
4.74,0,0,16.950607,14.797917,0.00072,0.00067,0.00155,0.00054,0.00124,0.00069,0.01782,0.00275,1.48465,0.09552,3.27643
4.75,0,0,16.852146,14.973042,0.00081,0.00063,0.00088,0.00057,0.00148,0.00070,0.01792,0.00269,1.48528,0.09535,3.27724
4.76,0,0,16.764649,15.097552,0.00075,0.00060,0.00083,0.00055,0.00141,0.00072,0.01450,0.00234,1.48541,0.09540,3.27698
4.77,1,0,16.651329,15.188286,0.00061,0.00065,0.00072,0.00071,0.00110,0.00070,0.00912,0.00153,1.48487,0.09619,3.27770
4.78,0,0,16.522263,15.247176,0.00088,0.00124,0.00065,0.00117,0.00074,0.00082,0.00386,0.00068,1.48544,0.09743,3.27689
4.79,0,0,16.394152,15.158472,0.00249,0.00168,0.00063,0.00127,0.00057,0.00097,0.00101,0.00062,1.48362,0.09718,3.27697
4.80,0,0,16.270477,15.045342,0.00284,0.00116,0.00058,0.00110,0.00051,0.00105,0.00090,0.00062,1.48323,0.09743,3.27708
4.81,0,0,16.167511,14.958675,0.00260,0.00081,0.00058,0.00097,0.00057,0.00118,0.00074,0.00056,1.48354,0.09685,3.27769
4.82,0,0,16.083917,14.849524,0.00418,0.00078,0.00073,0.00076,0.00064,0.00114,0.00098,0.00055,1.48422,0.09643,3.27766
4.83,0,0,16.087077,14.760531,0.00341,0.00069,0.00080,0.00076,0.00060,0.00100,0.00112,0.00054,1.48560,0.09732,3.27726
4.84,0,0,16.348219,14.630113,0.00207,0.00067,0.00068,0.00099,0.00059,0.00106,0.00090,0.00054,1.48389,0.09788,3.27750
4.85,0,0,16.968146,14.521295,0.00319,0.00066,0.00086,0.00088,0.00055,0.00095,0.00084,0.00056,1.48342,0.09733,3.27660
4.86,0,0,17.451490,14.389664,0.00369,0.00077,0.00129,0.00077,0.00061,0.00099,0.00093,0.00061,1.48505,0.09681,3.27711
4.87,0,0,17.808900,14.291804,0.00262,0.00079,0.00118,0.00080,0.00070,0.00107,0.00089,0.00064,1.48304,0.09626,3.27637
4.88,0,0,18.155504,14.136340,0.00202,0.00076,0.00073,0.00099,0.00065,0.00105,0.00090,0.00061,1.48356,0.09635,3.27706
4.89,0,0,18.364014,14.045432,0.00240,0.00067,0.00061,0.00103,0.00059,0.00096,0.00077,0.00057,1.48418,0.09680,3.27813
4.90,0,0,18.540081,13.914501,0.00311,0.00062,0.00077,0.00098,0.00061,0.00111,0.00063,0.00053,1.48412,0.09686,3.27726
4.91,0,0,18.723702,13.775107,0.00314,0.00077,0.00078,0.00094,0.00066,0.00114,0.00063,0.00055,1.48282,0.09646,3.27719
4.92,0,0,18.786662,13.638977,0.00197,0.00073,0.00073,0.00078,0.00074,0.00085,0.00069,0.00056,1.48306,0.09636,3.27768
4.93,0,0,18.857992,13.545343,0.00209,0.00062,0.00076,0.00084,0.00098,0.00096,0.00076,0.00054,1.48398,0.09664,3.27733
4.94,0,0,18.892448,13.435112,0.00281,0.00065,0.00071,0.00080,0.00108,0.00095,0.00079,0.00057,1.48328,0.09715,3.27763
4.95,0,0,18.972868,13.319466,0.00177,0.00067,0.00068,0.00081,0.00175,0.00099,0.00084,0.00062,1.48386,0.09655,3.27746
4.96,0,0,18.986230,13.225819,0.00151,0.00072,0.00064,0.00097,0.00228,0.00107,0.00085,0.00059,1.48445,0.09545,3.27713
4.97,0,0,19.028834,13.064247,0.00193,0.00079,0.00075,0.00090,0.00184,0.00093,0.00076,0.00054,1.48499,0.09493,3.27700
4.98,0,0,19.090751,12.967235,0.00175,0.00078,0.00070,0.00081,0.00129,0.00102,0.00069,0.00055,1.48398,0.09563,3.27759
4.99,0,0,19.169785,12.906536,0.00199,0.00092,0.00056,0.00078,0.00090,0.00099,0.00072,0.00059,1.48226,0.09679,3.27744
5.00,0,0,19.327560,12.744364,0.00191,0.00095,0.00059,0.00070,0.00106,0.00080,0.00068,0.00056,1.48390,0.09678,3.27713
5.01,0,0,19.303471,12.653148,0.00155,0.00074,0.00065,0.00073,0.00167,0.00081,0.00071,0.00051,1.48322,0.09631,3.27772
5.02,0,0,19.127510,12.553604,0.00131,0.00060,0.00068,0.00078,0.00216,0.00091,0.00078,0.00053,1.48257,0.09547,3.27687
5.03,0,0,19.044932,12.484694,0.00149,0.00068,0.00066,0.00087,0.00193,0.00104,0.00080,0.00059,1.48277,0.09445,3.27724
5.04,0,0,18.911904,12.368374,0.00182,0.00102,0.00064,0.00082,0.00148,0.00103,0.00078,0.00065,1.48587,0.09460,3.27816
5.05,0,0,18.815337,12.265132,0.00163,0.00123,0.00055,0.00070,0.00140,0.00085,0.00077,0.00067,1.48788,0.09551,3.27759
5.06,0,0,18.701773,12.180084,0.00147,0.00103,0.00058,0.00064,0.00148,0.00081,0.00074,0.00065,1.48328,0.09601,3.27766
5.07,0,0,18.634525,12.062586,0.00189,0.00137,0.00063,0.00062,0.00128,0.00087,0.00063,0.00063,1.48411,0.09597,3.27693
5.08,0,0,18.545574,12.004238,0.00230,0.00210,0.00063,0.00062,0.00113,0.00075,0.00062,0.00059,1.48480,0.09629,3.27705
5.09,0,0,18.461440,11.909885,0.00194,0.00152,0.00057,0.00060,0.00164,0.00087,0.00070,0.00085,1.48467,0.09683,3.27735
5.10,0,0,18.335267,11.796490,0.00149,0.00091,0.00057,0.00061,0.00158,0.00091,0.00067,0.00082,1.48428,0.09685,3.27667
5.11,0,0,18.246804,11.707385,0.00163,0.00250,0.00063,0.00058,0.00082,0.00072,0.00066,0.00056,1.48493,0.09681,3.27737
5.12,0,0,18.054310,11.643015,0.00150,0.00329,0.00059,0.00058,0.00057,0.00067,0.00078,0.00062,1.48374,0.09696,3.27638
5.13,0,0,17.901469,11.592390,0.00115,0.00280,0.00063,0.00061,0.00069,0.00069,0.00091,0.00095,1.48300,0.09605,3.27790
5.14,0,0,17.800773,11.548516,0.00167,0.00536,0.00075,0.00061,0.00086,0.00111,0.00104,0.00103,1.48361,0.09517,3.27700
5.15,0,1,17.705644,11.509934,0.00363,0.00916,0.00226,0.00086,0.00094,0.00159,0.00165,0.00097,1.48352,0.09476,3.27656
5.16,0,0,17.594667,11.668704,0.00463,0.01098,0.00391,0.00107,0.00090,0.00150,0.00197,0.00147,1.48400,0.09521,3.27811
5.17,0,0,17.480970,12.106447,0.00438,0.00971,0.00412,0.00091,0.00081,0.00109,0.00181,0.00158,1.48459,0.09528,3.27717
5.18,0,0,17.421461,12.554530,0.00400,0.00754,0.00417,0.00080,0.00087,0.00081,0.00203,0.00150,1.48450,0.09527,3.27727
5.19,0,0,17.267138,12.793333,0.00361,0.00701,0.00461,0.00090,0.00099,0.00086,0.00242,0.00152,1.48350,0.09538,3.27678
5.20,0,0,17.176133,12.912080,0.00430,0.00705,0.00435,0.00096,0.00093,0.00110,0.00280,0.00147,1.48286,0.09592,3.27726
5.21,0,0,17.020976,13.054099,0.00338,0.00600,0.00350,0.00092,0.00099,0.00104,0.00257,0.00182,1.48301,0.09646,3.27746
5.22,0,0,16.917110,13.195546,0.00220,0.00358,0.00393,0.00077,0.00098,0.00089,0.00369,0.00191,1.48307,0.09632,3.27722
5.23,0,0,16.820055,13.247369,0.00182,0.00260,0.00420,0.00067,0.00091,0.00080,0.00478,0.00205,1.48260,0.09563,3.27676
5.24,0,0,16.714718,13.318078,0.00150,0.00228,0.00291,0.00055,0.00081,0.00068,0.00468,0.00187,1.48474,0.09560,3.27752
5.25,0,0,16.614140,13.394002,0.00150,0.00201,0.00276,0.00053,0.00081,0.00068,0.00571,0.00191,1.48369,0.09584,3.27684
5.26,0,0,16.505685,13.468810,0.00123,0.00157,0.00356,0.00057,0.00088,0.00062,0.00726,0.00234,1.48294,0.09629,3.27591
5.27,0,0,16.374488,13.547639,0.00102,0.00097,0.00264,0.00071,0.00118,0.00064,0.00872,0.00243,1.48495,0.09651,3.27728
5.28,0,0,16.257904,13.699798,0.00084,0.00112,0.00209,0.00068,0.00120,0.00068,0.00876,0.00260,1.48389,0.07928,3.27689
5.29,0,0,16.144383,13.847828,0.00076,0.00080,0.00207,0.00051,0.00108,0.00063,0.01168,0.00249,1.48405,0.09904,3.27803
5.30,0,0,16.031996,13.936815,0.00065,0.00070,0.00162,0.00052,0.00122,0.00062,0.01476,0.00234,1.48235,0.10175,3.27687
5.31,0,0,15.936154,14.092760,0.00065,0.00061,0.00168,0.00053,0.00146,0.00065,0.01838,0.00238,1.48312,0.09772,3.27788
5.32,0,0,15.842208,14.336855,0.00064,0.00064,0.00152,0.00057,0.00177,0.00065,0.01982,0.00242,1.48284,0.09453,3.27737
5.33,0,0,15.736471,14.530878,0.00064,0.00064,0.00095,0.00057,0.00210,0.00066,0.01530,0.00259,1.48381,0.09508,3.27654
5.34,0,0,15.649047,14.705035,0.00074,0.00059,0.00079,0.00080,0.00171,0.00068,0.01015,0.00196,1.48310,0.09590,3.27671
5.35,1,0,15.571648,14.863069,0.00121,0.00063,0.00079,0.00111,0.00085,0.00091,0.00391,0.00088,1.48241,0.09651,3.27717
5.36,0,0,15.484305,14.749409,0.00265,0.00080,0.00074,0.00109,0.00062,0.00098,0.00114,0.00073,1.48361,0.09588,3.27704
5.37,0,0,15.403230,14.663255,0.00301,0.00084,0.00073,0.00107,0.00058,0.00109,0.00102,0.00067,1.48373,0.09582,3.27735
5.38,0,0,15.561082,14.557738,0.00294,0.00073,0.00068,0.00105,0.00064,0.00110,0.00080,0.00055,1.48423,0.09620,3.27687
5.39,0,0,16.203298,14.415784,0.00361,0.00071,0.00074,0.00091,0.00064,0.00094,0.00093,0.00055,1.48458,0.09701,3.27737
5.40,0,0,16.752673,14.300902,0.00319,0.00068,0.00071,0.00084,0.00059,0.00108,0.00095,0.00052,1.48294,0.09649,3.27789
5.41,0,0,17.210887,14.211206,0.00299,0.00062,0.00071,0.00083,0.00066,0.00107,0.00091,0.00053,1.48544,0.09586,3.27680
5.42,0,0,17.520990,14.042667,0.00307,0.00067,0.00072,0.00078,0.00071,0.00104,0.00087,0.00053,1.48479,0.09531,3.27667
5.43,0,0,17.900178,13.912246,0.00246,0.00073,0.00058,0.00079,0.00126,0.00100,0.00087,0.00055,1.48277,0.09539,3.27695
5.44,0,0,18.290493,13.725448,0.00273,0.00067,0.00066,0.00073,0.00157,0.00090,0.00081,0.00059,1.48307,0.09545,3.27783
5.45,0,0,18.641889,13.626646,0.00229,0.00070,0.00075,0.00071,0.00160,0.00113,0.00077,0.00064,1.48316,0.09584,3.27676
5.46,0,0,18.819306,13.480969,0.00121,0.00071,0.00065,0.00097,0.00180,0.00116,0.00084,0.00057,1.48345,0.09616,3.27673
5.47,0,0,19.002693,13.413665,0.00131,0.00065,0.00065,0.00099,0.00145,0.00090,0.00066,0.00052,1.48539,0.09648,3.27728
5.48,0,0,19.183156,13.329400,0.00135,0.00061,0.00065,0.00090,0.00107,0.00075,0.00060,0.00059,1.48373,0.09651,3.27669
5.49,0,0,19.421386,13.256642,0.00155,0.00062,0.00064,0.00097,0.00123,0.00084,0.00072,0.00058,1.48445,0.09576,3.27842
5.50,0,0,19.606499,13.168198,0.00136,0.00064,0.00070,0.00083,0.00124,0.00082,0.00080,0.00055,1.48342,0.09540,3.27671
5.51,0,0,19.674852,13.069637,0.00132,0.00063,0.00067,0.00087,0.00106,0.00086,0.00079,0.00059,1.48542,0.09614,3.27689
5.52,0,0,19.546618,12.975187,0.00156,0.00069,0.00063,0.00087,0.00129,0.00092,0.00080,0.00057,1.48401,0.09677,3.27687
5.53,0,0,19.432564,12.859467,0.00164,0.00076,0.00061,0.00067,0.00157,0.00088,0.00080,0.00057,1.48369,0.09712,3.27689
5.54,0,0,19.279432,12.770101,0.00204,0.00083,0.00056,0.00064,0.00159,0.00089,0.00068,0.00059,1.48295,0.09622,3.27777
5.55,0,0,19.155040,12.604102,0.00183,0.00107,0.00057,0.00065,0.00186,0.00085,0.00064,0.00080,1.48354,0.09563,3.27713
5.56,0,0,19.040184,12.505896,0.00177,0.00093,0.00055,0.00070,0.00182,0.00084,0.00068,0.00077,1.48389,0.09545,3.27838
5.57,0,0,18.941829,12.398859,0.00179,0.00115,0.00057,0.00075,0.00130,0.00080,0.00064,0.00055,1.48442,0.09651,3.27763
5.58,0,0,18.822834,12.268812,0.00190,0.00144,0.00059,0.00074,0.00082,0.00080,0.00060,0.00058,1.48218,0.09743,3.27673
5.59,0,0,18.695732,12.225477,0.00212,0.00140,0.00055,0.00064,0.00058,0.00074,0.00055,0.00055,1.48287,0.09803,3.27766
5.60,0,0,18.669438,12.098690,0.00172,0.00109,0.00056,0.00075,0.00064,0.00066,0.00062,0.00054,1.48464,0.09803,3.27663
5.61,0,0,18.488030,12.011763,0.00157,0.00105,0.00059,0.00073,0.00065,0.00062,0.00067,0.00078,1.48502,0.09772,3.27713
5.62,0,0,18.311668,11.968471,0.00171,0.00153,0.00056,0.00058,0.00062,0.00063,0.00062,0.00080,1.48383,0.09763,3.27707
5.63,0,0,18.236841,11.915216,0.00178,0.00244,0.00058,0.00058,0.00054,0.00065,0.00070,0.00059,1.48420,0.09721,3.27774
5.64,0,0,18.112616,11.819853,0.00163,0.00365,0.00062,0.00057,0.00051,0.00084,0.00096,0.00075,1.48447,0.09772,3.27702
5.65,0,0,18.049731,11.804502,0.00122,0.00235,0.00064,0.00059,0.00075,0.00085,0.00101,0.00084,1.48474,0.09706,3.27765
5.66,0,1,17.961122,11.763543,0.00348,0.00866,0.00110,0.00075,0.00084,0.00142,0.00132,0.00095,1.48325,0.09566,3.27652
5.67,0,0,17.888868,11.770274,0.00580,0.01733,0.00259,0.00115,0.00066,0.00184,0.00139,0.00119,1.48407,0.09488,3.27715
5.68,0,0,17.765479,11.980846,0.00627,0.01381,0.00345,0.00121,0.00064,0.00124,0.00125,0.00111,1.48453,0.09479,3.27708
5.69,0,0,17.673887,12.468530,0.00581,0.00805,0.00449,0.00086,0.00066,0.00092,0.00172,0.00107,1.48527,0.09494,3.27726
5.70,0,0,17.579651,12.799677,0.00524,0.00640,0.00554,0.00084,0.00070,0.00082,0.00200,0.00116,1.48532,0.09569,3.27731
5.71,0,0,17.461945,13.045587,0.00551,0.00570,0.00658,0.00091,0.00075,0.00084,0.00199,0.00142,1.48440,0.09683,3.27728
5.72,0,0,17.305049,13.228070,0.00372,0.00503,0.00582,0.00075,0.00083,0.00088,0.00291,0.00151,1.48429,0.09689,3.27801
5.73,0,0,17.186251,13.368701,0.00322,0.00577,0.00527,0.00073,0.00090,0.00085,0.00535,0.00128,1.47557,0.09625,3.27798
5.74,0,0,17.069012,13.473076,0.00314,0.00443,0.00549,0.00069,0.00092,0.00089,0.00697,0.00196,1.48419,0.09646,3.27682
5.75,0,0,16.962901,13.622803,0.00229,0.00158,0.00366,0.00056,0.00084,0.00075,0.00505,0.00189,1.48387,0.09674,3.27755
5.76,0,0,16.855946,13.701515,0.00200,0.00167,0.00270,0.00059,0.00095,0.00076,0.00559,0.00122,1.48389,0.09657,3.27700
5.77,0,0,16.763733,13.826038,0.00109,0.00161,0.00299,0.00065,0.00097,0.00081,0.00959,0.00158,1.48450,0.09597,3.27689
5.78,0,0,16.645728,13.961190,0.00073,0.00066,0.00279,0.00057,0.00093,0.00068,0.01105,0.00254,1.48508,0.09579,3.27708
5.79,0,0,16.556297,14.171975,0.00070,0.00067,0.00206,0.00052,0.00111,0.00071,0.01505,0.00261,1.48276,0.09616,3.27658
5.80,0,0,16.442748,14.382591,0.00075,0.00064,0.00181,0.00057,0.00104,0.00072,0.01665,0.00215,1.48387,0.09671,3.27716
5.81,0,0,16.321530,14.698738,0.00075,0.00066,0.00142,0.00064,0.00145,0.00074,0.01600,0.00252,1.48342,0.09655,3.27711
5.82,0,0,16.209452,14.838016,0.00072,0.00062,0.00113,0.00063,0.00162,0.00076,0.01782,0.00302,1.48251,0.09654,3.27685
5.83,0,0,16.103173,14.941487,0.00084,0.00057,0.00098,0.00063,0.00147,0.00067,0.01633,0.00299,1.48430,0.09604,3.27811
5.84,0,0,15.998457,15.037636,0.00088,0.00060,0.00079,0.00068,0.00191,0.00063,0.01366,0.00226,1.48424,0.09457,3.27733
5.85,1,0,15.940706,15.231733,0.00074,0.00070,0.00061,0.00123,0.00153,0.00089,0.00748,0.00120,1.48392,0.09388,3.27612
5.86,0,0,15.834177,15.248825,0.00190,0.00086,0.00066,0.00137,0.00074,0.00135,0.00164,0.00064,1.48436,0.09433,3.27635
5.87,0,0,15.759188,15.080936,0.00335,0.00084,0.00071,0.00111,0.00060,0.00141,0.00078,0.00062,1.48302,0.09533,3.27726
5.88,0,0,15.759548,15.003015,0.00316,0.00093,0.00065,0.00135,0.00066,0.00128,0.00083,0.00052,1.48326,0.09620,3.27763
5.89,0,0,15.998657,14.906429,0.00369,0.00114,0.00066,0.00120,0.00060,0.00110,0.00078,0.00053,1.48341,0.09619,3.27724
5.90,0,0,16.667377,14.794482,0.00336,0.00096,0.00068,0.00083,0.00058,0.00097,0.00084,0.00054,1.48317,0.09535,3.27733
5.91,0,0,17.277041,14.671855,0.00232,0.00075,0.00063,0.00092,0.00066,0.00099,0.00087,0.00056,1.48450,0.09486,3.27707
5.92,0,0,17.612336,14.554035,0.00324,0.00070,0.00073,0.00091,0.00070,0.00089,0.00073,0.00058,1.48354,0.09490,3.27698
5.93,0,0,18.033355,14.456126,0.00336,0.00068,0.00066,0.00078,0.00077,0.00082,0.00075,0.00055,1.48361,0.09531,3.27763
5.94,0,0,18.471384,14.268174,0.00384,0.00069,0.00064,0.00077,0.00082,0.00086,0.00074,0.00052,1.48282,0.09446,3.27718
5.95,0,0,18.803257,14.144606,0.00430,0.00076,0.00072,0.00076,0.00072,0.00100,0.00073,0.00055,1.48411,0.09328,3.27656
5.96,0,0,18.918506,14.008008,0.00302,0.00080,0.00068,0.00083,0.00071,0.00111,0.00073,0.00057,1.48442,0.09323,3.27772
5.97,0,0,19.057325,13.881608,0.00262,0.00082,0.00063,0.00077,0.00065,0.00104,0.00069,0.00055,1.48356,0.09384,3.27698
5.98,0,0,19.159119,13.744753,0.00220,0.00091,0.00061,0.00093,0.00072,0.00105,0.00064,0.00058,1.48465,0.09460,3.27625
5.99,0,0,19.342380,13.606399,0.00213,0.00092,0.00062,0.00102,0.00086,0.00114,0.00063,0.00059,1.48403,0.09513,3.27671
6.00,0,0,19.485567,13.534801,0.00246,0.00122,0.00065,0.00100,0.00078,0.00112,0.00063,0.00055,1.48210,0.09485,3.27733
6.01,0,0,19.594848,13.439542,0.00254,0.00137,0.00069,0.00097,0.00087,0.00090,0.00067,0.00080,1.48914,0.09470,3.27645
6.02,0,0,19.528707,13.375064,0.00173,0.00094,0.00064,0.00077,0.00176,0.00083,0.00076,0.00105,1.48472,0.09471,3.27678
6.03,0,0,19.352940,13.274614,0.00079,0.00087,0.00061,0.00084,0.00197,0.00098,0.00075,0.00082,1.48485,0.09424,3.27676
6.04,0,0,19.232058,13.205118,0.00177,0.00100,0.00063,0.00091,0.00133,0.00097,0.00072,0.00075,1.48478,0.09495,3.27656
6.05,0,0,19.110106,13.087263,0.00199,0.00086,0.00064,0.00074,0.00112,0.00085,0.00064,0.00073,1.48434,0.09549,3.27718
6.06,0,0,19.010594,12.973756,0.00246,0.00225,0.00065,0.00062,0.00075,0.00081,0.00053,0.00052,1.48495,0.09586,3.27766
6.07,0,0,18.916451,12.869508,0.00261,0.00257,0.00074,0.00056,0.00051,0.00082,0.00056,0.00051,1.48342,0.09546,3.27761
6.08,0,0,18.827108,12.812833,0.00176,0.00135,0.00075,0.00053,0.00056,0.00079,0.00061,0.00057,1.48231,0.09560,3.27750
6.09,0,0,18.720447,12.706358,0.00155,0.00124,0.00072,0.00053,0.00061,0.00070,0.00065,0.00054,1.48079,0.09650,3.27663
6.10,0,0,18.648019,12.583626,0.00112,0.00098,0.00062,0.00059,0.00071,0.00072,0.00063,0.00049,1.48075,0.09670,3.27676
6.11,0,0,18.527204,12.484685,0.00141,0.00063,0.00055,0.00058,0.00074,0.00072,0.00070,0.00053,1.48410,0.09629,3.27763
6.12,0,0,18.415367,12.361572,0.00158,0.00067,0.00054,0.00057,0.00066,0.00065,0.00076,0.00051,1.48428,0.09609,3.27733
6.13,0,0,18.304715,12.272523,0.00136,0.00071,0.00052,0.00058,0.00066,0.00063,0.00074,0.00049,1.48474,0.09594,3.27766
6.14,0,0,18.165209,12.192472,0.00154,0.00210,0.00060,0.00059,0.00062,0.00063,0.00070,0.00054,1.48298,0.09620,3.27796
6.15,0,0,18.059445,12.113249,0.00131,0.00210,0.00060,0.00062,0.00056,0.00066,0.00067,0.00078,1.48586,0.09640,3.27715
6.16,0,0,17.982737,12.048287,0.00086,0.00130,0.00053,0.00057,0.00059,0.00068,0.00066,0.00079,1.48287,0.09598,3.27744
6.17,0,0,17.871064,11.974948,0.00090,0.00181,0.00052,0.00051,0.00058,0.00072,0.00062,0.00075,1.48353,0.09564,3.27669
6.18,0,0,17.822293,11.905563,0.00185,0.00593,0.00071,0.00063,0.00061,0.00099,0.00088,0.00106,1.48473,0.09549,3.27728
6.19,0,1,17.724256,11.844229,0.00460,0.00955,0.00247,0.00084,0.00066,0.00113,0.00180,0.00131,1.48394,0.09564,3.27759
6.20,0,0,17.541002,11.977710,0.00877,0.00867,0.00519,0.00116,0.00071,0.00141,0.00198,0.00125,1.48442,0.09592,3.27731
6.21,0,0,17.443094,12.469440,0.00691,0.00521,0.00523,0.00097,0.00072,0.00127,0.00171,0.00109,1.48520,0.09582,3.27781
6.22,0,0,17.254756,12.797581,0.00346,0.00339,0.00504,0.00063,0.00067,0.00085,0.00247,0.00127,1.48474,0.09548,3.27682
6.23,0,0,17.172991,13.035879,0.00316,0.00448,0.00530,0.00075,0.00102,0.00092,0.00518,0.00158,1.48570,0.09527,3.27788
6.24,0,0,16.980134,13.264255,0.00216,0.00321,0.00406,0.00075,0.00111,0.00090,0.00547,0.00159,1.48468,0.09525,3.27660
6.25,0,0,16.851193,13.388820,0.00209,0.00304,0.00429,0.00079,0.00082,0.00084,0.00489,0.00225,1.48170,0.09613,3.27613
6.26,0,0,16.767663,13.488116,0.00144,0.00321,0.00424,0.00075,0.00089,0.00073,0.00770,0.00220,1.48416,0.09643,3.27748
6.27,0,0,16.674794,13.547588,0.00108,0.00212,0.00292,0.00060,0.00108,0.00072,0.00952,0.00224,1.48336,0.09670,3.27699
6.28,0,0,16.559808,13.638956,0.00101,0.00156,0.00229,0.00056,0.00106,0.00074,0.00749,0.00273,1.48297,0.09709,3.27719
6.29,0,0,16.476740,13.788716,0.00076,0.00142,0.00219,0.00061,0.00100,0.00074,0.00865,0.00292,1.48329,0.09655,3.27783
6.30,0,0,16.403007,13.845406,0.00072,0.00124,0.00218,0.00058,0.00100,0.00072,0.01187,0.00340,1.48415,0.09616,3.27763
6.31,0,0,16.269635,13.959320,0.00067,0.00082,0.00176,0.00053,0.00107,0.00071,0.01379,0.00355,1.48361,0.09642,3.27665
6.32,0,0,16.180183,14.004213,0.00066,0.00055,0.00129,0.00059,0.00123,0.00069,0.01800,0.00313,1.48474,0.09651,3.27691
6.33,0,0,16.064676,14.136064,0.00063,0.00052,0.00092,0.00060,0.00149,0.00066,0.01813,0.00254,1.48401,0.09605,3.27735
6.34,0,0,15.946076,14.267976,0.00065,0.00052,0.00073,0.00054,0.00151,0.00068,0.01574,0.00244,1.48496,0.09581,3.27750
6.35,0,0,15.866809,14.391033,0.00078,0.00050,0.00085,0.00056,0.00151,0.00069,0.01348,0.00187,1.48242,0.09551,3.27726
6.36,1,0,15.760972,14.492619,0.00079,0.00063,0.00090,0.00069,0.00140,0.00066,0.00743,0.00117,1.48387,0.09544,3.27694
6.37,0,0,15.656075,14.557256,0.00140,0.00070,0.00077,0.00113,0.00087,0.00100,0.00193,0.00085,1.48450,0.09645,3.27680
6.38,0,0,15.544099,14.472019,0.00272,0.00093,0.00066,0.00116,0.00061,0.00112,0.00086,0.00068,1.48557,0.09666,3.27761
6.39,0,0,15.449406,14.359862,0.00313,0.00095,0.00073,0.00102,0.00060,0.00090,0.00082,0.00057,1.48406,0.09659,3.27650
