"Time","46 sw offset","45 sw onset","23 toex (cm)","11 Gr","10 Gs","9 TA","8 St","7 VL","6 BF","5 Ip","4 GM","3 Platform","2 Trdml"
0.00,0,0,13.067202,0.00108,0.00051,0.00053,0.00068,0.00060,0.00062,0.00065,0.00054,0.00014,0.09627
0.01,0,0,13.027946,0.00322,0.00235,0.00057,0.00059,0.00057,0.00059,0.00163,0.00567,0.00015,0.09545
0.02,0,1,12.988272,0.00580,0.00967,0.00258,0.00075,0.00059,0.00078,0.00133,0.00991,0.00045,0.09671
0.03,0,0,13.022050,0.00590,0.00644,0.00249,0.00065,0.00058,0.00065,0.00175,0.00545,0.00001,0.09634
0.04,0,0,13.428134,0.00210,0.00354,0.00458,0.00067,0.00062,0.00063,0.00147,0.01212,-0.00014,0.09568
0.05,0,0,13.838996,0.00176,0.00090,0.00429,0.00065,0.00060,0.00072,0.00225,0.00577,-0.00013,0.09570
0.06,0,0,14.293451,0.00123,0.00059,0.00223,0.00061,0.00060,0.00077,0.00178,0.00966,0.00000,0.09673
0.07,0,0,14.731201,0.00189,0.00060,0.00155,0.00053,0.00072,0.00071,0.00253,0.01067,-0.00014,0.09680
0.08,0,0,15.082933,0.00103,0.00057,0.00178,0.00054,0.00070,0.00063,0.00294,0.00541,0.00016,0.09712
0.09,0,0,15.329729,0.00115,0.00067,0.00149,0.00054,0.00057,0.00065,0.00273,0.00412,0.00030,0.09711
0.10,0,0,15.464777,0.00205,0.00059,0.00100,0.00060,0.00062,0.00063,0.00250,0.00724,0.00015,0.09625
0.11,0,0,15.545596,0.00147,0.00057,0.00220,0.00054,0.00077,0.00073,0.00246,0.00643,0.00013,0.09617
0.12,0,0,15.585464,0.00092,0.00061,0.00087,0.00053,0.00055,0.00070,0.00315,0.01003,0.00002,0.09708
0.13,0,0,15.686901,0.00115,0.00060,0.00090,0.00049,0.00075,0.00068,0.00299,0.00480,0.00001,0.09750
0.14,0,0,15.866165,0.00222,0.00054,0.00086,0.00052,0.00077,0.00065,0.00338,0.00360,-0.00014,0.09756
0.15,0,0,16.148617,0.00152,0.00053,0.00053,0.00052,0.00085,0.00066,0.00450,0.00195,-0.00015,0.09665
0.16,0,0,16.327208,0.00126,0.00054,0.00064,0.00055,0.00087,0.00068,0.00288,0.00062,0.00014,0.09602
0.17,1,0,16.645766,0.00159,0.00060,0.00074,0.00069,0.00055,0.00069,0.00122,0.00056,-0.00001,0.09659
0.18,0,0,16.765931,0.00301,0.00079,0.00097,0.00072,0.00055,0.00071,0.00094,0.00065,-0.00014,0.09702
0.19,0,0,16.628486,0.00321,0.00068,0.00052,0.00055,0.00054,0.00071,0.00119,0.00067,0.00031,0.09670
0.20,0,0,16.411948,0.00134,0.00055,0.00090,0.00056,0.00061,0.00066,0.00096,0.00051,0.00001,0.09669
0.21,0,0,16.284423,0.00109,0.00048,0.00086,0.00062,0.00057,0.00072,0.00070,0.00061,-0.00015,0.09653
0.22,0,0,16.136817,0.00310,0.00068,0.00054,0.00060,0.00056,0.00062,0.00096,0.00054,0.00030,0.09576
0.23,0,0,16.041262,0.00313,0.00066,0.00059,0.00059,0.00059,0.00073,0.00071,0.00055,-0.00013,0.09584
0.24,0,0,15.928356,0.00121,0.00064,0.00057,0.00061,0.00063,0.00075,0.00084,0.00064,-0.00001,0.09669
0.25,0,0,15.807720,0.00223,0.00073,0.00063,0.00068,0.00061,0.00065,0.00110,0.00058,-0.00001,0.09702
0.26,0,0,15.674607,0.00075,0.00064,0.00056,0.00065,0.00066,0.00067,0.00200,0.00053,0.00014,0.09727
0.27,0,0,15.565161,0.00124,0.00066,0.00072,0.00067,0.00079,0.00066,0.00163,0.00051,0.00015,0.09722
0.28,0,0,15.448892,0.00147,0.00048,0.00061,0.00070,0.00079,0.00078,0.00151,0.00057,-0.00014,0.09646
0.29,0,0,15.300848,0.00186,0.00054,0.00067,0.00081,0.00078,0.00065,0.00098,0.00055,-0.00014,0.09628
0.30,0,0,15.205375,0.00189,0.00061,0.00060,0.00075,0.00065,0.00073,0.00074,0.00061,0.00001,0.09665
0.31,0,0,15.037713,0.00108,0.00058,0.00059,0.00096,0.00075,0.00074,0.00076,0.00062,-0.00013,0.09658
0.32,0,0,14.868210,0.00113,0.00054,0.00063,0.00103,0.00076,0.00077,0.00080,0.00051,-0.00001,0.09647
0.33,0,0,14.768464,0.00104,0.00068,0.00059,0.00143,0.00083,0.00070,0.00102,0.00059,-0.00029,0.09687
0.34,0,0,14.637098,0.00111,0.00055,0.00056,0.00102,0.00058,0.00064,0.00080,0.00058,0.00014,0.09691
0.35,0,0,14.582984,0.00098,0.00053,0.00073,0.00163,0.00075,0.00067,0.00072,0.00065,-0.00014,0.09783
0.36,0,0,14.487072,0.00125,0.00058,0.00064,0.00175,0.00066,0.00069,0.00068,0.00060,-0.00001,0.09756
0.37,0,0,14.350252,0.00220,0.00062,0.00063,0.00096,0.00068,0.00065,0.00064,0.00057,0.00013,0.09740
0.38,0,0,14.221201,0.00148,0.00063,0.00063,0.00131,0.00068,0.00069,0.00065,0.00066,0.00001,0.09711
0.39,0,0,14.076572,0.00100,0.00061,0.00069,0.00169,0.00074,0.00074,0.00067,0.00067,-0.00028,0.09715
0.40,0,0,13.894483,0.00132,0.00060,0.00059,0.00133,0.00078,0.00064,0.00101,0.00067,-0.00013,0.09813
0.41,0,0,13.770052,0.00096,0.00067,0.00065,0.00124,0.00072,0.00067,0.00163,0.00062,-0.00014,0.09856
0.42,0,0,13.600075,0.00080,0.00064,0.00057,0.00133,0.00067,0.00076,0.00226,0.00055,-0.00015,0.09821
0.43,0,0,13.432158,0.00131,0.00073,0.00064,0.00062,0.00066,0.00061,0.00139,0.00053,0.00014,0.09764
0.44,0,0,13.257199,0.00132,0.00063,0.00062,0.00074,0.00094,0.00071,0.00222,0.00071,0.00001,0.09719
0.45,0,0,13.163299,0.00218,0.00060,0.00060,0.00093,0.00086,0.00075,0.00069,0.00063,0.00000,0.09696
0.46,0,0,13.060822,0.00151,0.00080,0.00069,0.00073,0.00052,0.00065,0.00226,0.00051,0.00042,0.09842
0.47,0,0,13.012198,0.00116,0.00065,0.00062,0.00061,0.00068,0.00065,0.00085,0.00057,0.00015,0.09933
0.48,0,0,12.964539,0.00096,0.00060,0.00059,0.00060,0.00093,0.00071,0.00118,0.00061,0.00030,0.09875
0.49,0,0,12.901746,0.00136,0.00129,0.00054,0.00061,0.00054,0.00071,0.00176,0.00456,0.00000,0.09776
0.50,0,0,12.839423,0.00303,0.00420,0.00097,0.00070,0.00059,0.00126,0.00212,0.00247,0.00014,0.09784
0.51,0,1,12.757920,0.00442,0.00740,0.00162,0.00093,0.00058,0.00068,0.00133,0.01271,-0.00014,0.09836
0.52,0,0,12.792722,0.00342,0.00337,0.00272,0.00062,0.00061,0.00074,0.00161,0.00468,0.00000,0.09879
0.53,0,0,13.137371,0.00239,0.00254,0.00439,0.00068,0.00058,0.00080,0.00129,0.00693,-0.00015,0.09900
0.54,0,0,13.487237,0.00220,0.00204,0.00442,0.00056,0.00057,0.00074,0.00135,0.00760,-0.00014,0.09878
0.55,0,0,13.819092,0.00121,0.00112,0.00245,0.00076,0.00056,0.00083,0.00131,0.00581,0.00031,0.09857
0.56,0,0,14.156650,0.00108,0.00058,0.00208,0.00056,0.00066,0.00065,0.00131,0.00602,0.00028,0.09858
0.57,0,0,14.430197,0.00097,0.00060,0.00204,0.00061,0.00047,0.00072,0.00161,0.00624,0.00015,0.09818
0.58,0,0,14.687714,0.00097,0.00051,0.00163,0.00056,0.00059,0.00070,0.00239,0.00709,0.00001,0.09901
0.59,0,0,15.007492,0.00117,0.00054,0.00163,0.00065,0.00055,0.00062,0.00216,0.00535,-0.00013,0.09855
0.60,0,0,15.203311,0.00222,0.00056,0.00078,0.00057,0.00076,0.00061,0.00291,0.00699,0.00029,0.09797
0.61,0,0,15.501081,0.00151,0.00057,0.00088,0.00064,0.00086,0.00064,0.00305,0.00110,0.00016,0.09746
0.62,0,0,15.764616,0.00177,0.00070,0.00083,0.00057,0.00084,0.00104,0.00288,0.00190,0.00000,0.09801
0.63,0,0,16.041501,0.00163,0.00066,0.00103,0.00059,0.00095,0.00074,0.00264,0.00060,0.00015,0.09750
0.64,1,0,16.269519,0.00126,0.00052,0.00107,0.00057,0.00056,0.00069,0.00128,0.00061,0.00015,0.09674
0.65,0,0,16.123568,0.00280,0.00062,0.00051,0.00068,0.00062,0.00072,0.00092,0.00059,0.00000,0.09644
0.66,0,0,15.997143,0.00377,0.00105,0.00060,0.00065,0.00057,0.00066,0.00070,0.00074,-0.00013,0.09701
0.67,0,0,15.919907,0.00430,0.00064,0.00061,0.00062,0.00057,0.00068,0.00090,0.00064,0.00030,0.09789
0.68,0,0,15.739100,0.00254,0.00058,0.00061,0.00055,0.00058,0.00069,0.00105,0.00057,0.00000,0.09809
0.69,0,0,15.642348,0.00119,0.00060,0.00049,0.00066,0.00061,0.00067,0.00107,0.00061,0.00016,0.09842
0.70,0,0,15.494035,0.00223,0.00061,0.00061,0.00059,0.00055,0.00058,0.00078,0.00060,-0.00013,0.09770
0.71,0,0,15.362413,0.00214,0.00081,0.00064,0.00059,0.00059,0.00090,0.00101,0.00058,0.00015,0.09754
0.72,0,0,15.203487,0.00114,0.00059,0.00061,0.00053,0.00071,0.00068,0.00088,0.00055,0.00014,0.09728
0.73,0,0,15.108488,0.00105,0.00069,0.00059,0.00058,0.00078,0.00072,0.00124,0.00050,0.00029,0.09765
0.74,0,0,14.919363,0.00159,0.00069,0.00067,0.00061,0.00079,0.00070,0.00112,0.00062,-0.00013,0.09764
0.75,0,0,14.828806,0.00262,0.00057,0.00058,0.00065,0.00065,0.00074,0.00115,0.00067,0.00030,0.09771
0.76,0,0,14.712041,0.00102,0.00052,0.00067,0.00062,0.00106,0.00073,0.00132,0.00060,0.00029,0.09790
0.77,0,0,14.624214,0.00129,0.00061,0.00063,0.00052,0.00080,0.00072,0.00122,0.00059,0.00014,0.09799
0.78,0,0,14.552554,0.00137,0.00052,0.00071,0.00064,0.00078,0.00071,0.00083,0.00066,0.00015,0.09790
0.79,0,0,14.544546,0.00157,0.00071,0.00057,0.00056,0.00060,0.00065,0.00059,0.00056,0.00000,0.09687
0.80,0,0,14.360422,0.00243,0.00059,0.00058,0.00078,0.00087,0.00069,0.00110,0.00062,0.00001,0.09642
0.81,0,0,14.063363,0.00147,0.00051,0.00063,0.00055,0.00073,0.00063,0.00063,0.00062,0.00000,0.09601
0.82,0,0,13.975162,0.00145,0.00071,0.00063,0.00075,0.00061,0.00067,0.00072,0.00046,0.00029,0.09630
0.83,0,0,13.866397,0.00238,0.00071,0.00058,0.00063,0.00081,0.00070,0.00074,0.00063,0.00015,0.09688
0.84,0,0,13.805140,0.00165,0.00083,0.00062,0.00059,0.00075,0.00066,0.00063,0.00077,-0.00014,0.09722
0.85,0,0,13.646091,0.00119,0.00102,0.00061,0.00055,0.00057,0.00072,0.00062,0.00069,0.00001,0.09658
0.86,0,0,13.492928,0.00125,0.00084,0.00050,0.00060,0.00060,0.00065,0.00183,0.00058,0.00000,0.09606
0.87,0,0,13.338741,0.00117,0.00057,0.00055,0.00054,0.00071,0.00075,0.00104,0.00064,0.00015,0.09626
0.88,0,0,13.252992,0.00140,0.00089,0.00064,0.00065,0.00071,0.00070,0.00064,0.00062,0.00014,0.09618
0.89,0,0,13.138298,0.00173,0.00082,0.00085,0.00065,0.00087,0.00132,0.00082,0.00075,0.00016,0.09631
0.90,0,0,13.009578,0.00215,0.00055,0.00058,0.00068,0.00074,0.00068,0.00068,0.00065,-0.00013,0.09608
0.91,0,0,12.905044,0.00161,0.00067,0.00058,0.00057,0.00063,0.00072,0.00056,0.00057,-0.00013,0.09688
0.92,0,0,12.799226,0.00100,0.00065,0.00073,0.00062,0.00079,0.00070,0.00084,0.00060,0.00000,0.09713
0.93,0,0,12.682298,0.00105,0.00068,0.00057,0.00059,0.00063,0.00069,0.00079,0.00074,0.00016,0.09811
0.94,0,0,12.595355,0.00133,0.00165,0.00063,0.00051,0.00052,0.00071,0.00145,0.00278,0.00013,0.09795
0.95,0,0,12.526218,0.00161,0.00277,0.00063,0.00070,0.00052,0.00071,0.00188,0.00373,0.00001,0.09766
0.96,0,1,12.439059,0.00484,0.00646,0.00225,0.00087,0.00062,0.00058,0.00165,0.00693,0.00031,0.09632
0.97,0,0,12.464386,0.00715,0.00971,0.00303,0.00081,0.00048,0.00065,0.00146,0.00741,0.00016,0.09606
0.98,0,0,12.815556,0.00800,0.00651,0.00553,0.00080,0.00055,0.00072,0.00149,0.00839,0.00000,0.09675
0.99,0,0,13.158865,0.00325,0.00335,0.00424,0.00072,0.00051,0.00078,0.00132,0.00703,-0.00013,0.09714
1.00,0,0,13.392773,0.00160,0.00123,0.00280,0.00076,0.00058,0.00067,0.00142,0.00812,0.00013,0.09688
1.01,0,0,13.621651,0.00140,0.00144,0.00382,0.00068,0.00053,0.00073,0.00148,0.00547,0.00045,0.09700
1.02,0,0,14.048081,0.00113,0.00056,0.00236,0.00055,0.00056,0.00073,0.00139,0.00797,0.00014,0.09645
1.03,0,0,14.361297,0.00107,0.00057,0.00200,0.00057,0.00058,0.00065,0.00137,0.00524,0.00015,0.09603
1.04,0,0,14.699032,0.00088,0.00047,0.00096,0.00056,0.00065,0.00073,0.00203,0.00296,0.00001,0.09630
1.05,0,0,15.095360,0.00116,0.00055,0.00089,0.00066,0.00075,0.00066,0.00353,0.00392,0.00001,0.09635
1.06,0,0,15.629074,0.00253,0.00059,0.00087,0.00059,0.00064,0.00059,0.00377,0.00205,0.00031,0.09590
1.07,0,0,16.114857,0.00198,0.00054,0.00067,0.00054,0.00088,0.00077,0.00286,0.00085,-0.00015,0.09544
1.08,1,0,16.455404,0.00176,0.00056,0.00100,0.00061,0.00059,0.00067,0.00233,0.00062,0.00013,0.09523
1.09,0,0,16.448467,0.00098,0.00058,0.00091,0.00056,0.00076,0.00064,0.00153,0.00051,0.00014,0.09602
1.10,0,0,16.240097,0.00132,0.00062,0.00063,0.00056,0.00062,0.00073,0.00176,0.00064,0.00002,0.09662
1.11,0,0,16.125926,0.00454,0.00108,0.00064,0.00075,0.00053,0.00066,0.00069,0.00061,-0.00013,0.09666
1.12,0,0,15.991266,0.00112,0.00060,0.00058,0.00058,0.00061,0.00062,0.00094,0.00061,0.00001,0.09703
1.13,0,0,15.907252,0.00175,0.00058,0.00071,0.00059,0.00068,0.00062,0.00152,0.00056,-0.00015,0.09701
1.14,0,0,15.791155,0.00129,0.00059,0.00051,0.00068,0.00074,0.00071,0.00176,0.00064,0.00013,0.09706
1.15,0,0,15.675226,0.00127,0.00064,0.00055,0.00067,0.00076,0.00066,0.00224,0.00052,-0.00001,0.09714
1.16,0,0,15.555395,0.00233,0.00058,0.00070,0.00061,0.00103,0.00064,0.00308,0.00058,0.00015,0.09662
1.17,0,0,15.415437,0.00124,0.00048,0.00058,0.00060,0.00073,0.00057,0.00193,0.00060,0.00015,0.09571
1.18,0,0,15.245661,0.00115,0.00056,0.00054,0.00071,0.00062,0.00064,0.00071,0.00056,0.00014,0.09550
1.19,0,0,15.104998,0.00076,0.00054,0.00052,0.00060,0.00065,0.00074,0.00100,0.00061,0.00001,0.09595
1.20,0,0,14.932789,0.00108,0.00063,0.00055,0.00066,0.00058,0.00070,0.00096,0.00061,0.00016,0.09670
1.21,0,0,14.837699,0.00224,0.00059,0.00065,0.00062,0.00071,0.00065,0.00087,0.00053,0.00014,0.09784
1.22,0,0,14.754966,0.00135,0.00070,0.00057,0.00074,0.00060,0.00066,0.00084,0.00061,-0.00013,0.09770
1.23,0,0,14.650637,0.00125,0.00061,0.00069,0.00065,0.00073,0.00084,0.00087,0.00056,0.00014,0.09762
1.24,0,0,14.561653,0.00113,0.00068,0.00058,0.00082,0.00060,0.00064,0.00055,0.00064,0.00014,0.09689
1.25,0,0,14.429431,0.00155,0.00086,0.00050,0.00114,0.00064,0.00073,0.00063,0.00059,-0.00015,0.09620
1.26,0,0,14.305538,0.00170,0.00060,0.00059,0.00102,0.00069,0.00063,0.00063,0.00059,-0.00013,0.09697
1.27,0,0,14.188195,0.00148,0.00060,0.00055,0.00104,0.00069,0.00065,0.00063,0.00043,0.00044,0.09798
1.28,0,0,14.077504,0.00082,0.00087,0.00061,0.00112,0.00053,0.00075,0.00055,0.00058,0.00015,0.09841
1.29,0,0,13.912998,0.00188,0.00064,0.00068,0.00085,0.00073,0.00068,0.00134,0.00058,0.00001,0.09801
1.30,0,0,13.795624,0.00092,0.00062,0.00069,0.00121,0.00081,0.00067,0.00104,0.00061,0.00014,0.09857
1.31,0,0,13.609863,0.00126,0.00072,0.00062,0.00083,0.00060,0.00069,0.00199,0.00053,-0.00015,0.09847
1.32,0,0,13.417776,0.00090,0.00056,0.00061,0.00057,0.00049,0.00071,0.00213,0.00060,0.00015,0.09884
1.33,0,0,13.309211,0.00106,0.00088,0.00061,0.00062,0.00064,0.00066,0.00089,0.00119,0.00001,0.09903
1.34,0,0,13.279549,0.00198,0.00053,0.00061,0.00083,0.00062,0.00069,0.00156,0.00052,0.00014,0.09850
1.35,0,0,13.172037,0.00181,0.00073,0.00055,0.00066,0.00081,0.00073,0.00104,0.00059,0.00016,0.09871
1.36,0,0,13.124898,0.00208,0.00243,0.00047,0.00058,0.00051,0.00066,0.00069,0.00225,0.00001,0.09894
1.37,0,1,13.064197,0.00567,0.00780,0.00129,0.00073,0.00055,0.00069,0.00143,0.00955,0.00015,0.09889
1.38,0,0,13.011739,0.00371,0.00618,0.00299,0.00100,0.00056,0.00064,0.00169,0.01116,0.00014,0.09890
1.39,0,0,13.222672,0.00539,0.00764,0.00442,0.00073,0.00044,0.00066,0.00160,0.00517,0.00000,0.09844
1.40,0,0,13.700666,0.00147,0.00090,0.00389,0.00063,0.00055,0.00062,0.00153,0.00933,0.00000,0.09833
1.41,0,0,14.164671,0.00224,0.00130,0.00294,0.00063,0.00050,0.00068,0.00120,0.00541,-0.00014,0.09780
1.42,0,0,14.565120,0.00210,0.00046,0.00311,0.00053,0.00049,0.00073,0.00170,0.00647,0.00014,0.09799
1.43,0,0,14.951010,0.00110,0.00059,0.00219,0.00052,0.00061,0.00072,0.00233,0.00636,0.00015,0.09761
1.44,0,0,15.257335,0.00218,0.00058,0.00101,0.00048,0.00062,0.00073,0.00287,0.00568,0.00013,0.09782
1.45,0,0,15.561348,0.00109,0.00051,0.00078,0.00061,0.00071,0.00073,0.00291,0.00295,0.00015,0.09782
1.46,0,0,15.909079,0.00112,0.00064,0.00117,0.00051,0.00080,0.00068,0.00338,0.00241,0.00013,0.09780
1.47,0,0,16.259526,0.00090,0.00062,0.00087,0.00054,0.00115,0.00069,0.00478,0.00066,0.00001,0.09755
1.48,0,0,16.527158,0.00148,0.00061,0.00060,0.00051,0.00071,0.00069,0.00283,0.00073,0.00001,0.09662
1.49,1,0,16.745796,0.00126,0.00062,0.00132,0.00060,0.00091,0.00074,0.00147,0.00056,0.00002,0.09641
1.50,0,0,16.809296,0.00179,0.00077,0.00081,0.00065,0.00065,0.00066,0.00107,0.00057,0.00002,0.09712
1.51,0,0,16.603397,0.00633,0.00072,0.00061,0.00065,0.00060,0.00068,0.00064,0.00060,-0.00015,0.09806
1.52,0,0,16.442287,0.00345,0.00082,0.00061,0.00058,0.00051,0.00066,0.00075,0.00062,0.00014,0.09811
1.53,0,0,16.301197,0.00205,0.00106,0.00060,0.00053,0.00050,0.00060,0.00054,0.00051,0.00000,0.09753
1.54,0,0,16.177633,0.00115,0.00058,0.00055,0.00059,0.00059,0.00072,0.00093,0.00055,0.00014,0.09753
1.55,0,0,16.081768,0.00124,0.00056,0.00049,0.00059,0.00072,0.00065,0.00145,0.00054,0.00015,0.09716
1.56,0,0,15.952881,0.00125,0.00063,0.00058,0.00060,0.00088,0.00063,0.00208,0.00056,0.00014,0.09700
1.57,0,0,15.821306,0.00125,0.00058,0.00059,0.00063,0.00060,0.00072,0.00102,0.00059,0.00015,0.09667
1.58,0,0,15.683288,0.00107,0.00066,0.00055,0.00060,0.00064,0.00073,0.00108,0.00051,0.00017,0.09665
1.59,0,0,15.571994,0.00191,0.00058,0.00055,0.00058,0.00058,0.00065,0.00063,0.00066,0.00001,0.09741
1.60,0,0,15.421356,0.00233,0.00058,0.00052,0.00069,0.00059,0.00072,0.00065,0.00060,-0.00001,0.09724
1.61,0,0,15.277966,0.00144,0.00064,0.00056,0.00065,0.00061,0.00066,0.00080,0.00057,-0.00001,0.09770
1.62,0,0,15.088717,0.00128,0.00049,0.00059,0.00073,0.00066,0.00064,0.00101,0.00064,0.00001,0.09747
1.63,0,0,15.021074,0.00095,0.00058,0.00060,0.00071,0.00061,0.00068,0.00087,0.00065,0.00013,0.09717
1.64,0,0,14.906940,0.00124,0.00097,0.00069,0.00061,0.00059,0.00068,0.00070,0.00055,0.00000,0.09764
1.65,0,0,14.841330,0.00121,0.00099,0.00058,0.00089,0.00073,0.00059,0.00082,0.00052,0.00000,0.09763
1.66,0,0,14.756059,0.00130,0.00078,0.00060,0.00098,0.00054,0.00067,0.00085,0.00057,0.00001,0.09803
1.67,0,0,14.643395,0.00193,0.00062,0.00067,0.00072,0.00058,0.00064,0.00159,0.00058,0.00029,0.09753
1.68,0,0,14.499956,0.00098,0.00058,0.00060,0.00070,0.00066,0.00070,0.00114,0.00054,0.00014,0.09739
1.69,0,0,14.349155,0.00107,0.00061,0.00063,0.00099,0.00076,0.00065,0.00067,0.00053,0.00000,0.09712
1.70,0,0,14.210156,0.00168,0.00082,0.00066,0.00097,0.00077,0.00066,0.00089,0.00052,0.00016,0.09699
1.71,0,0,14.106828,0.00188,0.00089,0.00073,0.00107,0.00070,0.00068,0.00073,0.00059,0.00014,0.09692
1.72,0,0,13.955958,0.00113,0.00057,0.00060,0.00102,0.00079,0.00060,0.00073,0.00065,0.00014,0.09669
1.73,0,0,13.790722,0.00112,0.00087,0.00056,0.00087,0.00057,0.00066,0.00067,0.00062,0.00001,0.09723
1.74,0,0,13.621179,0.00108,0.00051,0.00060,0.00092,0.00051,0.00068,0.00155,0.00058,0.00000,0.09769
1.75,0,0,13.553768,0.00260,0.00193,0.00056,0.00056,0.00063,0.00066,0.00219,0.00454,0.00029,0.09733
1.76,0,1,13.541547,0.00494,0.00616,0.00163,0.00064,0.00065,0.00069,0.00230,0.01475,0.00015,0.09665
1.77,0,0,13.535949,0.00752,0.00882,0.00636,0.00085,0.00063,0.00086,0.00240,0.01687,0.00002,0.09583
1.78,0,0,13.764113,0.00298,0.00539,0.00408,0.00063,0.00066,0.00077,0.00193,0.00557,0.00000,0.09569
1.79,0,0,14.104855,0.00298,0.00082,0.00327,0.00055,0.00052,0.00072,0.00130,0.00578,0.00015,0.09572
1.80,0,0,14.794504,0.00177,0.00067,0.00235,0.00059,0.00051,0.00062,0.00238,0.00766,0.00000,0.09630
1.81,0,0,15.105499,0.00126,0.00054,0.00195,0.00054,0.00057,0.00067,0.00205,0.00965,0.00013,0.09655
1.82,0,0,15.424119,0.00156,0.00053,0.00082,0.00057,0.00063,0.00069,0.00240,0.00754,0.00014,0.09650
1.83,0,0,15.702922,0.00134,0.00054,0.00171,0.00061,0.00062,0.00066,0.00276,0.00790,0.00014,0.09660
1.84,0,0,15.909799,0.00123,0.00071,0.00133,0.00056,0.00069,0.00133,0.00301,0.00485,0.00000,0.09671
1.85,0,0,16.103894,0.00115,0.00060,0.00068,0.00056,0.00077,0.00072,0.00269,0.00655,0.00014,0.09700
1.86,0,0,16.357716,0.00116,0.00062,0.00060,0.00057,0.00090,0.00067,0.00330,0.00272,0.00013,0.09783
1.87,0,0,16.647485,0.00132,0.00059,0.00065,0.00048,0.00071,0.00074,0.00188,0.00072,0.00014,0.09723
1.88,1,0,16.880731,0.00156,0.00061,0.00060,0.00061,0.00063,0.00069,0.00109,0.00055,0.00016,0.09655
1.89,0,0,17.038300,0.00206,0.00063,0.00092,0.00069,0.00062,0.00075,0.00087,0.00055,-0.00014,0.09633
1.90,0,0,16.842582,0.00487,0.00066,0.00056,0.00086,0.00061,0.00067,0.00082,0.00054,0.00014,0.09645
1.91,0,0,16.708991,0.00328,0.00059,0.00050,0.00054,0.00066,0.00068,0.00063,0.00059,-0.00014,0.09689
1.92,0,0,16.584075,0.00251,0.00060,0.00061,0.00060,0.00059,0.00054,0.00071,0.00055,0.00028,0.09733
1.93,0,0,16.436998,0.00448,0.00070,0.00051,0.00066,0.00057,0.00064,0.00076,0.00055,0.00000,0.09688
1.94,0,0,16.265703,0.00342,0.00083,0.00058,0.00065,0.00052,0.00058,0.00099,0.00058,0.00029,0.09707
1.95,0,0,16.168578,0.00113,0.00077,0.00080,0.00071,0.00081,0.00127,0.00126,0.00076,0.00016,0.09749
1.96,0,0,16.050924,0.00134,0.00063,0.00066,0.00066,0.00076,0.00084,0.00167,0.00056,0.00001,0.09833
1.97,0,0,15.947035,0.00113,0.00051,0.00057,0.00063,0.00066,0.00064,0.00098,0.00050,-0.00015,0.09825
1.98,0,0,15.796898,0.00220,0.00059,0.00054,0.00059,0.00076,0.00078,0.00083,0.00057,0.00013,0.09805
1.99,0,0,15.661444,0.00243,0.00063,0.00061,0.00082,0.00081,0.00068,0.00123,0.00055,-0.00001,0.09725
2.00,0,0,15.524331,0.00350,0.00075,0.00062,0.00090,0.00074,0.00066,0.00093,0.00055,0.00016,0.09703
2.01,0,0,15.384790,0.00339,0.00076,0.00062,0.00077,0.00065,0.00066,0.00079,0.00060,0.00030,0.09774
2.02,0,0,15.253177,0.00123,0.00092,0.00059,0.00056,0.00058,0.00060,0.00081,0.00066,0.00015,0.09807
2.03,0,0,15.095185,0.00113,0.00069,0.00068,0.00077,0.00071,0.00056,0.00093,0.00066,0.00000,0.09850
2.04,0,0,14.946863,0.00101,0.00061,0.00065,0.00089,0.00072,0.00057,0.00086,0.00068,0.00013,0.09851
2.05,0,0,14.833029,0.00217,0.00115,0.00056,0.00097,0.00052,0.00068,0.00077,0.00061,0.00015,0.09817
2.06,0,0,14.742627,0.00112,0.00057,0.00056,0.00092,0.00058,0.00060,0.00161,0.00104,0.00015,0.09805
2.07,0,0,14.630831,0.00129,0.00063,0.00065,0.00118,0.00066,0.00064,0.00063,0.00062,0.00014,0.09812
2.08,0,0,14.457239,0.00185,0.00093,0.00053,0.00080,0.00065,0.00068,0.00061,0.00053,-0.00013,0.09856
2.09,0,0,14.365598,0.00170,0.00067,0.00068,0.00085,0.00058,0.00073,0.00059,0.00057,0.00013,0.09847
2.10,0,0,14.226207,0.00116,0.00060,0.00059,0.00067,0.00056,0.00062,0.00077,0.00066,-0.00013,0.09847
2.11,0,0,14.166888,0.00104,0.00057,0.00060,0.00075,0.00062,0.00065,0.00102,0.00055,0.00030,0.09801
2.12,0,0,14.069282,0.00104,0.00056,0.00065,0.00078,0.00074,0.00070,0.00106,0.00058,0.00014,0.09829
2.13,0,0,13.910540,0.00210,0.00066,0.00065,0.00107,0.00080,0.00076,0.00102,0.00062,0.00013,0.09846
2.14,0,0,13.707465,0.00115,0.00067,0.00063,0.00068,0.00063,0.00066,0.00173,0.00072,0.00000,0.09845
2.15,0,0,13.582465,0.00114,0.00054,0.00059,0.00061,0.00073,0.00068,0.00263,0.00074,-0.00012,0.09879
2.16,0,0,13.471339,0.00099,0.00058,0.00067,0.00067,0.00123,0.00068,0.00150,0.00062,-0.00013,0.09797
2.17,0,0,13.378214,0.00191,0.00074,0.00075,0.00062,0.00068,0.00093,0.00075,0.00068,0.00014,0.09745
2.18,0,0,13.336135,0.00197,0.00086,0.00063,0.00069,0.00059,0.00088,0.00094,0.00151,0.00016,0.09739
2.19,0,1,13.320892,0.00197,0.00180,0.00062,0.00058,0.00053,0.00061,0.00152,0.01273,0.00000,0.09807
2.20,0,0,13.260319,0.00362,0.00466,0.00218,0.00083,0.00065,0.00072,0.00184,0.00814,0.00027,0.09827
2.21,0,0,13.400653,0.00565,0.00779,0.00460,0.00085,0.00063,0.00075,0.00123,0.01085,0.00030,0.09814
2.22,0,0,13.899539,0.00457,0.00540,0.00385,0.00074,0.00055,0.00067,0.00170,0.01189,0.00015,0.09806
2.23,0,0,14.267978,0.00136,0.00081,0.00274,0.00053,0.00056,0.00065,0.00128,0.00779,0.00029,0.09782
2.24,0,0,14.576501,0.00113,0.00096,0.00258,0.00063,0.00059,0.00064,0.00194,0.01238,0.00015,0.09769
2.25,0,0,14.876275,0.00114,0.00054,0.00240,0.00050,0.00060,0.00071,0.00192,0.01184,0.00002,0.09723
2.26,0,0,15.179810,0.00104,0.00057,0.00207,0.00050,0.00062,0.00060,0.00166,0.00479,0.00014,0.09720
2.27,0,0,15.377834,0.00167,0.00056,0.00153,0.00053,0.00061,0.00061,0.00175,0.00825,-0.00013,0.09660
2.28,0,0,15.561495,0.00248,0.00066,0.00132,0.00053,0.00071,0.00057,0.00235,0.00666,0.00002,0.09616
2.29,0,0,15.807604,0.00137,0.00053,0.00097,0.00059,0.00064,0.00067,0.00229,0.00316,-0.00001,0.09612
2.30,0,0,16.000041,0.00082,0.00046,0.00076,0.00060,0.00087,0.00062,0.00225,0.00358,0.00000,0.09623
2.31,0,0,16.180838,0.00083,0.00052,0.00092,0.00058,0.00070,0.00065,0.00369,0.00194,-0.00014,0.09627
2.32,0,0,16.383705,0.00113,0.00055,0.00095,0.00052,0.00078,0.00063,0.00214,0.00102,0.00003,0.09675
2.33,1,0,16.514854,0.00115,0.00059,0.00061,0.00055,0.00068,0.00066,0.00252,0.00065,0.00001,0.09720
2.34,0,0,16.614854,0.00133,0.00059,0.00061,0.00055,0.00062,0.00067,0.00078,0.00059,0.00015,0.09718
2.35,0,0,16.458013,0.00325,0.00080,0.00069,0.00059,0.00059,0.00069,0.00068,0.00054,0.00015,0.09772
2.36,0,0,16.314051,0.00438,0.00076,0.00064,0.00056,0.00061,0.00066,0.00074,0.00054,0.00003,0.09755
2.37,0,0,16.196652,0.00464,0.00078,0.00064,0.00070,0.00052,0.00060,0.00054,0.00066,-0.00014,0.09835
2.38,0,0,16.074092,0.00269,0.00076,0.00056,0.00067,0.00056,0.00061,0.00079,0.00061,0.00002,0.09928
2.39,0,0,15.968507,0.00196,0.00061,0.00059,0.00065,0.00053,0.00062,0.00084,0.00066,-0.00013,0.09964
2.40,0,0,15.822133,0.00137,0.00052,0.00057,0.00061,0.00057,0.00076,0.00102,0.00055,0.00001,0.09947
2.41,0,0,15.693749,0.00155,0.00059,0.00052,0.00065,0.00079,0.00065,0.00174,0.00068,0.00014,0.09847
2.42,0,0,15.583133,0.00094,0.00061,0.00069,0.00056,0.00092,0.00067,0.00169,0.00065,-0.00001,0.09721
2.43,0,0,15.428295,0.00209,0.00058,0.00054,0.00064,0.00069,0.00072,0.00114,0.00069,-0.00001,0.09663
2.44,0,0,15.277535,0.00141,0.00064,0.00053,0.00065,0.00082,0.00071,0.00111,0.00060,0.00015,0.09726
2.45,0,0,15.137550,0.00170,0.00054,0.00052,0.00063,0.00068,0.00059,0.00084,0.00067,0.00014,0.09710
2.46,0,0,15.025897,0.00152,0.00060,0.00058,0.00060,0.00067,0.00066,0.00095,0.00057,0.00030,0.09687
2.47,0,0,14.892095,0.00122,0.00064,0.00063,0.00055,0.00083,0.00062,0.00119,0.00062,0.00013,0.09730
2.48,0,0,14.738965,0.00144,0.00060,0.00058,0.00064,0.00067,0.00062,0.00099,0.00054,-0.00014,0.09728
2.49,0,0,14.622567,0.00174,0.00059,0.00057,0.00063,0.00070,0.00077,0.00111,0.00064,0.00015,0.09786
2.50,0,0,14.488923,0.00142,0.00066,0.00058,0.00065,0.00103,0.00066,0.00094,0.00062,0.00013,0.09754
2.51,0,0,14.361043,0.00211,0.00058,0.00058,0.00065,0.00066,0.00056,0.00124,0.00047,0.00029,0.09686
2.52,0,0,14.290818,0.00141,0.00069,0.00056,0.00070,0.00083,0.00070,0.00064,0.00062,0.00030,0.09666
2.53,0,0,14.156605,0.00214,0.00058,0.00052,0.00076,0.00075,0.00068,0.00076,0.00072,0.00000,0.09672
2.54,0,0,14.056247,0.00157,0.00054,0.00059,0.00058,0.00071,0.00074,0.00072,0.00075,0.00015,0.09771
2.55,0,0,13.955105,0.00096,0.00060,0.00060,0.00063,0.00087,0.00077,0.00086,0.00062,0.00014,0.09824
2.56,0,0,13.814905,0.00083,0.00078,0.00062,0.00054,0.00054,0.00064,0.00111,0.00064,-0.00001,0.09857
2.57,0,0,13.651054,0.00115,0.00096,0.00061,0.00052,0.00073,0.00071,0.00254,0.00077,0.00000,0.09754
2.58,0,0,13.524720,0.00142,0.00083,0.00067,0.00061,0.00059,0.00074,0.00144,0.00110,0.00027,0.09694
2.59,0,0,13.360773,0.00209,0.00084,0.00059,0.00060,0.00073,0.00064,0.00212,0.00056,-0.00029,0.09677
2.60,0,0,13.219868,0.00101,0.00054,0.00057,0.00065,0.00069,0.00068,0.00058,0.00055,0.00013,0.09667
2.61,0,0,13.050309,0.00208,0.00071,0.00064,0.00063,0.00070,0.00068,0.00062,0.00052,0.00015,0.09682
2.62,0,0,12.954624,0.00141,0.00075,0.00060,0.00058,0.00047,0.00071,0.00143,0.00050,0.00015,0.09707
2.63,0,0,12.910842,0.00092,0.00058,0.00063,0.00052,0.00047,0.00056,0.00158,0.00055,0.00014,0.09662
2.64,0,0,12.883628,0.00121,0.00053,0.00056,0.00058,0.00057,0.00068,0.00139,0.00073,0.00000,0.09608
2.65,0,1,12.815292,0.00390,0.00617,0.00168,0.00064,0.00052,0.00066,0.00187,0.00800,0.00014,0.09629
2.66,0,0,12.747216,0.00795,0.00947,0.00412,0.00071,0.00058,0.00074,0.00146,0.01383,0.00017,0.09608
2.67,0,0,12.840610,0.00691,0.00687,0.00449,0.00064,0.00055,0.00071,0.00138,0.00446,0.00028,0.09509
2.68,0,0,13.225454,0.00171,0.00091,0.00399,0.00054,0.00065,0.00070,0.00122,0.00565,0.00015,0.09467
2.69,0,0,13.579688,0.00090,0.00053,0.00283,0.00059,0.00052,0.00084,0.00134,0.00591,0.00030,0.09476
2.70,0,0,14.050970,0.00244,0.00112,0.00209,0.00079,0.00082,0.00138,0.00279,0.00413,0.00014,0.09497
2.71,0,0,14.507549,0.00145,0.00063,0.00166,0.00054,0.00071,0.00072,0.00258,0.00302,-0.00014,0.09403
2.72,0,0,14.920060,0.00108,0.00055,0.00125,0.00057,0.00074,0.00075,0.00334,0.00333,0.00015,0.09809
2.73,0,0,15.381723,0.00097,0.00062,0.00086,0.00050,0.00099,0.00064,0.00299,0.00215,-0.00013,0.09760
2.74,0,0,15.783020,0.00220,0.00062,0.00119,0.00058,0.00094,0.00074,0.00442,0.00298,0.00001,0.09532
2.75,1,0,16.088285,0.00171,0.00067,0.00103,0.00060,0.00070,0.00065,0.00257,0.00079,0.00001,0.09404
2.76,0,0,16.262881,0.00094,0.00062,0.00132,0.00058,0.00092,0.00064,0.00140,0.00056,0.00014,0.09407
2.77,0,0,16.010208,0.00090,0.00065,0.00063,0.00055,0.00052,0.00071,0.00081,0.00058,0.00029,0.09505
2.78,0,0,15.831246,0.00248,0.00069,0.00064,0.00060,0.00055,0.00063,0.00078,0.00056,0.00001,0.09525
2.79,0,0,15.710948,0.00211,0.00064,0.00062,0.00051,0.00054,0.00069,0.00112,0.00062,0.00000,0.09541
2.80,0,0,15.609677,0.00194,0.00057,0.00055,0.00054,0.00065,0.00060,0.00082,0.00053,0.00016,0.09567
2.81,0,0,15.457077,0.00283,0.00068,0.00056,0.00059,0.00051,0.00063,0.00101,0.00063,-0.00014,0.09564
2.82,0,0,15.329066,0.00419,0.00070,0.00064,0.00049,0.00051,0.00069,0.00072,0.00057,0.00001,0.09624
2.83,0,0,15.169081,0.00308,0.00085,0.00066,0.00052,0.00055,0.00074,0.00122,0.00054,0.00014,0.09668
2.84,0,0,15.065271,0.00190,0.00055,0.00052,0.00058,0.00054,0.00068,0.00097,0.00056,0.00000,0.09695
2.85,0,0,14.898204,0.00104,0.00070,0.00067,0.00061,0.00096,0.00068,0.00136,0.00061,0.00016,0.09744
2.86,0,0,14.835150,0.00138,0.00061,0.00057,0.00068,0.00072,0.00072,0.00106,0.00054,0.00014,0.09600
2.87,0,0,14.736601,0.00184,0.00055,0.00057,0.00062,0.00066,0.00056,0.00106,0.00055,0.00030,0.09509
2.88,0,0,14.640135,0.00174,0.00061,0.00064,0.00059,0.00060,0.00064,0.00082,0.00052,0.00001,0.09512
2.89,0,0,14.548689,0.00316,0.00065,0.00053,0.00063,0.00052,0.00066,0.00115,0.00059,0.00014,0.09529
2.90,0,0,14.397747,0.00215,0.00055,0.00068,0.00062,0.00069,0.00064,0.00134,0.00067,0.00014,0.09618
2.91,0,0,14.292376,0.00126,0.00058,0.00055,0.00063,0.00069,0.00068,0.00082,0.00060,0.00017,0.09650
2.92,0,0,14.207007,0.00123,0.00063,0.00059,0.00063,0.00069,0.00064,0.00157,0.00061,-0.00013,0.09642
2.93,0,0,14.094197,0.00155,0.00055,0.00058,0.00054,0.00075,0.00071,0.00103,0.00060,0.00001,0.09699
2.94,0,0,13.963659,0.00186,0.00090,0.00058,0.00063,0.00066,0.00065,0.00124,0.00064,0.00000,0.09727
2.95,0,0,13.859776,0.00125,0.00107,0.00060,0.00064,0.00049,0.00058,0.00079,0.00059,0.00015,0.09779
2.96,0,0,13.678136,0.00131,0.00055,0.00055,0.00081,0.00061,0.00070,0.00059,0.00061,0.00000,0.09804
2.97,0,0,13.546153,0.00333,0.00062,0.00052,0.00097,0.00071,0.00099,0.00066,0.00084,0.00030,0.09839
2.98,0,0,13.395081,0.00151,0.00088,0.00065,0.00130,0.00080,0.00116,0.00062,0.00071,0.00015,0.09754
2.99,0,0,13.233130,0.00152,0.00089,0.00071,0.00104,0.00078,0.00118,0.00051,0.00086,0.00001,0.09750
3.00,0,0,13.061244,0.00127,0.00071,0.00064,0.00098,0.00085,0.00134,0.00077,0.00075,0.00013,0.09796
3.01,0,0,12.931652,0.00114,0.00067,0.00063,0.00060,0.00080,0.00162,0.00083,0.00075,0.00013,0.09833
3.02,0,0,12.851538,0.00136,0.00086,0.00065,0.00076,0.00062,0.00064,0.00242,0.00056,0.00015,0.09811
3.03,0,0,12.839859,0.00116,0.00092,0.00061,0.00058,0.00055,0.00067,0.00102,0.00056,-0.00013,0.09666
3.04,0,0,12.823436,0.00112,0.00061,0.00061,0.00074,0.00064,0.00146,0.00072,0.00053,0.00017,0.09523
3.05,0,0,12.712751,0.00245,0.00076,0.00054,0.00060,0.00062,0.00073,0.00144,0.00057,0.00002,0.09487
3.06,0,0,12.600344,0.00374,0.00326,0.00059,0.00069,0.00053,0.00066,0.00137,0.00441,0.00016,0.09552
3.07,0,1,12.488674,0.00460,0.00594,0.00111,0.00078,0.00056,0.00055,0.00149,0.00293,0.00013,0.09573
3.08,0,0,12.533379,0.00398,0.00478,0.00203,0.00072,0.00066,0.00070,0.00096,0.00394,0.00001,0.09555
3.09,0,0,12.944137,0.00466,0.00448,0.00354,0.00073,0.00055,0.00072,0.00221,0.00525,0.00015,0.09576
3.10,0,0,13.269019,0.00259,0.00321,0.00589,0.00070,0.00060,0.00059,0.00206,0.00773,0.00000,0.09634
3.11,0,0,13.525201,0.00148,0.00118,0.00306,0.00057,0.00055,0.00069,0.00126,0.00468,0.00000,0.09634
3.12,0,0,13.891912,0.00213,0.00174,0.00398,0.00074,0.00054,0.00068,0.00126,0.00540,0.00001,0.09618
3.13,0,0,14.108373,0.00274,0.00104,0.00254,0.00055,0.00059,0.00069,0.00228,0.00529,-0.00013,0.09648
3.14,0,0,14.228915,0.00173,0.00126,0.00222,0.00068,0.00066,0.00088,0.00125,0.00540,0.00013,0.09629
3.15,0,0,14.395685,0.00095,0.00073,0.00222,0.00065,0.00058,0.00079,0.00187,0.00645,0.00000,0.09606
3.16,0,0,14.564925,0.00098,0.00077,0.00199,0.00051,0.00053,0.00060,0.00104,0.00513,0.00015,0.09634
3.17,0,0,14.651888,0.00116,0.00058,0.00216,0.00060,0.00055,0.00075,0.00203,0.00481,0.00014,0.09737
3.18,0,0,14.788291,0.00113,0.00061,0.00183,0.00069,0.00067,0.00063,0.00209,0.00474,0.00013,0.09759
3.19,0,0,14.879888,0.00123,0.00059,0.00157,0.00053,0.00051,0.00069,0.00187,0.00358,0.00015,0.09841
3.20,0,0,15.003977,0.00117,0.00051,0.00074,0.00057,0.00057,0.00067,0.00342,0.00216,0.00001,0.09801
3.21,0,0,15.263402,0.00183,0.00053,0.00127,0.00056,0.00072,0.00065,0.00383,0.00090,0.00015,0.09790
3.22,0,0,15.605538,0.00176,0.00051,0.00082,0.00055,0.00111,0.00074,0.00470,0.00072,0.00001,0.09785
3.23,0,0,16.054775,0.00195,0.00065,0.00102,0.00063,0.00091,0.00066,0.00354,0.00060,0.00014,0.09820
3.24,0,0,16.387911,0.00163,0.00056,0.00069,0.00059,0.00051,0.00072,0.00203,0.00064,0.00013,0.09797
3.25,1,0,16.580002,0.00110,0.00069,0.00146,0.00065,0.00080,0.00070,0.00196,0.00065,0.00000,0.09843
3.26,0,0,16.428696,0.00147,0.00065,0.00059,0.00063,0.00070,0.00071,0.00104,0.00047,-0.00012,0.09849
3.27,0,0,16.206088,0.00375,0.00094,0.00085,0.00057,0.00055,0.00068,0.00092,0.00066,0.00030,0.09785
3.28,0,0,16.099921,0.00216,0.00066,0.00073,0.00054,0.00084,0.00069,0.00132,0.00061,0.00029,0.09754
3.29,0,0,15.977605,0.00178,0.00072,0.00075,0.00073,0.00090,0.00113,0.00156,0.00077,0.00014,0.09796
3.30,0,0,15.878029,0.00323,0.00057,0.00061,0.00056,0.00071,0.00062,0.00078,0.00050,0.00043,0.09763
3.31,0,0,15.739571,0.00216,0.00067,0.00062,0.00065,0.00078,0.00067,0.00134,0.00063,-0.00001,0.09773
3.32,0,0,15.630752,0.00539,0.00111,0.00060,0.00057,0.00053,0.00058,0.00067,0.00051,0.00000,0.09709
3.33,0,0,15.503539,0.00127,0.00062,0.00051,0.00056,0.00078,0.00060,0.00096,0.00063,-0.00001,0.09740
3.34,0,0,15.329695,0.00156,0.00054,0.00059,0.00050,0.00063,0.00071,0.00106,0.00060,0.00031,0.09735
3.35,0,0,15.205661,0.00134,0.00064,0.00060,0.00056,0.00089,0.00065,0.00172,0.00058,-0.00028,0.09767
3.36,0,0,15.044562,0.00175,0.00059,0.00054,0.00049,0.00070,0.00071,0.00154,0.00062,0.00002,0.09775
3.37,0,0,14.895631,0.00121,0.00055,0.00063,0.00063,0.00082,0.00062,0.00113,0.00056,0.00001,0.09727
3.38,0,0,14.783893,0.00184,0.00066,0.00062,0.00064,0.00063,0.00068,0.00076,0.00065,0.00000,0.09667
3.39,0,0,14.688814,0.00212,0.00058,0.00058,0.00056,0.00083,0.00057,0.00089,0.00055,0.00013,0.09621
3.40,0,0,14.588378,0.00113,0.00059,0.00057,0.00060,0.00076,0.00073,0.00106,0.00052,0.00000,0.09632
3.41,0,0,14.493390,0.00133,0.00056,0.00050,0.00060,0.00090,0.00075,0.00077,0.00061,0.00030,0.09737
3.42,0,0,14.335452,0.00107,0.00059,0.00056,0.00054,0.00074,0.00075,0.00092,0.00059,0.00029,0.09722
3.43,0,0,14.217993,0.00109,0.00061,0.00062,0.00052,0.00072,0.00080,0.00104,0.00058,0.00000,0.09715
3.44,0,0,14.110738,0.00186,0.00090,0.00058,0.00063,0.00091,0.00073,0.00096,0.00063,0.00001,0.09701
3.45,0,0,14.000433,0.00122,0.00060,0.00072,0.00064,0.00067,0.00063,0.00075,0.00059,0.00016,0.09692
3.46,0,0,13.924190,0.00120,0.00067,0.00066,0.00062,0.00076,0.00068,0.00067,0.00057,-0.00012,0.09774
3.47,0,0,13.783819,0.00165,0.00064,0.00049,0.00072,0.00067,0.00065,0.00069,0.00059,0.00002,0.09745
3.48,0,0,13.623023,0.00234,0.00063,0.00057,0.00062,0.00102,0.00081,0.00144,0.00073,-0.00013,0.09721
3.49,0,0,13.481314,0.00118,0.00073,0.00069,0.00064,0.00072,0.00074,0.00089,0.00065,0.00030,0.09687
3.50,0,0,13.332958,0.00094,0.00067,0.00063,0.00060,0.00081,0.00154,0.00090,0.00073,0.00031,0.09615
3.51,0,0,13.213819,0.00109,0.00078,0.00057,0.00055,0.00080,0.00076,0.00189,0.00052,0.00029,0.09593
3.52,0,0,13.062117,0.00181,0.00063,0.00065,0.00055,0.00064,0.00128,0.00119,0.00065,-0.00029,0.09620
3.53,0,0,12.954735,0.00098,0.00081,0.00072,0.00056,0.00088,0.00072,0.00130,0.00115,0.00031,0.09633
3.54,0,0,12.922038,0.00132,0.00129,0.00064,0.00071,0.00073,0.00068,0.00080,0.00056,-0.00013,0.09610
3.55,0,0,12.852200,0.00149,0.00063,0.00062,0.00055,0.00063,0.00068,0.00088,0.00053,0.00013,0.09572
3.56,0,0,12.747793,0.00243,0.00074,0.00069,0.00063,0.00087,0.00105,0.00074,0.00076,0.00001,0.09647
3.57,0,0,12.657606,0.00148,0.00079,0.00057,0.00047,0.00055,0.00064,0.00071,0.00059,0.00000,0.09672
3.58,0,0,12.579415,0.00315,0.00470,0.00058,0.00051,0.00059,0.00071,0.00185,0.00952,0.00029,0.09800
3.59,0,1,12.504645,0.01161,0.01358,0.00164,0.00083,0.00060,0.00076,0.00177,0.01080,-0.00014,0.09754
3.60,0,0,12.493904,0.00893,0.01010,0.00111,0.00088,0.00056,0.00069,0.00114,0.00665,0.00014,0.09653
3.61,0,0,12.732214,0.01033,0.00798,0.00469,0.00081,0.00057,0.00073,0.00221,0.01072,0.00002,0.09564
3.62,0,0,13.023761,0.00204,0.00102,0.00453,0.00055,0.00054,0.00060,0.00189,0.00497,0.00014,0.09597
3.63,0,0,13.427433,0.00221,0.00078,0.00366,0.00066,0.00064,0.00071,0.00123,0.00706,0.00001,0.09628
3.64,0,0,13.852546,0.00274,0.00052,0.00429,0.00053,0.00055,0.00072,0.00189,0.00654,-0.00013,0.09703
3.65,0,0,14.417589,0.00144,0.00064,0.00156,0.00058,0.00060,0.00069,0.00156,0.00645,-0.00015,0.09747
3.66,0,0,14.824994,0.00123,0.00056,0.00089,0.00051,0.00063,0.00061,0.00231,0.00275,0.00014,0.09694
3.67,0,0,15.289128,0.00219,0.00056,0.00121,0.00048,0.00086,0.00069,0.00348,0.00607,0.00029,0.09718
3.68,0,0,15.792113,0.00117,0.00061,0.00066,0.00055,0.00128,0.00071,0.00497,0.00063,0.00001,0.09731
3.69,0,0,16.252622,0.00127,0.00050,0.00087,0.00054,0.00089,0.00066,0.00362,0.00191,0.00015,0.09810
3.70,1,0,16.590545,0.00138,0.00060,0.00117,0.00065,0.00082,0.00064,0.00221,0.00067,-0.00012,0.09771
3.71,0,0,16.593127,0.00146,0.00054,0.00090,0.00058,0.00089,0.00067,0.00193,0.00064,0.00014,0.09794
3.72,0,0,16.448297,0.00439,0.00085,0.00076,0.00060,0.00054,0.00062,0.00077,0.00063,0.00014,0.09828
3.73,0,0,16.305640,0.00159,0.00060,0.00059,0.00066,0.00056,0.00068,0.00093,0.00053,0.00030,0.09838
3.74,0,0,16.195803,0.00213,0.00061,0.00056,0.00059,0.00081,0.00071,0.00100,0.00057,0.00001,0.09779
3.75,0,0,16.073904,0.00162,0.00064,0.00061,0.00055,0.00056,0.00070,0.00095,0.00065,0.00014,0.09852
3.76,0,0,15.940928,0.00096,0.00059,0.00060,0.00059,0.00060,0.00062,0.00083,0.00055,-0.00013,0.09863
3.77,0,0,15.790880,0.00167,0.00056,0.00052,0.00060,0.00056,0.00060,0.00070,0.00056,-0.00012,0.09876
3.78,0,0,15.672399,0.00101,0.00053,0.00056,0.00059,0.00060,0.00067,0.00099,0.00060,0.00015,0.09894
3.79,0,0,15.540092,0.00136,0.00062,0.00054,0.00061,0.00062,0.00071,0.00153,0.00060,-0.00001,0.09842
3.80,0,0,15.406229,0.00097,0.00058,0.00063,0.00067,0.00075,0.00067,0.00132,0.00069,-0.00001,0.09869
3.81,0,0,15.237176,0.00209,0.00060,0.00064,0.00058,0.00082,0.00079,0.00100,0.00067,0.00014,0.09841
3.82,0,0,15.118540,0.00279,0.00057,0.00052,0.00059,0.00070,0.00066,0.00065,0.00064,0.00002,0.09844
3.83,0,0,14.947883,0.00108,0.00058,0.00068,0.00052,0.00062,0.00059,0.00065,0.00058,0.00029,0.09853
3.84,0,0,14.811236,0.00120,0.00063,0.00060,0.00073,0.00061,0.00060,0.00067,0.00062,0.00013,0.09863
3.85,0,0,14.756900,0.00103,0.00055,0.00057,0.00066,0.00070,0.00069,0.00094,0.00054,-0.00001,0.09844
3.86,0,0,14.678640,0.00167,0.00068,0.00065,0.00070,0.00072,0.00077,0.00072,0.00061,0.00013,0.09766
3.87,0,0,14.526673,0.00162,0.00059,0.00064,0.00076,0.00065,0.00069,0.00089,0.00061,0.00013,0.09748
3.88,0,0,14.471169,0.00143,0.00068,0.00061,0.00069,0.00070,0.00073,0.00071,0.00059,0.00001,0.09768
3.89,0,0,14.259822,0.00147,0.00078,0.00069,0.00085,0.00073,0.00065,0.00059,0.00071,0.00029,0.09786
3.90,0,0,14.107815,0.00235,0.00076,0.00067,0.00072,0.00045,0.00065,0.00060,0.00061,0.00001,0.09794
3.91,0,0,13.958412,0.00160,0.00050,0.00062,0.00094,0.00064,0.00076,0.00074,0.00054,0.00015,0.09752
3.92,0,0,13.838345,0.00114,0.00060,0.00063,0.00070,0.00072,0.00064,0.00160,0.00058,-0.00013,0.09735
3.93,0,0,13.689096,0.00103,0.00057,0.00056,0.00079,0.00103,0.00069,0.00141,0.00064,0.00001,0.09726
3.94,0,0,13.533343,0.00102,0.00055,0.00064,0.00084,0.00076,0.00071,0.00189,0.00062,0.00014,0.09726
3.95,0,0,13.445835,0.00091,0.00055,0.00059,0.00055,0.00065,0.00065,0.00193,0.00121,-0.00001,0.09750
3.96,0,0,13.418063,0.00087,0.00054,0.00062,0.00052,0.00080,0.00066,0.00176,0.00254,0.00015,0.09749
3.97,0,1,13.360848,0.00367,0.00303,0.00101,0.00057,0.00053,0.00073,0.00292,0.00869,-0.00013,0.09743
3.98,0,0,13.308869,0.00438,0.00553,0.00376,0.00099,0.00077,0.00100,0.00238,0.01325,0.00001,0.09683
3.99,0,0,13.519366,0.00643,0.00948,0.00346,0.00084,0.00062,0.00079,0.00142,0.00787,0.00014,0.09735
4.00,0,0,13.986099,0.00271,0.00107,0.00382,0.00056,0.00052,0.00068,0.00192,0.00815,0.00014,0.09794
4.01,0,0,14.292373,0.00156,0.00101,0.00340,0.00057,0.00056,0.00065,0.00170,0.00766,0.00015,0.09874
4.02,0,0,14.641761,0.00124,0.00090,0.00211,0.00051,0.00057,0.00073,0.00169,0.00895,0.00014,0.09823
4.03,0,0,14.894250,0.00108,0.00086,0.00247,0.00047,0.00057,0.00075,0.00180,0.00629,0.00013,0.09790
4.04,0,0,15.012698,0.00109,0.00071,0.00194,0.00060,0.00054,0.00066,0.00124,0.00814,0.00017,0.09748
4.05,0,0,15.175636,0.00223,0.00082,0.00276,0.00059,0.00054,0.00075,0.00171,0.00706,0.00003,0.09844
4.06,0,0,15.277133,0.00096,0.00058,0.00099,0.00052,0.00050,0.00068,0.00257,0.00748,0.00000,0.09849
4.07,0,0,15.387828,0.00080,0.00056,0.00131,0.00055,0.00056,0.00064,0.00232,0.00536,0.00030,0.09820
4.08,0,0,15.703235,0.00114,0.00062,0.00063,0.00064,0.00063,0.00070,0.00388,0.00447,0.00000,0.09713
4.09,0,0,16.069945,0.00112,0.00070,0.00057,0.00059,0.00082,0.00073,0.00468,0.00270,0.00014,0.09751
4.10,0,0,16.449387,0.00124,0.00055,0.00100,0.00049,0.00068,0.00065,0.00282,0.00101,0.00013,0.09715
4.11,0,0,16.807340,0.00151,0.00061,0.00105,0.00048,0.00087,0.00066,0.00264,0.00055,0.00002,0.09682
4.12,1,0,17.001264,0.00142,0.00058,0.00125,0.00051,0.00065,0.00061,0.00154,0.00048,0.00000,0.09603
4.13,0,0,16.969002,0.00243,0.00069,0.00083,0.00054,0.00066,0.00100,0.00109,0.00070,0.00029,0.09481
4.14,0,0,16.841691,0.00148,0.00061,0.00059,0.00067,0.00062,0.00082,0.00094,0.00061,-0.00002,0.09448
4.15,0,0,16.743814,0.00317,0.00067,0.00064,0.00055,0.00061,0.00069,0.00082,0.00060,-0.00014,0.09503
4.16,0,0,16.621370,0.00318,0.00059,0.00061,0.00064,0.00060,0.00068,0.00146,0.00059,0.00001,0.09591
4.17,0,0,16.514244,0.00142,0.00055,0.00060,0.00054,0.00057,0.00068,0.00119,0.00063,-0.00013,0.09675
4.18,0,0,16.366108,0.00306,0.00076,0.00063,0.00058,0.00048,0.00062,0.00084,0.00064,0.00015,0.09747
4.19,0,0,16.240110,0.00104,0.00063,0.00061,0.00059,0.00056,0.00069,0.00085,0.00054,0.00015,0.09685
4.20,0,0,16.133175,0.00260,0.00053,0.00058,0.00060,0.00066,0.00070,0.00104,0.00059,0.00029,0.09708
4.21,0,0,15.962581,0.00126,0.00065,0.00066,0.00060,0.00078,0.00067,0.00204,0.00058,0.00000,0.09713
4.22,0,0,15.847474,0.00205,0.00079,0.00067,0.00052,0.00063,0.00066,0.00083,0.00059,0.00013,0.09702
4.23,0,0,15.716949,0.00341,0.00076,0.00062,0.00062,0.00056,0.00062,0.00117,0.00050,-0.00014,0.09723
4.24,0,0,15.605842,0.00163,0.00066,0.00057,0.00051,0.00064,0.00058,0.00097,0.00058,0.00001,0.09729
4.25,0,0,15.469155,0.00135,0.00063,0.00062,0.00059,0.00067,0.00079,0.00151,0.00072,-0.00001,0.09748
4.26,0,0,15.325277,0.00114,0.00058,0.00059,0.00058,0.00078,0.00065,0.00108,0.00063,0.00000,0.09723
4.27,0,0,15.170625,0.00120,0.00060,0.00045,0.00062,0.00076,0.00063,0.00103,0.00053,0.00002,0.09719
4.28,0,0,15.025517,0.00209,0.00054,0.00057,0.00069,0.00065,0.00072,0.00073,0.00054,0.00030,0.09702
4.29,0,0,14.882099,0.00155,0.00060,0.00064,0.00078,0.00067,0.00065,0.00089,0.00062,-0.00014,0.09643
4.30,0,0,14.814045,0.00177,0.00070,0.00057,0.00060,0.00073,0.00060,0.00070,0.00058,0.00017,0.09597
4.31,0,0,14.716454,0.00120,0.00062,0.00057,0.00062,0.00081,0.00073,0.00076,0.00059,0.00000,0.09564
4.32,0,0,14.602157,0.00109,0.00086,0.00070,0.00055,0.00053,0.00070,0.00087,0.00058,0.00016,0.09640
4.33,0,0,14.498695,0.00128,0.00067,0.00068,0.00072,0.00068,0.00077,0.00090,0.00066,0.00000,0.09681
4.34,0,0,14.403215,0.00106,0.00059,0.00060,0.00065,0.00078,0.00071,0.00188,0.00057,0.00015,0.09772
4.35,0,0,14.235910,0.00156,0.00050,0.00055,0.00064,0.00069,0.00067,0.00213,0.00067,0.00001,0.09677
4.36,0,0,14.083274,0.00135,0.00068,0.00058,0.00084,0.00093,0.00096,0.00071,0.00069,0.00015,0.09569
4.37,0,0,13.986074,0.00168,0.00063,0.00057,0.00057,0.00073,0.00118,0.00088,0.00075,0.00029,0.09603
4.38,0,0,13.878993,0.00178,0.00090,0.00060,0.00057,0.00055,0.00066,0.00071,0.00059,0.00002,0.09705
4.39,0,0,13.736838,0.00136,0.00055,0.00056,0.00056,0.00071,0.00062,0.00080,0.00057,0.00017,0.09747
4.40,0,0,13.605929,0.00118,0.00087,0.00058,0.00059,0.00043,0.00069,0.00086,0.00052,-0.00013,0.09734
4.41,0,0,13.454340,0.00098,0.00054,0.00062,0.00058,0.00054,0.00070,0.00100,0.00062,-0.00001,0.09640
4.42,0,0,13.335737,0.00098,0.00055,0.00069,0.00065,0.00089,0.00074,0.00072,0.00064,0.00001,0.09612
4.43,0,0,13.260665,0.00174,0.00056,0.00061,0.00062,0.00058,0.00070,0.00153,0.00056,0.00014,0.09722
4.44,0,0,13.204225,0.00138,0.00114,0.00065,0.00056,0.00059,0.00067,0.00285,0.00394,0.00002,0.09724
4.45,0,1,13.119478,0.00403,0.00758,0.00155,0.00077,0.00051,0.00074,0.00170,0.01660,0.00013,0.09744
4.46,0,0,13.090253,0.01158,0.01296,0.00414,0.00080,0.00059,0.00066,0.00235,0.01340,0.00001,0.09706
4.47,0,0,13.274616,0.00488,0.00694,0.00637,0.00071,0.00062,0.00068,0.00140,0.00834,0.00029,0.09626
4.48,0,0,13.745885,0.00208,0.00209,0.00670,0.00057,0.00053,0.00066,0.00145,0.00978,0.00016,0.09682
4.49,0,0,14.198479,0.00095,0.00063,0.00207,0.00053,0.00050,0.00060,0.00162,0.00641,0.00001,0.09748
4.50,0,0,14.622352,0.00124,0.00057,0.00200,0.00055,0.00062,0.00070,0.00250,0.00475,0.00000,0.09819
4.51,0,0,15.098050,0.00210,0.00062,0.00088,0.00051,0.00057,0.00061,0.00226,0.00591,0.00015,0.09832
4.52,0,0,15.542841,0.00130,0.00076,0.00087,0.00058,0.00083,0.00070,0.00359,0.00411,-0.00014,0.09851
4.53,0,0,15.977248,0.00125,0.00051,0.00077,0.00067,0.00093,0.00056,0.00354,0.00090,0.00014,0.09795
4.54,0,0,16.408146,0.00118,0.00067,0.00073,0.00062,0.00129,0.00068,0.00333,0.00063,0.00016,0.09819
4.55,1,0,16.830920,0.00115,0.00052,0.00113,0.00055,0.00065,0.00055,0.00179,0.00092,0.00016,0.09827
4.56,0,0,17.001021,0.00178,0.00054,0.00086,0.00065,0.00081,0.00067,0.00202,0.00052,0.00001,0.09849
4.57,0,0,16.817737,0.00187,0.00075,0.00077,0.00054,0.00066,0.00078,0.00112,0.00063,-0.00014,0.09783
4.58,0,0,16.693549,0.00538,0.00087,0.00060,0.00061,0.00061,0.00060,0.00073,0.00056,0.00002,0.09785
4.59,0,0,16.527347,0.00109,0.00061,0.00064,0.00058,0.00057,0.00068,0.00097,0.00057,0.00016,0.09755
4.60,0,0,16.405022,0.00219,0.00077,0.00052,0.00065,0.00057,0.00070,0.00065,0.00058,0.00014,0.09838
4.61,0,0,16.285411,0.00430,0.00114,0.00055,0.00064,0.00053,0.00068,0.00063,0.00048,0.00030,0.09906
4.62,0,0,16.137809,0.00362,0.00093,0.00055,0.00066,0.00057,0.00075,0.00072,0.00067,-0.00029,0.09921
4.63,0,0,16.014921,0.00215,0.00075,0.00052,0.00066,0.00052,0.00070,0.00094,0.00057,0.00001,0.09945
4.64,0,0,15.902156,0.00252,0.00075,0.00065,0.00069,0.00058,0.00073,0.00096,0.00067,0.00016,0.09933
4.65,0,0,15.765020,0.00216,0.00078,0.00060,0.00064,0.00050,0.00072,0.00093,0.00053,0.00015,0.09886
4.66,0,0,15.669228,0.00247,0.00070,0.00060,0.00052,0.00066,0.00070,0.00062,0.00063,-0.00013,0.09909
4.67,0,0,15.529731,0.00179,0.00052,0.00061,0.00066,0.00070,0.00067,0.00102,0.00052,0.00002,0.09887
4.68,0,0,15.399350,0.00215,0.00060,0.00061,0.00061,0.00072,0.00070,0.00069,0.00062,0.00002,0.09811
4.69,0,0,15.240646,0.00121,0.00065,0.00061,0.00061,0.00066,0.00068,0.00111,0.00059,0.00031,0.09678
4.70,0,0,15.085755,0.00109,0.00066,0.00069,0.00060,0.00067,0.00069,0.00076,0.00060,0.00001,0.09690
4.71,0,0,15.005917,0.00110,0.00054,0.00068,0.00050,0.00064,0.00061,0.00091,0.00052,-0.00014,0.09718
4.72,0,0,14.921465,0.00082,0.00055,0.00059,0.00069,0.00060,0.00068,0.00141,0.00062,0.00001,0.09723
4.73,0,0,14.809382,0.00104,0.00059,0.00064,0.00068,0.00072,0.00072,0.00097,0.00056,0.00016,0.09773
4.74,0,0,14.697073,0.00193,0.00061,0.00060,0.00069,0.00052,0.00062,0.00100,0.00064,0.00016,0.09728
4.75,0,0,14.597405,0.00138,0.00063,0.00063,0.00077,0.00059,0.00073,0.00060,0.00051,-0.00013,0.09733
4.76,0,0,14.492224,0.00137,0.00070,0.00053,0.00056,0.00063,0.00066,0.00063,0.00062,-0.00016,0.09732
4.77,0,0,14.370452,0.00168,0.00078,0.00060,0.00077,0.00050,0.00070,0.00052,0.00062,0.00001,0.09774
4.78,0,0,14.217292,0.00110,0.00060,0.00065,0.00078,0.00053,0.00058,0.00061,0.00054,0.00015,0.09758
4.79,0,0,14.131851,0.00090,0.00065,0.00058,0.00055,0.00052,0.00069,0.00093,0.00052,0.00001,0.09723
4.80,0,0,13.991546,0.00091,0.00087,0.00054,0.00071,0.00059,0.00066,0.00110,0.00063,0.00015,0.09731
4.81,0,0,13.884362,0.00122,0.00064,0.00062,0.00091,0.00100,0.00060,0.00349,0.00064,0.00030,0.09707
4.82,0,0,13.627439,0.00206,0.00088,0.00060,0.00068,0.00099,0.00069,0.00093,0.00062,0.00014,0.09757
4.83,0,0,13.507066,0.00127,0.00091,0.00064,0.00078,0.00058,0.00081,0.00188,0.00068,-0.00014,0.09762
4.84,0,0,13.417613,0.00246,0.00385,0.00058,0.00057,0.00059,0.00068,0.00204,0.00810,-0.00012,0.09733
4.85,0,1,13.430922,0.00823,0.01135,0.00188,0.00070,0.00062,0.00065,0.00192,0.01693,0.00002,0.09756
4.86,0,0,13.412203,0.00536,0.00786,0.00463,0.00069,0.00061,0.00074,0.00218,0.01618,0.00029,0.09802
4.87,0,0,13.714012,0.00313,0.00330,0.00579,0.00070,0.00060,0.00062,0.00230,0.00595,0.00015,0.09808
4.88,0,0,14.273275,0.00153,0.00113,0.00335,0.00071,0.00052,0.00071,0.00168,0.00703,0.00015,0.09738
4.89,0,0,14.811208,0.00204,0.00054,0.00224,0.00053,0.00060,0.00066,0.00216,0.00915,0.00015,0.09704
4.90,0,0,15.102997,0.00124,0.00059,0.00172,0.00058,0.00051,0.00059,0.00257,0.00490,0.00030,0.09684
4.91,0,0,15.441646,0.00112,0.00065,0.00154,0.00059,0.00059,0.00091,0.00332,0.00524,0.00014,0.09743
4.92,0,0,15.707926,0.00101,0.00057,0.00094,0.00064,0.00070,0.00071,0.00259,0.00469,0.00000,0.09766
4.93,0,0,16.039130,0.00114,0.00051,0.00061,0.00053,0.00088,0.00067,0.00258,0.00328,0.00014,0.09701
4.94,0,0,16.321018,0.00120,0.00056,0.00080,0.00059,0.00094,0.00070,0.00301,0.00314,0.00002,0.09642
4.95,0,0,16.603232,0.00191,0.00051,0.00109,0.00055,0.00076,0.00069,0.00288,0.00068,-0.00001,0.09585
4.96,1,0,16.890389,0.00192,0.00058,0.00105,0.00053,0.00062,0.00067,0.00136,0.00058,0.00001,0.09588
4.97,0,0,17.080329,0.00301,0.00077,0.00058,0.00077,0.00049,0.00063,0.00086,0.00055,0.00015,0.09703
4.98,0,0,16.841753,0.00561,0.00072,0.00056,0.00052,0.00060,0.00072,0.00081,0.00058,0.00015,0.09759
4.99,0,0,16.714877,0.00561,0.00086,0.00060,0.00077,0.00050,0.00074,0.00067,0.00061,0.00014,0.09696
5.00,0,0,16.558723,0.00824,0.00093,0.00062,0.00068,0.00054,0.00070,0.00063,0.00057,-0.00013,0.09672
5.01,0,0,16.422048,0.00755,0.00088,0.00063,0.00066,0.00054,0.00070,0.00086,0.00061,-0.00014,0.09687
5.02,0,0,16.314582,0.01021,0.00093,0.00060,0.00080,0.00060,0.00065,0.00074,0.00060,0.00015,0.09742
5.03,0,0,16.208369,0.00182,0.00065,0.00056,0.00060,0.00067,0.00065,0.00085,0.00060,0.00013,0.09764
5.04,0,0,16.087540,0.00449,0.00086,0.00068,0.00077,0.00053,0.00068,0.00088,0.00068,0.00043,0.09719
5.05,0,0,15.995341,0.00376,0.00067,0.00049,0.00064,0.00057,0.00070,0.00101,0.00059,0.00015,0.09695
5.06,0,0,15.892649,0.00181,0.00063,0.00057,0.00062,0.00058,0.00069,0.00067,0.00067,0.00014,0.09638
5.07,0,0,15.753540,0.00207,0.00072,0.00069,0.00066,0.00060,0.00063,0.00088,0.00063,0.00014,0.09523
5.08,0,0,15.621956,0.00273,0.00078,0.00059,0.00070,0.00050,0.00064,0.00096,0.00062,0.00016,0.09457
5.09,0,0,15.487488,0.00224,0.00065,0.00059,0.00071,0.00063,0.00078,0.00103,0.00062,0.00002,0.09371
5.10,0,0,15.355249,0.00152,0.00059,0.00056,0.00067,0.00051,0.00068,0.00091,0.00066,0.00042,0.09334
5.11,0,0,15.213706,0.00373,0.00059,0.00058,0.00074,0.00055,0.00060,0.00070,0.00060,0.00014,0.09395
5.12,0,0,15.060576,0.00103,0.00061,0.00062,0.00061,0.00058,0.00064,0.00092,0.00062,0.00016,0.09490
5.13,0,0,14.953220,0.00197,0.00057,0.00056,0.00068,0.00064,0.00074,0.00063,0.00055,0.00014,0.09513
5.14,0,0,14.833112,0.00110,0.00064,0.00058,0.00089,0.00079,0.00068,0.00120,0.00057,0.00013,0.09476
5.15,0,0,14.729445,0.00113,0.00094,0.00065,0.00059,0.00061,0.00067,0.00079,0.00062,-0.00027,0.09447
5.16,0,0,14.615220,0.00100,0.00060,0.00065,0.00082,0.00060,0.00083,0.00062,0.00058,0.00002,0.09457
5.17,0,0,14.489038,0.00151,0.00151,0.00060,0.00057,0.00056,0.00075,0.00058,0.00062,0.00001,0.09581
5.18,0,0,14.386890,0.00166,0.00063,0.00065,0.00080,0.00066,0.00071,0.00068,0.00060,0.00000,0.09671
5.19,0,0,14.251676,0.00132,0.00061,0.00063,0.00074,0.00058,0.00067,0.00076,0.00052,0.00016,0.09736
5.20,0,0,14.169903,0.00088,0.00064,0.00065,0.00066,0.00059,0.00069,0.00060,0.00067,0.00000,0.09734
5.21,0,0,13.991104,0.00186,0.00064,0.00062,0.00092,0.00059,0.00067,0.00073,0.00055,0.00015,0.09673
5.22,0,0,13.875585,0.00088,0.00056,0.00059,0.00059,0.00059,0.00067,0.00066,0.00075,-0.00001,0.09676
5.23,0,0,13.687300,0.00119,0.00086,0.00052,0.00084,0.00062,0.00056,0.00119,0.00066,0.00014,0.09733
5.24,0,0,13.580378,0.00103,0.00058,0.00064,0.00065,0.00067,0.00074,0.00064,0.00060,-0.00014,0.09723
5.25,0,0,13.472935,0.00108,0.00107,0.00059,0.00061,0.00052,0.00068,0.00056,0.00063,0.00013,0.09769
5.26,0,0,13.329354,0.00159,0.00067,0.00057,0.00061,0.00060,0.00060,0.00062,0.00051,0.00029,0.09739
5.27,0,0,13.153943,0.00124,0.00057,0.00064,0.00059,0.00060,0.00073,0.00060,0.00055,0.00000,0.09776
5.28,0,0,13.016024,0.00208,0.00087,0.00059,0.00056,0.00060,0.00063,0.00052,0.00058,0.00044,0.09755
5.29,0,0,12.887319,0.00106,0.00061,0.00064,0.00057,0.00072,0.00074,0.00082,0.00061,-0.00001,0.09881
5.30,0,0,12.737963,0.00099,0.00058,0.00072,0.00066,0.00083,0.00159,0.00098,0.00085,0.00015,0.09942
5.31,0,0,12.670287,0.00114,0.00097,0.00062,0.00059,0.00055,0.00067,0.00127,0.00064,0.00001,0.09898
5.32,0,0,12.634205,0.00163,0.00180,0.00056,0.00056,0.00048,0.00078,0.00129,0.00259,0.00001,0.09877
5.33,0,0,12.595343,0.00250,0.00296,0.00066,0.00053,0.00056,0.00069,0.00107,0.00227,0.00014,0.09795
5.34,0,1,12.552481,0.00488,0.00546,0.00115,0.00077,0.00056,0.00063,0.00134,0.00454,-0.00001,0.09792
5.35,0,0,12.556433,0.00499,0.00534,0.00347,0.00088,0.00052,0.00068,0.00143,0.00553,0.00013,0.09775
5.36,0,0,12.804063,0.00692,0.00812,0.00309,0.00075,0.00055,0.00071,0.00143,0.00666,0.00002,0.09835
5.37,0,0,13.213876,0.00196,0.00173,0.00405,0.00062,0.00051,0.00070,0.00108,0.00760,-0.00013,0.09791
5.38,0,0,13.671281,0.00121,0.00075,0.00401,0.00061,0.00054,0.00075,0.00162,0.00613,0.00029,0.09817
5.39,0,0,14.013767,0.00103,0.00070,0.00231,0.00054,0.00061,0.00071,0.00170,0.00520,0.00001,0.09834
5.40,0,0,14.683605,0.00091,0.00051,0.00086,0.00053,0.00055,0.00073,0.00161,0.00587,0.00001,0.09846
5.41,0,0,15.102539,0.00123,0.00056,0.00176,0.00048,0.00063,0.00069,0.00329,0.00206,0.00014,0.09838
5.42,0,0,15.410180,0.00245,0.00055,0.00118,0.00055,0.00088,0.00064,0.00613,0.00099,0.00000,0.09867
5.43,0,0,15.782406,0.00140,0.00051,0.00093,0.00056,0.00070,0.00059,0.00448,0.00188,0.00015,0.09893
5.44,0,0,16.089924,0.00217,0.00060,0.00085,0.00059,0.00089,0.00063,0.00269,0.00056,0.00000,0.09864
5.45,1,0,16.306332,0.00108,0.00054,0.00083,0.00052,0.00077,0.00063,0.00251,0.00055,0.00030,0.09906
5.46,0,0,16.461766,0.00179,0.00075,0.00114,0.00070,0.00055,0.00102,0.00131,0.00080,0.00014,0.09897
5.47,0,0,16.263619,0.00530,0.00123,0.00057,0.00061,0.00056,0.00079,0.00095,0.00065,0.00029,0.09852
5.48,0,0,16.095217,0.00407,0.00089,0.00068,0.00059,0.00070,0.00070,0.00077,0.00065,-0.00029,0.09884
5.49,0,0,15.946966,0.00203,0.00070,0.00060,0.00055,0.00065,0.00068,0.00125,0.00066,0.00002,0.09898
5.50,0,0,15.842888,0.00102,0.00054,0.00053,0.00053,0.00082,0.00066,0.00189,0.00057,0.00014,0.09929
5.51,0,0,15.691938,0.00190,0.00050,0.00060,0.00062,0.00098,0.00070,0.00156,0.00064,-0.00014,0.09891
5.52,0,0,15.617884,0.00181,0.00065,0.00056,0.00053,0.00084,0.00064,0.00101,0.00058,0.00013,0.09753
5.53,0,0,15.488379,0.00154,0.00056,0.00058,0.00060,0.00069,0.00062,0.00104,0.00054,0.00014,0.09620
5.54,0,0,15.320583,0.00150,0.00054,0.00068,0.00061,0.00074,0.00065,0.00087,0.00062,0.00000,0.09552
5.55,0,0,15.185206,0.00138,0.00059,0.00051,0.00066,0.00079,0.00067,0.00127,0.00061,0.00000,0.09540
5.56,0,0,15.041718,0.00156,0.00061,0.00058,0.00056,0.00061,0.00062,0.00118,0.00063,0.00001,0.09627
5.57,0,0,14.897503,0.00159,0.00062,0.00059,0.00065,0.00072,0.00065,0.00132,0.00066,0.00015,0.09659
5.58,0,0,14.757795,0.00122,0.00061,0.00064,0.00059,0.00067,0.00065,0.00114,0.00059,0.00014,0.09718
5.59,0,0,14.677270,0.00216,0.00052,0.00063,0.00056,0.00063,0.00062,0.00123,0.00059,0.00016,0.09693
5.60,0,0,14.601974,0.00142,0.00081,0.00056,0.00059,0.00061,0.00068,0.00068,0.00068,0.00000,0.09732
5.61,0,0,14.495584,0.00213,0.00072,0.00065,0.00072,0.00070,0.00070,0.00066,0.00056,-0.00001,0.09795
5.62,0,0,14.335840,0.00129,0.00059,0.00064,0.00061,0.00064,0.00068,0.00088,0.00061,0.00001,0.09860
5.63,0,0,14.208722,0.00170,0.00111,0.00067,0.00063,0.00059,0.00069,0.00063,0.00051,0.00013,0.09847
5.64,0,0,14.088088,0.00109,0.00052,0.00057,0.00071,0.00054,0.00064,0.00071,0.00055,-0.00013,0.09860
5.65,0,0,13.975450,0.00087,0.00075,0.00062,0.00068,0.00060,0.00073,0.00224,0.00063,0.00015,0.09765
5.66,0,0,13.850119,0.00139,0.00076,0.00063,0.00065,0.00063,0.00065,0.00153,0.00059,0.00015,0.09756
5.67,0,0,13.733760,0.00210,0.00062,0.00064,0.00048,0.00059,0.00061,0.00230,0.00052,-0.00013,0.09726
5.68,0,0,13.537409,0.00147,0.00111,0.00060,0.00056,0.00050,0.00076,0.00053,0.00116,-0.00013,0.09710
5.69,0,0,13.350923,0.00210,0.00111,0.00058,0.00060,0.00055,0.00058,0.00144,0.00060,0.00030,0.09678
5.70,0,0,13.333747,0.00152,0.00113,0.00054,0.00053,0.00057,0.00071,0.00088,0.00181,0.00000,0.09624
5.71,0,0,13.301547,0.00129,0.00116,0.00063,0.00059,0.00053,0.00066,0.00187,0.00059,-0.00014,0.09588
5.72,0,0,13.222945,0.00119,0.00055,0.00054,0.00050,0.00077,0.00061,0.00148,0.00057,-0.00014,0.09671
5.73,0,0,13.125076,0.00093,0.00068,0.00058,0.00054,0.00051,0.00063,0.00100,0.00059,0.00002,0.09748
5.74,0,0,13.027622,0.00105,0.00132,0.00063,0.00058,0.00053,0.00056,0.00167,0.00257,0.00000,0.09771
5.75,0,1,12.907803,0.00546,0.00599,0.00097,0.00077,0.00060,0.00072,0.00165,0.00511,-0.00002,0.09754
5.76,0,0,12.853443,0.00600,0.00781,0.00258,0.00068,0.00052,0.00062,0.00150,0.00582,-0.00001,0.09704
5.77,0,0,12.884333,0.00658,0.00694,0.00386,0.00057,0.00066,0.00068,0.00115,0.00640,0.00031,0.09760
5.78,0,0,13.234891,0.00252,0.00224,0.00343,0.00054,0.00049,0.00067,0.00119,0.00511,0.00000,0.09760
5.79,0,0,13.541528,0.00193,0.00093,0.00327,0.00058,0.00051,0.00076,0.00127,0.00842,0.00001,0.09796
5.80,0,0,13.861024,0.00119,0.00073,0.00323,0.00064,0.00052,0.00072,0.00159,0.00677,0.00000,0.09726
5.81,0,0,14.247119,0.00095,0.00063,0.00248,0.00055,0.00059,0.00068,0.00124,0.00388,-0.00014,0.09737
5.82,0,0,14.480488,0.00212,0.00082,0.00199,0.00070,0.00059,0.00155,0.00248,0.00487,-0.00013,0.09737
5.83,0,0,14.790392,0.00107,0.00053,0.00100,0.00050,0.00053,0.00072,0.00197,0.00505,-0.00013,0.09739
5.84,0,0,15.021313,0.00102,0.00060,0.00169,0.00056,0.00060,0.00062,0.00322,0.00268,-0.00013,0.09746
5.85,0,0,15.288429,0.00101,0.00056,0.00101,0.00057,0.00062,0.00063,0.00259,0.00133,0.00015,0.09677
5.86,0,0,15.602987,0.00118,0.00065,0.00094,0.00051,0.00086,0.00070,0.00298,0.00060,0.00001,0.09600
5.87,0,0,15.940988,0.00164,0.00059,0.00102,0.00050,0.00076,0.00063,0.00316,0.00064,0.00013,0.09622
5.88,0,0,16.178472,0.00120,0.00076,0.00057,0.00048,0.00116,0.00076,0.00231,0.00055,0.00000,0.09650
5.89,1,0,16.495477,0.00165,0.00068,0.00096,0.00071,0.00060,0.00065,0.00086,0.00061,0.00001,0.09638
5.90,0,0,16.367673,0.00484,0.00095,0.00054,0.00065,0.00052,0.00071,0.00111,0.00065,0.00000,0.09654
5.91,0,0,16.060707,0.00468,0.00080,0.00058,0.00056,0.00061,0.00066,0.00076,0.00063,-0.00013,0.09686
5.92,0,0,15.929089,0.00160,0.00060,0.00063,0.00059,0.00068,0.00074,0.00124,0.00061,-0.00001,0.09641
5.93,0,0,15.861475,0.00135,0.00064,0.00057,0.00057,0.00069,0.00070,0.00081,0.00062,0.00001,0.09698
5.94,0,0,15.710463,0.00193,0.00057,0.00069,0.00053,0.00065,0.00067,0.00113,0.00052,0.00001,0.09660
5.95,0,0,15.611097,0.00166,0.00057,0.00056,0.00057,0.00124,0.00068,0.00199,0.00050,0.00000,0.09629
5.96,0,0,15.459479,0.00132,0.00056,0.00051,0.00058,0.00075,0.00071,0.00109,0.00055,-0.00001,0.09579
5.97,0,0,15.347936,0.00116,0.00051,0.00055,0.00067,0.00072,0.00071,0.00099,0.00062,0.00014,0.09441
5.98,0,0,15.202974,0.00375,0.00075,0.00059,0.00065,0.00069,0.00066,0.00101,0.00051,0.00000,0.09417
5.99,0,0,15.072490,0.00146,0.00063,0.00061,0.00055,0.00057,0.00067,0.00115,0.00058,0.00000,0.09507
6.00,0,0,14.941301,0.00186,0.00055,0.00059,0.00064,0.00077,0.00069,0.00170,0.00068,0.00013,0.09618
6.01,0,0,14.831701,0.00170,0.00057,0.00066,0.00056,0.00074,0.00065,0.00128,0.00058,-0.00015,0.09618
6.02,0,0,14.715961,0.00115,0.00062,0.00066,0.00058,0.00078,0.00067,0.00097,0.00057,0.00002,0.09569
6.03,0,0,14.633051,0.00234,0.00057,0.00057,0.00065,0.00077,0.00071,0.00084,0.00053,0.00014,0.09565
6.04,0,0,14.486170,0.00203,0.00059,0.00058,0.00061,0.00060,0.00068,0.00092,0.00058,0.00014,0.09629
6.05,0,0,14.367317,0.00364,0.00068,0.00055,0.00084,0.00065,0.00079,0.00071,0.00067,0.00014,0.09606
6.06,0,0,14.248537,0.00144,0.00059,0.00079,0.00066,0.00080,0.00060,0.00071,0.00056,0.00000,0.09645
6.07,0,0,14.119052,0.00113,0.00054,0.00052,0.00071,0.00074,0.00066,0.00096,0.00059,-0.00001,0.09663
6.08,0,0,13.980983,0.00135,0.00056,0.00063,0.00077,0.00097,0.00064,0.00080,0.00057,0.00001,0.09597
6.09,0,0,13.846515,0.00116,0.00088,0.00054,0.00110,0.00080,0.00079,0.00093,0.00066,-0.00001,0.09548
6.10,0,0,13.744847,0.00149,0.00142,0.00065,0.00087,0.00060,0.00078,0.00070,0.00060,0.00014,0.09582
6.11,0,0,13.644110,0.00136,0.00062,0.00058,0.00118,0.00057,0.00067,0.00102,0.00066,0.00028,0.09644
6.12,0,0,13.525970,0.00148,0.00080,0.00058,0.00083,0.00062,0.00065,0.00081,0.00057,0.00030,0.09695
6.13,0,0,13.353495,0.00220,0.00052,0.00063,0.00062,0.00070,0.00073,0.00069,0.00056,0.00013,0.09763
6.14,0,0,13.216345,0.00209,0.00077,0.00062,0.00085,0.00086,0.00108,0.00112,0.00069,0.00001,0.09786
6.15,0,0,13.088782,0.00135,0.00065,0.00062,0.00064,0.00069,0.00065,0.00061,0.00051,0.00000,0.09846
6.16,0,0,13.002497,0.00104,0.00076,0.00057,0.00069,0.00060,0.00066,0.00169,0.00057,0.00001,0.09780
6.17,0,0,12.978360,0.00109,0.00053,0.00065,0.00060,0.00066,0.00067,0.00088,0.00058,0.00014,0.09719
6.18,0,0,12.895186,0.00094,0.00054,0.00054,0.00060,0.00075,0.00072,0.00144,0.00058,0.00013,0.09678
6.19,0,0,12.832593,0.00129,0.00177,0.00062,0.00060,0.00056,0.00075,0.00251,0.00119,-0.00013,0.09646
6.20,0,0,12.742319,0.00433,0.00572,0.00073,0.00068,0.00059,0.00075,0.00126,0.00686,-0.00001,0.09706
6.21,0,1,12.636722,0.00547,0.00701,0.00299,0.00072,0.00049,0.00065,0.00187,0.00449,0.00000,0.09694
6.22,0,0,12.683121,0.00876,0.00977,0.00267,0.00071,0.00060,0.00063,0.00182,0.00449,-0.00013,0.09679
6.23,0,0,13.073572,0.00524,0.00501,0.00391,0.00075,0.00052,0.00068,0.00087,0.00806,0.00015,0.09765
6.24,0,0,13.297029,0.00172,0.00173,0.00629,0.00058,0.00042,0.00074,0.00136,0.00681,0.00014,0.09747
6.25,0,0,13.767402,0.00103,0.00153,0.00291,0.00067,0.00049,0.00061,0.00129,0.00658,0.00013,0.09785
6.26,0,0,14.041655,0.00137,0.00152,0.00238,0.00069,0.00053,0.00061,0.00168,0.00631,0.00029,0.09721
6.27,0,0,14.276366,0.00102,0.00089,0.00473,0.00057,0.00060,0.00069,0.00210,0.01042,0.00002,0.09654
6.28,0,0,14.485139,0.00211,0.00065,0.00242,0.00071,0.00058,0.00095,0.00222,0.00537,0.00014,0.09666
6.29,0,0,14.621718,0.00128,0.00070,0.00203,0.00048,0.00058,0.00071,0.00286,0.00826,0.00030,0.09658
6.30,0,0,14.711118,0.00184,0.00054,0.00091,0.00076,0.00063,0.00066,0.00236,0.00603,-0.00028,0.09629
6.31,0,0,14.958285,0.00135,0.00056,0.00200,0.00064,0.00063,0.00064,0.00239,0.00815,0.00014,0.09710
6.32,0,0,15.051068,0.00166,0.00053,0.00111,0.00057,0.00054,0.00063,0.00234,0.00639,-0.00013,0.09695
6.33,0,0,15.157225,0.00118,0.00051,0.00160,0.00062,0.00065,0.00067,0.00248,0.00438,0.00000,0.09614
6.34,0,0,15.284842,0.00126,0.00056,0.00172,0.00058,0.00071,0.00078,0.00348,0.00878,-0.00030,0.09634
6.35,0,0,15.333654,0.00145,0.00061,0.00061,0.00059,0.00080,0.00067,0.00430,0.00290,0.00014,0.09680
6.36,0,0,15.543533,0.00203,0.00056,0.00058,0.00056,0.00064,0.00073,0.00567,0.00097,0.00015,0.09628
6.37,0,0,15.796622,0.00150,0.00062,0.00051,0.00060,0.00054,0.00066,0.00153,0.00049,0.00015,0.09641
6.38,1,0,16.112122,0.00384,0.00065,0.00062,0.00074,0.00056,0.00068,0.00095,0.00051,0.00000,0.09657
6.39,0,0,15.815413,0.00290,0.00071,0.00066,0.00076,0.00074,0.00066,0.00140,0.00077,0.00000,0.09653
6.40,0,0,15.711968,0.00414,0.00086,0.00060,0.00059,0.00062,0.00059,0.00116,0.00071,0.00029,0.09749
6.41,0,0,15.623438,0.00206,0.00066,0.00062,0.00071,0.00091,0.00063,0.00136,0.00087,-0.00013,0.09843
6.42,0,0,15.497158,0.00169,0.00059,0.00063,0.00059,0.00077,0.00069,0.00096,0.00062,0.00000,0.09975
6.43,0,0,15.376581,0.00182,0.00061,0.00056,0.00058,0.00108,0.00073,0.00218,0.00067,-0.00015,0.10009
6.44,0,0,15.213791,0.00150,0.00061,0.00063,0.00056,0.00129,0.00061,0.00180,0.00069,0.00014,0.09832
6.45,0,0,15.052670,0.00162,0.00066,0.00056,0.00057,0.00083,0.00060,0.00116,0.00061,0.00000,0.09679
6.46,0,0,14.927764,0.00114,0.00058,0.00063,0.00052,0.00074,0.00067,0.00123,0.00064,0.00001,0.09582
6.47,0,0,14.841853,0.00126,0.00056,0.00066,0.00068,0.00083,0.00066,0.00070,0.00063,0.00001,0.09604
6.48,0,0,14.679075,0.00108,0.00053,0.00048,0.00075,0.00069,0.00072,0.00077,0.00066,0.00001,0.09687
6.49,0,0,14.631110,0.00155,0.00051,0.00064,0.00090,0.00074,0.00065,0.00070,0.00064,-0.00013,0.09745
6.50,0,0,14.524421,0.00160,0.00064,0.00058,0.00109,0.00101,0.00072,0.00074,0.00067,0.00000,0.09728
6.51,0,0,14.389973,0.00205,0.00064,0.00062,0.00122,0.00085,0.00073,0.00074,0.00062,0.00015,0.09796
6.52,0,0,14.253956,0.00101,0.00058,0.00058,0.00106,0.00066,0.00065,0.00067,0.00054,0.00013,0.09777
6.53,0,0,14.123155,0.00148,0.00066,0.00068,0.00106,0.00099,0.00077,0.00072,0.00061,0.00028,0.09818
6.54,0,0,14.008269,0.00114,0.00064,0.00066,0.00090,0.00074,0.00065,0.00057,0.00054,0.00030,0.09786
6.55,0,0,13.905339,0.00120,0.00054,0.00061,0.00099,0.00078,0.00069,0.00066,0.00066,0.00016,0.09740
6.56,0,0,13.777775,0.00124,0.00061,0.00065,0.00094,0.00075,0.00069,0.00146,0.00067,0.00002,0.09619
6.57,0,0,13.632778,0.00113,0.00053,0.00062,0.00066,0.00098,0.00064,0.00183,0.00065,0.00000,0.09582
6.58,0,0,13.380686,0.00118,0.00051,0.00062,0.00100,0.00084,0.00075,0.00075,0.00070,0.00016,0.09667
6.59,0,0,13.254400,0.00215,0.00060,0.00055,0.00063,0.00064,0.00069,0.00065,0.00064,0.00014,0.09763
6.60,0,0,13.196182,0.00136,0.00055,0.00062,0.00065,0.00089,0.00065,0.00054,0.00058,0.00000,0.09783
6.61,0,0,13.128326,0.00110,0.00053,0.00071,0.00067,0.00077,0.00061,0.00135,0.00067,0.00014,0.09750
6.62,0,0,13.083648,0.00094,0.00068,0.00049,0.00075,0.00058,0.00065,0.00204,0.00057,0.00013,0.09712
6.63,0,0,13.005464,0.00117,0.00053,0.00054,0.00064,0.00063,0.00071,0.00158,0.00060,0.00014,0.09776
6.64,0,0,12.918492,0.00105,0.00106,0.00060,0.00051,0.00069,0.00061,0.00152,0.00114,0.00014,0.09696
6.65,0,1,12.821121,0.00399,0.00555,0.00109,0.00089,0.00059,0.00065,0.00211,0.00671,0.00015,0.09641
6.66,0,0,12.787327,0.00788,0.01235,0.00186,0.00099,0.00071,0.00078,0.00194,0.00726,0.00000,0.09657
6.67,0,0,13.091557,0.00832,0.00930,0.00565,0.00090,0.00061,0.00078,0.00155,0.00802,0.00029,0.09583
6.68,0,0,13.682508,0.00198,0.00143,0.00401,0.00063,0.00050,0.00066,0.00199,0.00702,-0.00014,0.09542
