"Time","46 sw offset","45 sw onset","23 toex (cm)","11 Gr","10 Gs","9 TA","8 St","7 VL","6 BF","5 Ip","4 GM","3 Platform","2 Trdml"
0.00,0,0,13.983490,0.00345,0.00430,0.00068,0.00067,0.00070,0.00076,0.00171,0.00266,-1.47742,0.09764
0.01,0,1,13.900621,0.00324,0.00527,0.00065,0.00100,0.00049,0.00068,0.00184,0.00331,-1.48083,0.09770
0.02,0,0,13.864912,0.00658,0.00886,0.00255,0.00128,0.00057,0.00086,0.00217,0.00938,-1.47949,0.09813
0.03,0,0,13.983938,0.00500,0.00688,0.00511,0.00152,0.00059,0.00077,0.00155,0.00836,-1.47900,0.09772
0.04,0,0,14.235664,0.00323,0.00299,0.00531,0.00102,0.00057,0.00073,0.00154,0.00423,-1.47849,0.09819
0.05,0,0,14.764497,0.00194,0.00154,0.00298,0.00074,0.00055,0.00081,0.00179,0.00618,-1.47769,0.09876
0.06,0,0,15.230997,0.00116,0.00058,0.00199,0.00070,0.00063,0.00077,0.00237,0.00418,-1.48132,0.09937
0.07,0,0,15.811215,0.00100,0.00059,0.00154,0.00073,0.00060,0.00074,0.00263,0.00313,-1.47754,0.10020
0.08,0,0,16.260096,0.00106,0.00065,0.00111,0.00078,0.00067,0.00065,0.00329,0.00076,-1.47775,0.10042
0.09,0,0,16.580175,0.00128,0.00059,0.00093,0.00064,0.00075,0.00068,0.00300,0.00110,-1.47928,0.10076
0.10,1,0,16.830840,0.00159,0.00061,0.00129,0.00096,0.00060,0.00065,0.00323,0.00059,-1.47729,0.10106
0.11,0,0,16.899399,0.00221,0.00059,0.00057,0.00071,0.00062,0.00080,0.00197,0.00059,-1.47931,0.10080
0.12,0,0,16.789060,0.00284,0.00053,0.00097,0.00063,0.00087,0.00065,0.00361,0.00060,-1.47815,0.10051
0.13,0,0,16.608270,0.00141,0.00052,0.00070,0.00062,0.00061,0.00067,0.00530,0.00068,-1.47940,0.10105
0.14,0,0,16.469037,0.00078,0.00063,0.00061,0.00060,0.00069,0.00064,0.00171,0.00059,-1.47879,0.10108
0.15,0,0,16.339849,0.00091,0.00057,0.00063,0.00055,0.00071,0.00064,0.00284,0.00068,-1.47839,0.10067
0.16,0,0,16.214415,0.00105,0.00059,0.00110,0.00058,0.00068,0.00066,0.00393,0.00057,-1.47925,0.09993
0.17,0,0,16.089630,0.00096,0.00058,0.00094,0.00063,0.00070,0.00066,0.00167,0.00065,-1.47751,0.09988
0.18,0,0,15.984540,0.00124,0.00052,0.00059,0.00055,0.00060,0.00058,0.00239,0.00064,-1.47711,0.10034
0.19,0,0,15.849114,0.00200,0.00058,0.00058,0.00063,0.00061,0.00064,0.00107,0.00062,-1.47940,0.10087
0.20,0,0,15.718553,0.00233,0.00060,0.00059,0.00062,0.00077,0.00065,0.00112,0.00055,-1.48526,0.10080
0.21,0,0,15.588731,0.00122,0.00070,0.00056,0.00069,0.00081,0.00060,0.00135,0.00059,-1.47897,0.10104
0.22,0,0,15.472891,0.00142,0.00064,0.00060,0.00064,0.00053,0.00073,0.00062,0.00062,-1.47964,0.10082
0.23,0,0,15.327412,0.00135,0.00064,0.00060,0.00074,0.00071,0.00063,0.00063,0.00055,-1.47952,0.10019
0.24,0,0,15.232390,0.00129,0.00055,0.00057,0.00067,0.00066,0.00062,0.00071,0.00060,-1.47836,0.10005
0.25,0,0,15.127246,0.00169,0.00102,0.00066,0.00066,0.00057,0.00073,0.00056,0.00050,-1.48019,0.10021
0.26,0,0,15.017872,0.00304,0.00288,0.00053,0.00065,0.00058,0.00063,0.00058,0.00064,-1.47928,0.09988
0.27,0,0,14.853212,0.00258,0.00117,0.00062,0.00095,0.00054,0.00072,0.00084,0.00143,-1.47806,0.09933
0.28,0,0,14.766438,0.00230,0.00149,0.00057,0.00080,0.00055,0.00065,0.00126,0.00076,-1.47803,0.09958
0.29,0,0,14.545126,0.00140,0.00089,0.00079,0.00073,0.00056,0.00064,0.00083,0.00141,-1.47720,0.10005
0.30,0,0,14.482289,0.00108,0.00083,0.00057,0.00078,0.00057,0.00073,0.00078,0.00056,-1.47690,0.10007
0.31,0,0,14.321004,0.00093,0.00111,0.00060,0.00100,0.00061,0.00069,0.00128,0.00058,-1.47849,0.10032
0.32,0,0,14.208363,0.00196,0.00216,0.00091,0.00068,0.00053,0.00071,0.00102,0.00122,-1.47952,0.10023
0.33,0,0,14.026251,0.00184,0.00135,0.00065,0.00066,0.00061,0.00066,0.00118,0.00106,-1.47629,0.10029
0.34,0,0,13.934443,0.00094,0.00111,0.00058,0.00082,0.00060,0.00064,0.00136,0.00051,-1.43555,0.10058
0.35,0,0,13.825146,0.00195,0.00099,0.00052,0.00080,0.00070,0.00076,0.00133,0.00063,-1.33899,0.10064
0.36,0,0,13.727808,0.00203,0.00096,0.00074,0.00083,0.00076,0.00137,0.00098,0.00074,-1.18106,0.10135
0.37,0,0,13.557779,0.00204,0.00163,0.00058,0.00074,0.00088,0.00148,0.00078,0.00060,-0.98773,0.10246
0.38,0,0,13.552468,0.00165,0.00195,0.00062,0.00060,0.00049,0.00063,0.00119,0.00179,-0.74420,0.10102
0.39,0,0,13.492531,0.00209,0.00195,0.00052,0.00063,0.00057,0.00069,0.00141,0.00305,-0.50638,0.09953
0.40,0,0,13.413926,0.00259,0.00393,0.00068,0.00058,0.00052,0.00064,0.00160,0.00656,-0.20529,0.09917
0.41,0,1,13.302231,0.00460,0.00689,0.00120,0.00063,0.00061,0.00081,0.00143,0.01152,0.07898,0.09904
0.42,0,0,13.362707,0.00474,0.00594,0.00227,0.00087,0.00063,0.00075,0.00175,0.01514,0.38470,0.09785
0.43,0,0,13.475445,0.00442,0.00510,0.00272,0.00078,0.00056,0.00089,0.00196,0.01486,0.65201,0.09773
0.44,0,0,13.631835,0.00222,0.00211,0.00422,0.00075,0.00059,0.00072,0.00246,0.00651,0.89319,0.09750
0.45,0,0,14.356576,0.00096,0.00064,0.00206,0.00055,0.00059,0.00084,0.00257,0.01207,1.12039,0.09808
0.46,0,0,14.784498,0.00105,0.00053,0.00144,0.00048,0.00051,0.00077,0.00238,0.00895,1.28940,0.09891
0.47,0,0,15.078659,0.00107,0.00059,0.00129,0.00054,0.00059,0.00058,0.00377,0.00466,1.40509,0.09948
0.48,0,0,15.284134,0.00126,0.00061,0.00122,0.00056,0.00072,0.00073,0.00421,0.00559,1.46783,0.10018
0.49,0,0,15.485932,0.00100,0.00065,0.00134,0.00053,0.00057,0.00070,0.00361,0.00262,1.48328,0.10020
0.50,0,0,15.686632,0.00119,0.00062,0.00139,0.00054,0.00075,0.00074,0.00357,0.00228,1.48517,0.10073
0.51,1,0,15.786683,0.00186,0.00062,0.00120,0.00069,0.00073,0.00067,0.00241,0.00112,1.47958,0.10095
0.52,0,0,15.845268,0.00203,0.00062,0.00115,0.00090,0.00053,0.00069,0.00125,0.00110,1.48489,0.10102
0.53,0,0,15.636488,0.00210,0.00059,0.00122,0.00070,0.00066,0.00063,0.00140,0.00057,1.48279,0.10044
0.54,0,0,15.452410,0.00540,0.00078,0.00079,0.00091,0.00108,0.00069,0.00128,0.00072,1.48264,0.10129
0.55,0,0,15.335348,0.00293,0.00077,0.00085,0.00119,0.00055,0.00065,0.00155,0.00121,1.48248,0.10051
0.56,0,0,15.225785,0.00512,0.00103,0.00087,0.00074,0.00053,0.00077,0.00065,0.00082,1.48615,0.10030
0.57,0,0,15.098522,0.00380,0.00069,0.00061,0.00076,0.00061,0.00073,0.00096,0.00066,1.48352,0.09969
0.58,0,0,14.978594,0.00253,0.00074,0.00081,0.00063,0.00054,0.00064,0.00107,0.00049,1.48184,0.09963
0.59,0,0,14.824357,0.00368,0.00081,0.00069,0.00080,0.00066,0.00068,0.00200,0.00069,1.48453,0.09981
0.60,0,0,14.698717,0.00267,0.00066,0.00074,0.00074,0.00068,0.00075,0.00142,0.00062,1.48260,0.09955
0.61,0,0,14.614392,0.00671,0.00148,0.00099,0.00068,0.00052,0.00067,0.00062,0.00060,1.48288,0.09930
0.62,0,0,14.496632,0.00357,0.00081,0.00062,0.00065,0.00065,0.00060,0.00083,0.00056,1.48227,0.09855
0.63,0,0,14.368099,0.00238,0.00054,0.00058,0.00061,0.00069,0.00069,0.00125,0.00056,1.48071,0.09887
0.64,0,0,14.239038,0.00243,0.00067,0.00071,0.00066,0.00077,0.00088,0.00082,0.00072,1.48279,0.09918
0.65,0,0,14.109142,0.00251,0.00077,0.00061,0.00052,0.00059,0.00062,0.00079,0.00064,1.48111,0.09813
0.66,0,0,13.966255,0.00389,0.00067,0.00063,0.00060,0.00067,0.00064,0.00065,0.00062,1.48340,0.09785
0.67,0,0,13.832791,0.00269,0.00108,0.00056,0.00070,0.00083,0.00069,0.00067,0.00062,1.48373,0.09810
0.68,0,0,13.772039,0.00320,0.00260,0.00065,0.00074,0.00066,0.00068,0.00060,0.00064,1.48401,0.09885
0.69,0,0,13.678911,0.00296,0.00199,0.00065,0.00118,0.00068,0.00083,0.00060,0.00069,1.48318,0.09951
0.70,0,0,13.423362,0.00199,0.00098,0.00059,0.00134,0.00074,0.00071,0.00081,0.00066,1.47946,0.09981
0.71,0,0,13.247737,0.00179,0.00087,0.00060,0.00093,0.00084,0.00069,0.00075,0.00077,1.48352,0.09960
0.72,0,0,13.104173,0.00161,0.00080,0.00071,0.00060,0.00071,0.00068,0.00177,0.00116,1.48425,0.09971
0.73,0,0,13.048763,0.00139,0.00133,0.00065,0.00065,0.00052,0.00062,0.00083,0.00059,1.48422,0.10012
0.74,0,0,13.079216,0.00189,0.00098,0.00070,0.00051,0.00087,0.00056,0.00220,0.00071,1.48398,0.09983
0.75,0,0,13.031429,0.00136,0.00129,0.00066,0.00054,0.00055,0.00073,0.00128,0.00111,1.48166,0.09955
0.76,0,0,12.973086,0.00114,0.00155,0.00068,0.00056,0.00052,0.00060,0.00128,0.00060,1.48276,0.09923
0.77,0,1,12.869611,0.00306,0.00345,0.00063,0.00082,0.00053,0.00072,0.00212,0.00588,1.48361,0.09905
0.78,0,0,12.823935,0.00657,0.01005,0.00174,0.00147,0.00048,0.00073,0.00162,0.00417,1.48413,0.09877
0.79,0,0,12.959639,0.00741,0.00737,0.00186,0.00085,0.00053,0.00073,0.00109,0.00575,1.48453,0.10001
0.80,0,0,13.527419,0.00498,0.00654,0.00367,0.00085,0.00049,0.00075,0.00198,0.01095,1.48593,0.10106
0.81,0,0,13.881644,0.00307,0.00204,0.00358,0.00058,0.00064,0.00078,0.00159,0.01205,1.48431,0.10114
0.82,0,0,14.338903,0.00142,0.00074,0.00440,0.00069,0.00051,0.00065,0.00126,0.00718,1.48599,0.10061
0.83,0,0,14.877435,0.00115,0.00082,0.00411,0.00067,0.00054,0.00069,0.00154,0.01040,1.48358,0.10062
0.84,0,0,15.224278,0.00106,0.00060,0.00187,0.00068,0.00050,0.00065,0.00136,0.00573,1.48367,0.10106
0.85,0,0,15.633500,0.00104,0.00059,0.00318,0.00074,0.00083,0.00066,0.00232,0.00468,1.48538,0.10164
0.86,0,0,16.004008,0.00114,0.00060,0.00104,0.00055,0.00074,0.00067,0.00331,0.00406,1.48407,0.10123
0.87,0,0,16.507844,0.00097,0.00048,0.00068,0.00055,0.00066,0.00069,0.00375,0.00596,1.48425,0.10051
0.88,0,0,16.999050,0.00131,0.00057,0.00095,0.00056,0.00063,0.00074,0.00301,0.00134,1.48401,0.09993
0.89,1,0,17.310415,0.00254,0.00054,0.00101,0.00067,0.00067,0.00060,0.00232,0.00074,1.48315,0.09991
0.90,0,0,17.503248,0.00210,0.00066,0.00096,0.00074,0.00065,0.00076,0.00175,0.00059,1.48380,0.10041
0.91,0,0,17.243617,0.00197,0.00057,0.00060,0.00058,0.00078,0.00067,0.00211,0.00065,1.48346,0.10114
0.92,0,0,17.105690,0.00109,0.00057,0.00066,0.00058,0.00087,0.00076,0.00394,0.00065,1.48267,0.10109
0.93,0,0,16.919518,0.00094,0.00057,0.00110,0.00066,0.00085,0.00062,0.00306,0.00057,1.48141,0.10043
0.94,0,0,16.789123,0.00109,0.00054,0.00058,0.00071,0.00068,0.00068,0.00164,0.00056,1.48355,0.09972
0.95,0,0,16.683710,0.00117,0.00062,0.00056,0.00063,0.00075,0.00069,0.00319,0.00058,1.48358,0.09989
0.96,0,0,16.555672,0.00201,0.00055,0.00062,0.00060,0.00066,0.00067,0.00154,0.00058,1.48599,0.10020
0.97,0,0,16.414153,0.00110,0.00054,0.00064,0.00062,0.00066,0.00075,0.00156,0.00056,1.48325,0.10038
0.98,0,0,16.298911,0.00199,0.00058,0.00075,0.00073,0.00059,0.00072,0.00083,0.00058,1.48267,0.10012
0.99,0,0,16.193295,0.00171,0.00061,0.00069,0.00077,0.00063,0.00077,0.00075,0.00059,1.48349,0.10003
1.00,0,0,16.093886,0.00111,0.00065,0.00062,0.00078,0.00062,0.00067,0.00070,0.00064,1.48309,0.10009
1.01,0,0,15.976707,0.00276,0.00125,0.00057,0.00076,0.00055,0.00065,0.00061,0.00055,1.48099,0.09988
1.02,0,0,15.879208,0.00403,0.00223,0.00060,0.00060,0.00048,0.00066,0.00078,0.00066,1.48438,0.09996
1.03,0,0,15.722778,0.00315,0.00055,0.00064,0.00067,0.00055,0.00071,0.00069,0.00071,1.48224,0.10050
1.04,0,0,15.601424,0.00362,0.00253,0.00048,0.00098,0.00056,0.00063,0.00111,0.00065,1.48361,0.10103
1.05,0,0,15.473821,0.00181,0.00062,0.00057,0.00109,0.00061,0.00071,0.00087,0.00072,1.48181,0.10146
1.06,0,0,15.357339,0.00177,0.00070,0.00060,0.00078,0.00056,0.00138,0.00140,0.00071,1.48596,0.10116
1.07,0,0,15.203029,0.00204,0.00165,0.00053,0.00060,0.00054,0.00067,0.00168,0.00125,1.48288,0.10099
1.08,0,0,15.030496,0.00176,0.00111,0.00046,0.00075,0.00049,0.00062,0.00074,0.00057,1.48404,0.10062
1.09,0,0,14.933923,0.00124,0.00110,0.00064,0.00058,0.00058,0.00062,0.00146,0.00066,1.48419,0.10030
1.10,0,0,14.838398,0.00184,0.00154,0.00058,0.00071,0.00056,0.00066,0.00099,0.00101,1.48303,0.10038
1.11,0,0,14.771409,0.00174,0.00170,0.00064,0.00067,0.00061,0.00067,0.00147,0.00264,1.48315,0.10061
1.12,0,0,14.640656,0.00322,0.00268,0.00059,0.00061,0.00053,0.00069,0.00169,0.00500,1.48468,0.10043
1.13,0,0,14.498430,0.00185,0.00296,0.00063,0.00056,0.00057,0.00063,0.00117,0.00480,1.48019,0.09942
1.14,0,0,14.331647,0.00203,0.00384,0.00058,0.00071,0.00060,0.00075,0.00112,0.00563,1.48444,0.09931
1.15,0,1,14.257407,0.00268,0.00665,0.00075,0.00078,0.00060,0.00065,0.00228,0.00676,1.48572,0.10015
1.16,0,0,14.221403,0.00459,0.00585,0.00277,0.00133,0.00057,0.00072,0.00188,0.01244,1.48373,0.10019
1.17,0,0,14.321367,0.00306,0.00337,0.00199,0.00110,0.00052,0.00070,0.00137,0.00650,1.48343,0.09951
1.18,0,0,14.683332,0.00182,0.00152,0.00474,0.00073,0.00063,0.00073,0.00179,0.00719,1.48453,0.09874
1.19,0,0,15.103729,0.00274,0.00090,0.00321,0.00081,0.00058,0.00069,0.00219,0.00553,1.48273,0.09876
1.20,0,0,15.463805,0.00102,0.00063,0.00167,0.00064,0.00061,0.00076,0.00248,0.00764,1.48303,0.09926
1.21,0,0,16.028054,0.00101,0.00066,0.00106,0.00059,0.00061,0.00062,0.00396,0.00435,1.48184,0.10020
1.22,0,0,16.484511,0.00101,0.00058,0.00109,0.00060,0.00078,0.00067,0.00523,0.00072,1.48560,0.09993
1.23,0,0,16.840054,0.00114,0.00057,0.00085,0.00066,0.00059,0.00067,0.00284,0.00057,1.48248,0.09955
1.24,1,0,17.145706,0.00136,0.00071,0.00109,0.00078,0.00055,0.00066,0.00152,0.00063,1.48434,0.09881
1.25,0,0,17.064330,0.00136,0.00059,0.00112,0.00057,0.00064,0.00070,0.00209,0.00060,1.48120,0.09905
1.26,0,0,16.819523,0.00109,0.00054,0.00057,0.00059,0.00075,0.00073,0.00229,0.00065,1.48215,0.09942
1.27,0,0,16.755785,0.00248,0.00058,0.00072,0.00059,0.00069,0.00068,0.00365,0.00062,1.48392,0.09954
1.28,0,0,16.640883,0.00142,0.00051,0.00066,0.00071,0.00063,0.00078,0.00253,0.00055,1.48526,0.09904
1.29,0,0,16.577521,0.00131,0.00058,0.00058,0.00059,0.00076,0.00071,0.00306,0.00056,1.48282,0.09874
1.30,0,0,16.400794,0.00128,0.00052,0.00071,0.00061,0.00059,0.00076,0.00214,0.00052,1.48413,0.09849
1.31,0,0,16.301347,0.00092,0.00055,0.00056,0.00062,0.00067,0.00073,0.00141,0.00058,1.48291,0.09881
1.32,0,0,16.160802,0.00090,0.00071,0.00055,0.00061,0.00061,0.00066,0.00193,0.00057,1.48392,0.09890
1.33,0,0,16.025402,0.00170,0.00054,0.00074,0.00061,0.00054,0.00070,0.00054,0.00058,1.48343,0.09862
1.34,0,0,15.880763,0.00198,0.00060,0.00064,0.00074,0.00051,0.00070,0.00060,0.00053,1.47913,0.09860
1.35,0,0,15.763733,0.00130,0.00073,0.00055,0.00064,0.00057,0.00066,0.00073,0.00060,1.48276,0.09841
1.36,0,0,15.630119,0.00088,0.00058,0.00063,0.00075,0.00059,0.00066,0.00075,0.00060,1.48163,0.09856
1.37,0,0,15.542800,0.00104,0.00056,0.00057,0.00079,0.00067,0.00063,0.00082,0.00053,1.48233,0.09854
1.38,0,0,15.461094,0.00222,0.00091,0.00062,0.00092,0.00051,0.00062,0.00052,0.00059,1.48355,0.09811
1.39,0,0,15.326128,0.00234,0.00256,0.00061,0.00066,0.00053,0.00069,0.00059,0.00070,1.48331,0.09807
1.40,0,0,15.191165,0.00342,0.00226,0.00055,0.00085,0.00052,0.00070,0.00134,0.00153,1.48334,0.09791
1.41,0,0,15.074478,0.00278,0.00164,0.00069,0.00106,0.00060,0.00079,0.00061,0.00070,1.48468,0.09928
1.42,0,0,14.927621,0.00274,0.00178,0.00058,0.00097,0.00060,0.00068,0.00152,0.00128,1.48227,0.10045
1.43,0,0,14.819573,0.00188,0.00120,0.00064,0.00073,0.00057,0.00057,0.00072,0.00054,1.48306,0.10126
1.44,0,0,14.684918,0.00181,0.00120,0.00052,0.00076,0.00053,0.00074,0.00138,0.00060,1.48407,0.10068
1.45,0,0,14.542393,0.00146,0.00084,0.00065,0.00087,0.00062,0.00061,0.00066,0.00064,1.48367,0.09914
1.46,0,0,14.441072,0.00150,0.00062,0.00056,0.00084,0.00059,0.00070,0.00140,0.00064,1.48486,0.09870
1.47,0,0,14.316517,0.00132,0.00089,0.00065,0.00063,0.00048,0.00072,0.00072,0.00057,1.48117,0.09867
1.48,0,0,14.235956,0.00094,0.00102,0.00057,0.00078,0.00057,0.00075,0.00133,0.00054,1.48166,0.09908
1.49,0,0,14.040623,0.00104,0.00064,0.00060,0.00082,0.00064,0.00070,0.00062,0.00057,1.48169,0.09936
1.50,0,0,13.915065,0.00218,0.00184,0.00059,0.00063,0.00058,0.00063,0.00129,0.00200,1.48300,0.09855
1.51,0,0,13.823973,0.00306,0.00361,0.00062,0.00059,0.00059,0.00076,0.00168,0.00574,1.48337,0.09821
1.52,0,1,13.740680,0.00389,0.00684,0.00072,0.00077,0.00051,0.00069,0.00154,0.00792,1.48340,0.09839
1.53,0,0,13.785732,0.00492,0.00886,0.00152,0.00099,0.00066,0.00088,0.00125,0.02218,1.48364,0.09819
1.54,0,0,13.835667,0.00407,0.00372,0.00374,0.00079,0.00058,0.00070,0.00200,0.00844,1.48074,0.09833
1.55,0,0,14.007601,0.00221,0.00128,0.00338,0.00065,0.00058,0.00080,0.00193,0.01029,1.48483,0.09802
1.56,0,0,14.786350,0.00140,0.00052,0.00185,0.00063,0.00059,0.00057,0.00197,0.00645,1.48581,0.09839
1.57,0,0,15.401748,0.00187,0.00052,0.00093,0.00058,0.00063,0.00082,0.00258,0.00238,1.48276,0.09906
1.58,0,0,16.115287,0.00125,0.00056,0.00107,0.00055,0.00064,0.00070,0.00281,0.00089,1.48334,0.09965
1.59,0,0,16.713880,0.00145,0.00066,0.00065,0.00064,0.00074,0.00062,0.00245,0.00062,1.48315,0.09973
1.60,1,0,17.057265,0.00176,0.00071,0.00126,0.00077,0.00075,0.00073,0.00175,0.00061,1.48370,0.09921
1.61,0,0,16.954381,0.00130,0.00059,0.00108,0.00052,0.00099,0.00062,0.00299,0.00064,1.48346,0.09896
1.62,0,0,16.782351,0.00100,0.00062,0.00060,0.00057,0.00101,0.00064,0.00309,0.00071,1.48422,0.09979
1.63,0,0,16.667373,0.00119,0.00058,0.00098,0.00064,0.00093,0.00066,0.00210,0.00063,1.48474,0.10053
1.64,0,0,16.571981,0.00134,0.00061,0.00059,0.00067,0.00073,0.00072,0.00228,0.00056,1.48117,0.10044
1.65,0,0,16.436557,0.00282,0.00065,0.00063,0.00055,0.00091,0.00075,0.00277,0.00063,1.48297,0.10032
1.66,0,0,16.286961,0.00151,0.00053,0.00066,0.00067,0.00072,0.00070,0.00241,0.00063,1.48306,0.10024
1.67,0,0,16.121548,0.00105,0.00056,0.00056,0.00051,0.00083,0.00071,0.00192,0.00059,1.48624,0.10000
1.68,0,0,15.970975,0.00125,0.00065,0.00066,0.00048,0.00078,0.00064,0.00128,0.00064,1.48438,0.09998
1.69,0,0,15.858002,0.00085,0.00059,0.00066,0.00058,0.00064,0.00062,0.00134,0.00063,1.48395,0.10055
1.70,0,0,15.716977,0.00142,0.00062,0.00074,0.00054,0.00063,0.00073,0.00113,0.00060,1.48434,0.10077
1.71,0,0,15.651830,0.00107,0.00064,0.00059,0.00076,0.00061,0.00073,0.00122,0.00055,1.48416,0.10047
1.72,0,0,15.545449,0.00174,0.00055,0.00065,0.00060,0.00056,0.00070,0.00064,0.00057,1.47739,0.10003
1.73,0,0,15.449702,0.00097,0.00055,0.00066,0.00071,0.00057,0.00063,0.00070,0.00049,1.48325,0.09982
1.74,0,0,15.162656,0.00141,0.00059,0.00068,0.00089,0.00064,0.00069,0.00072,0.00058,1.48257,0.09988
1.75,0,0,15.068016,0.00112,0.00086,0.00067,0.00078,0.00058,0.00072,0.00063,0.00057,1.48251,0.10008
1.76,0,0,14.986408,0.00183,0.00068,0.00064,0.00082,0.00053,0.00061,0.00120,0.00119,1.48297,0.10040
1.77,0,0,14.931999,0.00248,0.00167,0.00057,0.00067,0.00047,0.00067,0.00152,0.00183,1.48303,0.10028
1.78,0,0,14.834359,0.00247,0.00206,0.00061,0.00072,0.00053,0.00060,0.00069,0.00146,1.48395,0.10029
1.79,0,0,14.741566,0.00376,0.00105,0.00062,0.00073,0.00054,0.00070,0.00085,0.00068,1.48288,0.10029
1.80,0,0,14.622093,0.00239,0.00116,0.00064,0.00070,0.00050,0.00066,0.00059,0.00086,1.48462,0.10010
1.81,0,0,14.477005,0.00111,0.00079,0.00080,0.00099,0.00055,0.00058,0.00124,0.00094,1.48450,0.10007
1.82,0,0,14.338744,0.00121,0.00091,0.00061,0.00069,0.00053,0.00065,0.00114,0.00139,1.48056,0.10014
1.83,0,0,14.238543,0.00132,0.00060,0.00063,0.00103,0.00062,0.00125,0.00098,0.00065,1.48370,0.10032
1.84,0,0,14.118032,0.00083,0.00076,0.00058,0.00057,0.00059,0.00063,0.00108,0.00056,1.48282,0.10014
1.85,0,0,13.988630,0.00137,0.00051,0.00065,0.00086,0.00061,0.00074,0.00141,0.00071,1.48434,0.10030
1.86,0,0,13.846741,0.00146,0.00178,0.00060,0.00059,0.00055,0.00061,0.00099,0.00112,1.48236,0.10017
1.87,0,0,13.693180,0.00121,0.00118,0.00056,0.00072,0.00051,0.00069,0.00127,0.00062,1.48428,0.10033
1.88,0,0,13.473947,0.00190,0.00064,0.00064,0.00069,0.00056,0.00063,0.00123,0.00090,1.48169,0.10077
1.89,0,0,13.342694,0.00117,0.00141,0.00062,0.00055,0.00062,0.00061,0.00138,0.00229,1.48575,0.10095
1.90,0,1,13.267243,0.00303,0.00458,0.00064,0.00085,0.00060,0.00073,0.00207,0.00770,1.47586,0.10039
1.91,0,0,13.249353,0.00254,0.00527,0.00284,0.00141,0.00077,0.00083,0.00210,0.01614,1.40402,0.09994
1.92,0,0,13.432951,0.00255,0.00356,0.00301,0.00089,0.00066,0.00122,0.00157,0.00551,1.28748,0.09942
1.93,0,0,13.776923,0.00210,0.00082,0.00352,0.00080,0.00068,0.00068,0.00227,0.00789,1.10611,0.09943
1.94,0,0,14.491991,0.00121,0.00062,0.00196,0.00049,0.00064,0.00066,0.00429,0.00421,0.89661,0.10229
1.95,0,0,15.037805,0.00231,0.00073,0.00144,0.00066,0.00104,0.00082,0.00415,0.00187,0.63797,0.10062
1.96,0,0,15.727948,0.00109,0.00066,0.00084,0.00061,0.00101,0.00068,0.00460,0.00200,0.36407,0.10031
1.97,0,0,16.335110,0.00109,0.00065,0.00178,0.00059,0.00065,0.00069,0.00215,0.00129,0.06268,0.09913
1.98,1,0,16.545010,0.00089,0.00055,0.00146,0.00068,0.00071,0.00066,0.00301,0.00181,-0.22916,0.09891
1.99,0,0,16.398256,0.00098,0.00055,0.00107,0.00056,0.00083,0.00075,0.00235,0.00129,-0.52942,0.09857
2.00,0,0,16.255246,0.00131,0.00063,0.00097,0.00053,0.00077,0.00072,0.00306,0.00066,-0.78152,0.09861
2.01,0,0,16.082564,0.00075,0.00052,0.00110,0.00057,0.00066,0.00069,0.00242,0.00066,-1.02527,0.09874
2.02,0,0,15.971822,0.00136,0.00063,0.00056,0.00067,0.00096,0.00067,0.00288,0.00091,-1.22693,0.09864
2.03,0,0,15.837285,0.00287,0.00061,0.00098,0.00059,0.00072,0.00064,0.00183,0.00058,-1.35941,0.09905
2.04,0,0,15.694480,0.00148,0.00056,0.00058,0.00063,0.00055,0.00072,0.00164,0.00055,-1.45105,0.10029
2.05,0,0,15.522140,0.00327,0.00061,0.00062,0.00069,0.00057,0.00073,0.00145,0.00064,-1.47711,0.10061
2.06,0,0,15.457515,0.00115,0.00062,0.00063,0.00074,0.00057,0.00070,0.00136,0.00055,-1.47931,0.10067
2.07,0,0,15.308741,0.00107,0.00067,0.00129,0.00065,0.00055,0.00064,0.00202,0.00054,-1.47845,0.09963
2.08,0,0,15.211715,0.00086,0.00056,0.00082,0.00060,0.00072,0.00069,0.00178,0.00057,-1.47916,0.09949
2.09,0,0,15.039617,0.00077,0.00069,0.00136,0.00059,0.00060,0.00066,0.00179,0.00068,-1.47910,0.10042
2.10,0,0,14.918809,0.00216,0.00055,0.00065,0.00067,0.00055,0.00070,0.00152,0.00060,-1.47855,0.10086
2.11,0,0,14.778453,0.00239,0.00061,0.00079,0.00062,0.00055,0.00061,0.00088,0.00046,-1.47839,0.09995
2.12,0,0,14.656299,0.00274,0.00086,0.00099,0.00067,0.00057,0.00066,0.00084,0.00072,-1.48035,0.09963
2.13,0,0,14.532981,0.00205,0.00054,0.00061,0.00061,0.00056,0.00070,0.00082,0.00061,-1.47784,0.10000
2.14,0,0,14.428622,0.00163,0.00065,0.00061,0.00057,0.00059,0.00068,0.00092,0.00059,-1.47787,0.10050
2.15,0,0,14.290378,0.00198,0.00055,0.00064,0.00057,0.00050,0.00065,0.00100,0.00051,-1.47775,0.10097
2.16,0,0,14.181252,0.00162,0.00065,0.00072,0.00070,0.00065,0.00064,0.00177,0.00054,-1.47906,0.10052
2.17,0,0,14.051151,0.00182,0.00062,0.00061,0.00062,0.00063,0.00073,0.00107,0.00058,-1.47971,0.09920
2.18,0,0,13.917613,0.00316,0.00053,0.00063,0.00058,0.00080,0.00065,0.00116,0.00067,-1.47775,0.09868
2.19,0,0,13.829237,0.00140,0.00058,0.00065,0.00067,0.00064,0.00078,0.00084,0.00056,-1.47733,0.09808
2.20,0,0,13.664307,0.00312,0.00060,0.00057,0.00068,0.00073,0.00069,0.00096,0.00075,-1.47845,0.09856
2.21,0,0,13.502952,0.00190,0.00063,0.00063,0.00060,0.00085,0.00062,0.00083,0.00060,-1.47980,0.09898
2.22,0,0,13.370774,0.00139,0.00067,0.00062,0.00053,0.00062,0.00071,0.00086,0.00059,-1.47861,0.09866
2.23,0,0,13.314724,0.00239,0.00102,0.00057,0.00067,0.00072,0.00061,0.00069,0.00062,-1.47952,0.09859
2.24,0,0,13.194532,0.00208,0.00056,0.00057,0.00061,0.00055,0.00072,0.00057,0.00060,-1.47839,0.09815
2.25,0,0,13.091861,0.00254,0.00139,0.00068,0.00055,0.00093,0.00063,0.00182,0.00066,-1.47839,0.09850
2.26,0,0,12.941051,0.00170,0.00065,0.00066,0.00050,0.00079,0.00062,0.00146,0.00061,-1.47885,0.09896
2.27,0,0,12.777850,0.00156,0.00133,0.00065,0.00060,0.00081,0.00070,0.00078,0.00064,-1.48215,0.09934
2.28,0,0,12.629442,0.00154,0.00060,0.00064,0.00054,0.00092,0.00071,0.00146,0.00073,-1.47769,0.09954
2.29,0,0,12.514745,0.00178,0.00071,0.00062,0.00056,0.00081,0.00075,0.00121,0.00063,-1.47772,0.09958
2.30,0,0,12.451351,0.00136,0.00130,0.00067,0.00053,0.00057,0.00074,0.00188,0.00132,-1.47849,0.09966
2.31,0,0,12.356877,0.00136,0.00093,0.00055,0.00055,0.00081,0.00066,0.00086,0.00068,-1.47983,0.09884
2.32,0,0,12.370910,0.00112,0.00048,0.00060,0.00050,0.00099,0.00077,0.00130,0.00066,-1.47723,0.09895
2.33,0,0,12.241389,0.00206,0.00105,0.00058,0.00053,0.00059,0.00069,0.00099,0.00051,-1.48053,0.09868
2.34,0,0,12.071850,0.00277,0.00307,0.00066,0.00066,0.00061,0.00075,0.00152,0.00539,-1.48059,0.09924
2.35,0,1,11.986506,0.00313,0.00570,0.00069,0.00077,0.00050,0.00068,0.00175,0.00564,-1.48010,0.09960
2.36,0,0,12.066786,0.00846,0.00940,0.00164,0.00109,0.00047,0.00079,0.00155,0.00543,-1.48108,0.09994
2.37,0,0,12.386605,0.00976,0.01054,0.00199,0.00096,0.00065,0.00070,0.00180,0.01321,-1.47852,0.10023
2.38,0,0,12.810860,0.00299,0.00320,0.00538,0.00079,0.00054,0.00074,0.00169,0.00967,-1.47757,0.10077
2.39,0,0,13.110400,0.00346,0.00573,0.00406,0.00090,0.00051,0.00075,0.00146,0.00774,-1.47946,0.10017
2.40,0,0,13.422277,0.00297,0.00141,0.00371,0.00082,0.00055,0.00070,0.00144,0.01216,-1.47964,0.09965
2.41,0,0,13.835944,0.00216,0.00068,0.00267,0.00057,0.00056,0.00071,0.00147,0.00727,-1.47867,0.09996
2.42,0,0,14.305788,0.00159,0.00060,0.00311,0.00057,0.00049,0.00077,0.00122,0.00702,-1.47833,0.10051
2.43,0,0,14.804896,0.00123,0.00054,0.00201,0.00055,0.00066,0.00064,0.00292,0.00464,-1.47876,0.10006
2.44,0,0,15.291956,0.00136,0.00057,0.00101,0.00054,0.00074,0.00078,0.00548,0.00323,-1.47971,0.09994
2.45,0,0,15.995327,0.00121,0.00068,0.00075,0.00059,0.00091,0.00062,0.00372,0.00062,-1.47980,0.09977
2.46,1,0,16.400349,0.00110,0.00056,0.00123,0.00075,0.00064,0.00072,0.00290,0.00062,-1.47919,0.10004
2.47,0,0,16.537981,0.00115,0.00062,0.00107,0.00064,0.00078,0.00066,0.00375,0.00069,-1.47726,0.10054
2.48,0,0,16.328738,0.00213,0.00067,0.00058,0.00056,0.00101,0.00073,0.00352,0.00065,-1.47971,0.10113
2.49,0,0,16.211541,0.00185,0.00057,0.00061,0.00062,0.00104,0.00079,0.00285,0.00076,-1.47772,0.10088
2.50,0,0,16.092376,0.00120,0.00064,0.00062,0.00058,0.00112,0.00069,0.00237,0.00069,-1.47873,0.09986
2.51,0,0,15.966870,0.00090,0.00064,0.00066,0.00056,0.00068,0.00058,0.00207,0.00054,-1.47931,0.09937
2.52,0,0,15.820267,0.00137,0.00060,0.00086,0.00049,0.00089,0.00075,0.00210,0.00062,-1.47876,0.09938
2.53,0,0,15.631026,0.00091,0.00060,0.00074,0.00058,0.00080,0.00075,0.00243,0.00059,-1.47849,0.09890
2.54,0,0,15.499133,0.00088,0.00054,0.00061,0.00060,0.00065,0.00078,0.00154,0.00064,-1.47739,0.09884
2.55,0,0,15.365241,0.00191,0.00057,0.00064,0.00057,0.00085,0.00070,0.00167,0.00056,-1.47910,0.09861
2.56,0,0,15.252927,0.00177,0.00067,0.00059,0.00065,0.00065,0.00062,0.00077,0.00061,-1.47745,0.09877
2.57,0,0,15.146761,0.00121,0.00057,0.00056,0.00051,0.00064,0.00069,0.00103,0.00065,-1.47955,0.09937
2.58,0,0,15.017260,0.00127,0.00058,0.00075,0.00059,0.00069,0.00071,0.00081,0.00058,-1.47849,0.09978
2.59,0,0,14.953988,0.00184,0.00059,0.00060,0.00069,0.00074,0.00065,0.00104,0.00064,-1.47791,0.09997
2.60,0,0,14.828570,0.00137,0.00055,0.00057,0.00067,0.00070,0.00065,0.00081,0.00060,-1.47736,0.09999
2.61,0,0,14.640261,0.00119,0.00079,0.00060,0.00053,0.00063,0.00069,0.00064,0.00055,-1.47842,0.09971
2.62,0,0,14.521561,0.00121,0.00096,0.00063,0.00077,0.00053,0.00065,0.00064,0.00051,-1.47797,0.09981
2.63,0,0,13.404475,0.00179,0.00060,0.00066,0.00081,0.00056,0.00068,0.00051,0.00055,-1.47812,0.10000
2.64,0,0,14.365013,0.00109,0.00065,0.00058,0.00077,0.00061,0.00074,0.00066,0.00060,-1.47870,0.10053
2.65,0,0,14.196105,0.00129,0.00080,0.00048,0.00070,0.00043,0.00072,0.00064,0.00050,-1.47617,0.10076
2.66,0,0,14.032786,0.00136,0.00073,0.00056,0.00070,0.00057,0.00072,0.00049,0.00057,-1.47806,0.10112
2.67,0,0,13.916765,0.00100,0.00084,0.00061,0.00078,0.00056,0.00070,0.00074,0.00060,-1.47763,0.10172
2.68,0,0,13.772397,0.00086,0.00067,0.00055,0.00102,0.00060,0.00067,0.00143,0.00061,-1.47842,0.10203
2.69,0,0,13.626572,0.00110,0.00090,0.00064,0.00080,0.00056,0.00072,0.00067,0.00060,-1.47754,0.10143
2.70,0,0,13.503474,0.00100,0.00058,0.00059,0.00061,0.00056,0.00065,0.00104,0.00112,-1.47913,0.10097
2.71,0,0,13.388267,0.00236,0.00075,0.00048,0.00056,0.00063,0.00064,0.00052,0.00053,-1.47812,0.10107
2.72,0,0,13.280443,0.00136,0.00082,0.00058,0.00053,0.00052,0.00069,0.00160,0.00101,-1.47971,0.10130
2.73,0,0,13.183756,0.00171,0.00056,0.00055,0.00048,0.00065,0.00064,0.00081,0.00063,-1.47537,0.10046
2.74,0,0,13.113051,0.00109,0.00052,0.00066,0.00058,0.00060,0.00066,0.00106,0.00058,-1.47830,0.09983
2.75,0,0,12.944259,0.00094,0.00079,0.00054,0.00061,0.00070,0.00072,0.00132,0.00185,-1.47900,0.09945
2.76,0,1,12.853825,0.00289,0.00314,0.00062,0.00079,0.00063,0.00069,0.00124,0.00716,-1.47867,0.09979
2.77,0,0,12.818482,0.00395,0.00838,0.00220,0.00102,0.00056,0.00075,0.00174,0.00785,-1.47809,0.10031
2.78,0,0,12.904804,0.00711,0.00503,0.00283,0.00083,0.00059,0.00068,0.00126,0.00813,-1.47775,0.10017
2.79,0,0,13.330457,0.00214,0.00226,0.00537,0.00077,0.00054,0.00072,0.00148,0.01166,-1.47794,0.09951
2.80,0,0,13.841784,0.00135,0.00087,0.00312,0.00059,0.00053,0.00072,0.00177,0.00717,-1.47833,0.09905
2.81,0,0,14.547048,0.00157,0.00064,0.00204,0.00057,0.00051,0.00072,0.00171,0.00460,-1.47852,0.09956
2.82,0,0,15.223305,0.00145,0.00054,0.00097,0.00050,0.00088,0.00070,0.00344,0.00176,-1.47968,0.09999
2.83,0,0,15.876493,0.00125,0.00061,0.00114,0.00052,0.00112,0.00072,0.00241,0.00080,-1.48157,0.10001
2.84,0,0,16.464133,0.00124,0.00060,0.00087,0.00065,0.00072,0.00062,0.00242,0.00066,-1.47952,0.09948
2.85,1,0,16.774027,0.00148,0.00060,0.00087,0.00059,0.00076,0.00063,0.00226,0.00066,-1.47897,0.09893
2.86,0,0,16.612230,0.00197,0.00058,0.00050,0.00068,0.00102,0.00063,0.00278,0.00074,-1.47784,0.09916
2.87,0,0,16.463052,0.00090,0.00054,0.00059,0.00058,0.00103,0.00069,0.00194,0.00066,-1.48013,0.09963
2.88,0,0,16.351038,0.00092,0.00054,0.00056,0.00054,0.00100,0.00066,0.00177,0.00063,-1.47681,0.09927
2.89,0,0,16.237139,0.00112,0.00062,0.00062,0.00060,0.00087,0.00066,0.00095,0.00055,-1.47952,0.09882
2.90,0,0,16.113501,0.00122,0.00052,0.00073,0.00060,0.00070,0.00070,0.00144,0.00053,-1.47775,0.09814
2.91,0,0,15.992568,0.00130,0.00057,0.00057,0.00060,0.00079,0.00066,0.00131,0.00059,-1.47861,0.09844
2.92,0,0,15.856145,0.00139,0.00056,0.00074,0.00071,0.00087,0.00077,0.00141,0.00064,-1.47638,0.09899
2.93,0,0,15.660647,0.00149,0.00060,0.00067,0.00057,0.00072,0.00066,0.00060,0.00061,-1.47812,0.09940
2.94,0,0,15.536739,0.00162,0.00066,0.00067,0.00051,0.00077,0.00069,0.00069,0.00059,-1.47794,0.09969
2.95,0,0,15.400341,0.00213,0.00061,0.00070,0.00067,0.00094,0.00070,0.00067,0.00062,-1.47818,0.09969
2.96,0,0,15.265158,0.00094,0.00064,0.00093,0.00055,0.00060,0.00071,0.00060,0.00053,-1.47958,0.09866
2.97,0,0,15.195352,0.00105,0.00054,0.00066,0.00064,0.00068,0.00074,0.00076,0.00068,-1.47830,0.09784
2.98,0,0,15.140482,0.00166,0.00062,0.00067,0.00070,0.00066,0.00076,0.00052,0.00064,-1.47913,0.09780
2.99,0,0,14.991771,0.00112,0.00075,0.00062,0.00065,0.00059,0.00063,0.00062,0.00054,-1.47791,0.09861
3.00,0,0,14.702420,0.00223,0.00095,0.00062,0.00095,0.00060,0.00071,0.00081,0.00064,-1.47849,0.09977
3.01,0,0,13.638690,0.00235,0.00079,0.00057,0.00080,0.00051,0.00069,0.00087,0.00054,-1.47815,0.09915
3.02,0,0,14.517872,0.00162,0.00069,0.00057,0.00057,0.00051,0.00070,0.00207,0.00122,-1.47824,0.09828
3.03,0,0,14.438443,0.00224,0.00095,0.00062,0.00060,0.00058,0.00064,0.00172,0.00079,-1.47922,0.09809
3.04,0,0,14.306873,0.00194,0.00071,0.00058,0.00070,0.00066,0.00074,0.00146,0.00088,-1.47968,0.09846
3.05,0,0,14.123847,0.00144,0.00074,0.00062,0.00081,0.00065,0.00063,0.00129,0.00057,-1.47781,0.09921
3.06,0,0,13.942220,0.00105,0.00072,0.00056,0.00080,0.00053,0.00063,0.00124,0.00057,-1.47672,0.09955
3.07,0,0,13.903966,0.00097,0.00086,0.00063,0.00066,0.00056,0.00069,0.00111,0.00053,-1.46552,0.09869
3.08,0,0,13.801164,0.00092,0.00067,0.00057,0.00061,0.00049,0.00066,0.00206,0.00115,-1.39941,0.09839
3.09,0,0,13.696827,0.00197,0.00090,0.00054,0.00051,0.00054,0.00072,0.00144,0.00058,-1.26489,0.09838
3.10,0,0,13.608504,0.00102,0.00071,0.00060,0.00047,0.00062,0.00066,0.00140,0.00090,-1.09897,0.10005
3.11,0,0,13.551681,0.00070,0.00084,0.00063,0.00058,0.00055,0.00061,0.00121,0.00055,-0.86758,0.10009
3.12,0,0,13.527753,0.00083,0.00068,0.00059,0.00050,0.00060,0.00077,0.00191,0.00209,-0.62448,0.09908
3.13,0,0,13.470469,0.00156,0.00094,0.00060,0.00054,0.00054,0.00074,0.00076,0.00135,-0.33041,0.09778
3.14,0,0,13.419334,0.00217,0.00323,0.00100,0.00057,0.00047,0.00068,0.00148,0.00316,-0.05060,0.09836
3.15,0,1,13.312380,0.00402,0.00765,0.00164,0.00117,0.00053,0.00068,0.00114,0.01171,0.24982,0.09852
3.16,0,0,13.365409,0.00708,0.00922,0.00500,0.00129,0.00063,0.00076,0.00141,0.01300,0.53494,0.09799
3.17,0,0,13.661226,0.00299,0.00301,0.00251,0.00117,0.00061,0.00095,0.00177,0.01505,0.78723,0.09697
3.18,0,0,14.133189,0.00139,0.00217,0.00240,0.00090,0.00049,0.00061,0.00105,0.00553,1.03378,0.09700
3.19,0,0,14.374588,0.00160,0.00234,0.00162,0.00056,0.00053,0.00075,0.00125,0.00718,1.21527,0.09635
3.20,0,0,14.404139,0.00164,0.00184,0.00180,0.00062,0.00053,0.00068,0.00189,0.00710,1.35718,0.09821
3.21,0,0,14.392538,0.00213,0.00300,0.00204,0.00071,0.00052,0.00061,0.00134,0.00820,1.44806,0.09908
3.22,0,0,14.416043,0.00112,0.00164,0.00235,0.00059,0.00053,0.00074,0.00169,0.00581,1.48093,0.09927
3.23,0,0,14.465201,0.00146,0.00144,0.00129,0.00061,0.00061,0.00076,0.00187,0.00621,1.48419,0.10012
3.24,0,0,14.532031,0.00219,0.00050,0.00168,0.00059,0.00060,0.00070,0.00164,0.00350,1.48230,0.10150
3.25,0,0,14.611267,0.00109,0.00057,0.00214,0.00053,0.00059,0.00079,0.00331,0.00596,1.48373,0.10229
3.26,0,0,14.639746,0.00078,0.00055,0.00114,0.00059,0.00056,0.00085,0.00203,0.00540,1.48035,0.10293
3.27,0,0,14.802438,0.00080,0.00060,0.00087,0.00057,0.00054,0.00077,0.00284,0.00393,1.48215,0.10175
3.28,1,0,14.907837,0.00103,0.00060,0.00094,0.00056,0.00055,0.00072,0.00208,0.00390,1.48419,0.10089
3.29,0,0,14.863774,0.00104,0.00078,0.00100,0.00084,0.00093,0.00072,0.00382,0.00570,1.48260,0.09950
3.30,0,0,14.763454,0.00135,0.00056,0.00062,0.00068,0.00052,0.00069,0.00262,0.00114,1.48425,0.09988
3.31,0,0,14.647802,0.00117,0.00057,0.00086,0.00050,0.00047,0.00064,0.00173,0.00364,1.48325,0.09952
3.32,0,0,14.511003,0.00304,0.00056,0.00054,0.00050,0.00054,0.00064,0.00174,0.00162,1.48364,0.10043
3.33,0,0,14.377238,0.00206,0.00063,0.00080,0.00052,0.00065,0.00071,0.00096,0.00144,1.48334,0.10081
3.34,0,0,14.244489,0.00147,0.00159,0.00098,0.00065,0.00064,0.00073,0.00126,0.00157,1.48370,0.10100
3.35,0,0,14.127177,0.00151,0.00121,0.00076,0.00058,0.00054,0.00071,0.00142,0.00192,1.48254,0.10046
3.36,0,0,14.003820,0.00248,0.00367,0.00175,0.00063,0.00069,0.00070,0.00344,0.00687,1.48465,0.10023
3.37,0,1,13.915274,0.00184,0.00108,0.00576,0.00068,0.00066,0.00073,0.00330,0.01285,1.48331,0.09953
3.38,0,0,13.917163,0.00104,0.00062,0.00105,0.00053,0.00065,0.00072,0.00500,0.00134,1.48486,0.09878
3.39,0,0,14.469581,0.00100,0.00059,0.00122,0.00058,0.00087,0.00066,0.00489,0.00072,1.48282,0.09896
3.40,0,0,14.829043,0.00204,0.00056,0.00077,0.00061,0.00083,0.00070,0.00197,0.00078,1.48425,0.09922
3.41,1,0,15.092207,0.00347,0.00077,0.00107,0.00069,0.00065,0.00068,0.00169,0.00056,1.48370,0.09967
3.42,0,0,14.944440,0.00440,0.00067,0.00065,0.00063,0.00066,0.00063,0.00122,0.00064,1.48276,0.10006
3.43,0,0,14.821207,0.00151,0.00070,0.00059,0.00059,0.00093,0.00074,0.00162,0.00058,1.48282,0.10028
3.44,0,0,14.684454,0.00163,0.00070,0.00051,0.00070,0.00078,0.00069,0.00144,0.00060,1.48358,0.10070
3.45,0,0,14.559292,0.00181,0.00066,0.00059,0.00058,0.00086,0.00070,0.00140,0.00062,1.48468,0.10086
3.46,0,0,14.378536,0.00193,0.00068,0.00062,0.00058,0.00076,0.00077,0.00125,0.00059,1.48380,0.10036
3.47,0,0,14.274903,0.00178,0.00066,0.00061,0.00062,0.00077,0.00065,0.00114,0.00062,1.48282,0.09977
3.48,0,0,14.193055,0.00237,0.00069,0.00066,0.00059,0.00077,0.00068,0.00078,0.00064,1.48373,0.09976
3.49,0,0,14.085236,0.00195,0.00093,0.00073,0.00055,0.00089,0.00074,0.00089,0.00079,1.48312,0.10017
3.50,0,0,13.981131,0.00148,0.00068,0.00064,0.00067,0.00086,0.00065,0.00129,0.00073,1.48489,0.10096
3.51,0,0,13.914574,0.00153,0.00058,0.00059,0.00058,0.00095,0.00068,0.00185,0.00073,1.48517,0.10123
3.52,0,0,13.763525,0.00151,0.00069,0.00059,0.00060,0.00078,0.00060,0.00141,0.00140,1.48431,0.10079
3.53,0,0,13.475858,0.00090,0.00078,0.00071,0.00053,0.00077,0.00063,0.00201,0.00068,1.48441,0.10051
3.54,0,0,13.359761,0.00111,0.00075,0.00060,0.00058,0.00099,0.00077,0.00080,0.00063,1.48215,0.10032
3.55,0,0,13.310470,0.00188,0.00061,0.00061,0.00055,0.00076,0.00066,0.00152,0.00115,1.48416,0.09948
3.56,0,0,13.247729,0.00180,0.00134,0.00054,0.00060,0.00063,0.00071,0.00173,0.00182,1.48398,0.09960
3.57,0,0,13.170616,0.00185,0.00232,0.00059,0.00052,0.00054,0.00067,0.00120,0.00276,1.48291,0.10010
3.58,0,1,13.127944,0.00337,0.00415,0.00060,0.00070,0.00058,0.00061,0.00101,0.00490,1.48169,0.09976
3.59,0,0,13.158897,0.00647,0.01085,0.00308,0.00080,0.00060,0.00065,0.00156,0.00633,1.48370,0.09889
3.60,0,0,13.458924,0.00528,0.00578,0.00612,0.00101,0.00059,0.00072,0.00196,0.00841,1.48273,0.09942
3.61,0,0,13.962618,0.00399,0.00632,0.00379,0.00065,0.00048,0.00068,0.00199,0.00621,1.48181,0.10036
3.62,0,0,14.266335,0.00197,0.00323,0.00392,0.00068,0.00053,0.00059,0.00102,0.01322,1.48318,0.10100
3.63,0,0,14.677191,0.00258,0.00217,0.00375,0.00084,0.00055,0.00062,0.00152,0.00765,1.48474,0.10102
3.64,0,0,14.875969,0.00191,0.00139,0.00433,0.00063,0.00054,0.00082,0.00162,0.00522,1.48395,0.10018
3.65,0,0,15.008752,0.00222,0.00205,0.00252,0.00072,0.00044,0.00076,0.00140,0.00677,1.48398,0.09982
3.66,0,0,15.119458,0.00169,0.00088,0.00402,0.00074,0.00053,0.00075,0.00188,0.00689,1.48309,0.09994
3.67,0,0,15.304834,0.00135,0.00063,0.00375,0.00063,0.00060,0.00071,0.00153,0.00889,1.48373,0.09984
3.68,0,0,15.451640,0.00124,0.00085,0.00373,0.00068,0.00061,0.00073,0.00217,0.00377,1.48404,0.09912
3.69,0,0,15.651354,0.00113,0.00067,0.00215,0.00067,0.00058,0.00065,0.00208,0.00462,1.48392,0.09888
3.70,0,0,15.921039,0.00112,0.00057,0.00095,0.00067,0.00054,0.00065,0.00290,0.00394,1.48346,0.09855
3.71,0,0,16.293986,0.00201,0.00054,0.00079,0.00058,0.00057,0.00062,0.00433,0.00090,1.48502,0.09857
3.72,0,0,16.721899,0.00109,0.00054,0.00064,0.00059,0.00080,0.00074,0.00267,0.00079,1.48383,0.09937
3.73,1,0,17.038512,0.00133,0.00061,0.00115,0.00085,0.00080,0.00072,0.00435,0.00068,1.48111,0.09956
3.74,0,0,17.125066,0.00107,0.00056,0.00147,0.00060,0.00084,0.00075,0.00257,0.00055,1.48373,0.09863
3.75,0,0,16.891305,0.00124,0.00062,0.00066,0.00064,0.00075,0.00086,0.00324,0.00060,1.48508,0.09858
3.76,0,0,16.780302,0.00122,0.00059,0.00056,0.00058,0.00078,0.00068,0.00173,0.00068,1.48288,0.09859
3.77,0,0,16.659610,0.00111,0.00061,0.00064,0.00062,0.00123,0.00078,0.00414,0.00061,1.48340,0.09889
3.78,0,0,16.555187,0.00195,0.00060,0.00059,0.00059,0.00066,0.00069,0.00275,0.00058,1.48639,0.09966
3.79,0,0,16.391758,0.00142,0.00059,0.00063,0.00056,0.00070,0.00073,0.00274,0.00063,1.48254,0.09964
3.80,0,0,16.277449,0.00078,0.00062,0.00056,0.00061,0.00066,0.00061,0.00250,0.00054,1.48563,0.09894
3.81,0,0,16.118637,0.00099,0.00057,0.00051,0.00054,0.00070,0.00068,0.00149,0.00056,1.48251,0.09911
3.82,0,0,15.955668,0.00125,0.00064,0.00065,0.00061,0.00060,0.00070,0.00069,0.00050,1.48236,0.09933
3.83,0,0,15.854694,0.00103,0.00064,0.00052,0.00071,0.00069,0.00066,0.00091,0.00049,1.48322,0.09990
3.84,0,0,15.774145,0.00119,0.00058,0.00061,0.00072,0.00063,0.00073,0.00071,0.00064,1.48355,0.10001
3.85,0,0,15.675928,0.00098,0.00065,0.00054,0.00089,0.00058,0.00073,0.00067,0.00061,1.48331,0.09951
3.86,0,0,15.538989,0.00224,0.00057,0.00063,0.00062,0.00055,0.00072,0.00059,0.00059,1.48300,0.09900
3.87,0,0,15.419241,0.00257,0.00101,0.00054,0.00077,0.00057,0.00067,0.00063,0.00053,1.48221,0.09902
3.88,0,0,15.324365,0.00194,0.00092,0.00060,0.00078,0.00057,0.00064,0.00059,0.00061,1.48312,0.09954
3.89,0,0,15.188705,0.00190,0.00124,0.00063,0.00066,0.00057,0.00073,0.00067,0.00057,1.48456,0.10004
3.90,0,0,15.050922,0.00126,0.00109,0.00064,0.00066,0.00048,0.00067,0.00069,0.00054,1.48380,0.10000
3.91,0,0,14.894453,0.00105,0.00085,0.00057,0.00073,0.00052,0.00065,0.00079,0.00049,1.48337,0.09956
3.92,0,0,14.803229,0.00149,0.00060,0.00066,0.00085,0.00053,0.00065,0.00092,0.00057,1.48343,0.09967
3.93,0,0,14.702592,0.00122,0.00078,0.00056,0.00076,0.00052,0.00076,0.00064,0.00051,1.48352,0.10038
3.94,0,0,14.590801,0.00161,0.00067,0.00053,0.00076,0.00059,0.00066,0.00131,0.00062,1.48303,0.10069
3.95,0,0,14.416797,0.00098,0.00081,0.00059,0.00074,0.00061,0.00059,0.00072,0.00057,1.48453,0.10082
3.96,0,0,14.220526,0.00126,0.00083,0.00058,0.00071,0.00058,0.00066,0.00124,0.00062,1.48145,0.10002
3.97,0,0,14.077537,0.00083,0.00075,0.00060,0.00055,0.00067,0.00072,0.00108,0.00061,1.48248,0.09931
3.98,0,0,13.991574,0.00134,0.00113,0.00066,0.00051,0.00052,0.00061,0.00099,0.00056,1.48520,0.09972
3.99,0,0,13.906750,0.00117,0.00161,0.00061,0.00063,0.00068,0.00064,0.00129,0.00070,1.48288,0.10039
4.00,0,0,13.823974,0.00117,0.00060,0.00061,0.00065,0.00054,0.00065,0.00098,0.00181,1.48343,0.10036
4.01,0,0,13.705966,0.00343,0.00423,0.00059,0.00056,0.00064,0.00079,0.00117,0.00880,1.48221,0.10005
4.02,0,1,13.688469,0.00366,0.00594,0.00119,0.00098,0.00049,0.00076,0.00171,0.00968,1.48264,0.09987
4.03,0,0,13.641455,0.00626,0.00765,0.00252,0.00077,0.00058,0.00070,0.00121,0.00863,1.48398,0.09977
4.04,0,0,13.884237,0.00478,0.00641,0.00419,0.00083,0.00056,0.00069,0.00138,0.00702,1.48395,0.10000
4.05,0,0,14.304886,0.00137,0.00074,0.00329,0.00065,0.00056,0.00068,0.00192,0.00807,1.48483,0.10088
4.06,0,0,14.805511,0.00088,0.00060,0.00255,0.00055,0.00063,0.00068,0.00200,0.00732,1.48355,0.10121
4.07,0,0,15.335118,0.00104,0.00052,0.00117,0.00056,0.00060,0.00066,0.00215,0.00379,1.48468,0.10097
4.08,0,0,15.952457,0.00097,0.00057,0.00077,0.00058,0.00067,0.00064,0.00288,0.00263,1.48477,0.10042
4.09,0,0,16.555754,0.00219,0.00058,0.00094,0.00061,0.00113,0.00066,0.00465,0.00068,1.48303,0.09964
4.10,1,0,17.071551,0.00121,0.00060,0.00080,0.00077,0.00072,0.00061,0.00171,0.00083,1.48187,0.09957
4.11,0,0,17.093168,0.00089,0.00064,0.00084,0.00060,0.00087,0.00069,0.00222,0.00067,1.48361,0.10004
4.12,0,0,16.940896,0.00146,0.00053,0.00080,0.00060,0.00100,0.00072,0.00318,0.00069,1.48370,0.10030
4.13,0,0,16.821195,0.00154,0.00054,0.00064,0.00055,0.00079,0.00077,0.00223,0.00065,1.48425,0.10042
4.14,0,0,16.675360,0.00190,0.00066,0.00062,0.00059,0.00087,0.00074,0.00219,0.00065,1.48923,0.09982
4.15,0,0,16.559723,0.00108,0.00062,0.00059,0.00053,0.00102,0.00074,0.00198,0.00058,1.48322,0.09971
4.16,0,0,16.420397,0.00133,0.00066,0.00055,0.00061,0.00081,0.00074,0.00242,0.00071,1.48373,0.10044
4.17,0,0,16.289691,0.00161,0.00065,0.00063,0.00058,0.00082,0.00066,0.00191,0.00058,1.48361,0.10117
4.18,0,0,16.158377,0.00099,0.00063,0.00057,0.00058,0.00076,0.00078,0.00143,0.00052,1.47955,0.10090
4.19,0,0,15.989236,0.00115,0.00051,0.00062,0.00058,0.00072,0.00072,0.00147,0.00064,1.42712,0.10059
4.20,0,0,15.862966,0.00100,0.00063,0.00063,0.00068,0.00056,0.00074,0.00070,0.00054,1.32251,0.10047
4.21,0,0,15.759698,0.00106,0.00057,0.00061,0.00068,0.00065,0.00076,0.00078,0.00055,1.17010,0.09959
4.22,0,0,15.546224,0.00103,0.00067,0.00102,0.00056,0.00051,0.00060,0.00066,0.00140,0.95374,0.09995
4.23,0,0,15.450212,0.00167,0.00076,0.00090,0.00053,0.00060,0.00065,0.00122,0.00054,0.71896,0.10072
4.24,0,0,15.193403,0.00328,0.00097,0.00062,0.00074,0.00055,0.00062,0.00146,0.00111,0.43427,0.10007
4.25,0,0,15.180952,0.00443,0.00102,0.00208,0.00057,0.00061,0.00069,0.00150,0.00087,0.15729,0.09929
4.26,0,0,15.020116,0.00223,0.00287,0.00158,0.00060,0.00064,0.00062,0.00177,0.00282,-0.15311,0.09884
4.27,0,0,14.853446,0.00093,0.00059,0.00073,0.00071,0.00071,0.00067,0.00141,0.00115,-0.44080,0.09799
4.28,0,0,14.670645,0.00179,0.00106,0.00126,0.00075,0.00081,0.00087,0.00217,0.00118,-0.71796,0.09793
4.29,0,0,14.562712,0.00219,0.00075,0.00078,0.00064,0.00057,0.00072,0.00112,0.00123,-0.97189,0.09925
4.30,0,0,14.373503,0.00203,0.00061,0.00064,0.00060,0.00048,0.00056,0.00117,0.00076,-1.16754,0.10081
4.31,0,0,14.302446,0.00131,0.00052,0.00068,0.00059,0.00060,0.00055,0.00161,0.00094,-1.33093,0.10081
4.32,0,0,14.115967,0.00215,0.00058,0.00099,0.00057,0.00072,0.00061,0.00134,0.00115,-1.43344,0.10115
4.33,0,0,13.997620,0.00127,0.00060,0.00066,0.00132,0.00070,0.00069,0.00191,0.00063,-1.47302,0.10144
4.34,0,0,13.865293,0.00163,0.00061,0.00074,0.00109,0.00061,0.00070,0.00142,0.00068,-1.47910,0.10192
4.35,0,0,13.767299,0.00226,0.00062,0.00083,0.00069,0.00050,0.00071,0.00070,0.00064,-1.47833,0.10143
4.36,0,0,13.595940,0.00125,0.00052,0.00063,0.00067,0.00057,0.00068,0.00116,0.00061,-1.47757,0.10060
4.37,0,0,13.489821,0.00179,0.00054,0.00098,0.00063,0.00054,0.00059,0.00146,0.00201,-1.47922,0.10015
4.38,0,0,13.371685,0.00107,0.00061,0.00185,0.00057,0.00048,0.00065,0.00136,0.00318,-1.47958,0.09990
4.39,0,0,13.306808,0.00190,0.00064,0.00071,0.00056,0.00053,0.00063,0.00109,0.00068,-1.47818,0.09931
4.40,0,0,13.110128,0.00288,0.00080,0.00096,0.00065,0.00047,0.00064,0.00096,0.00118,-1.47794,0.09896
4.41,0,0,12.896817,0.00132,0.00053,0.00080,0.00053,0.00059,0.00063,0.00136,0.00073,-1.47797,0.09928
4.42,0,0,12.782898,0.00162,0.00085,0.00077,0.00058,0.00049,0.00057,0.00115,0.00077,-1.47931,0.09861
4.43,0,0,12.656465,0.00173,0.00057,0.00069,0.00065,0.00055,0.00070,0.00095,0.00061,-1.47931,0.09843
4.44,0,0,12.540987,0.00137,0.00188,0.00075,0.00055,0.00059,0.00066,0.00103,0.00062,-1.47745,0.09887
4.45,0,0,12.369381,0.00113,0.00067,0.00064,0.00049,0.00057,0.00067,0.00132,0.00061,-1.47873,0.09871
4.46,0,0,12.267602,0.00105,0.00090,0.00071,0.00061,0.00055,0.00071,0.00150,0.00059,-1.47806,0.09890
4.47,0,0,12.129996,0.00200,0.00067,0.00078,0.00077,0.00082,0.00070,0.00091,0.00090,-1.47922,0.09880
4.48,0,0,12.018327,0.00131,0.00086,0.00065,0.00058,0.00067,0.00071,0.00113,0.00067,-1.47739,0.09818
4.49,0,0,11.890037,0.00112,0.00108,0.00059,0.00055,0.00048,0.00062,0.00140,0.00056,-1.47574,0.09894
4.50,0,0,11.743410,0.00169,0.00105,0.00054,0.00052,0.00054,0.00065,0.00127,0.00234,-1.47913,0.09957
4.51,0,1,11.646961,0.00281,0.00361,0.00063,0.00079,0.00064,0.00069,0.00181,0.00542,-1.47809,0.09966
4.52,0,0,11.654030,0.00421,0.00727,0.00208,0.00153,0.00064,0.00094,0.00176,0.02191,-1.47702,0.09898
4.53,0,0,11.758389,0.00542,0.00638,0.00456,0.00076,0.00055,0.00075,0.00183,0.01435,-1.47635,0.09851
4.54,0,0,11.991138,0.00172,0.00064,0.00537,0.00060,0.00056,0.00072,0.00177,0.00828,-1.47803,0.09817
4.55,0,0,12.683886,0.00299,0.00053,0.00372,0.00071,0.00061,0.00072,0.00436,0.01018,-1.47858,0.09900
4.56,0,0,13.443224,0.00113,0.00057,0.00085,0.00056,0.00105,0.00071,0.00606,0.00592,-1.47885,0.09884
4.57,0,0,14.214599,0.00139,0.00057,0.00119,0.00063,0.00072,0.00069,0.00379,0.00154,-1.47903,0.09862
4.58,1,0,14.827930,0.00149,0.00065,0.00132,0.00073,0.00065,0.00065,0.00177,0.00058,-1.47836,0.09820
4.59,0,0,15.081648,0.00308,0.00071,0.00104,0.00065,0.00079,0.00076,0.00185,0.00069,-1.47662,0.09774
4.60,0,0,14.829971,0.00162,0.00062,0.00101,0.00065,0.00109,0.00073,0.00279,0.00068,-1.47775,0.09758
4.61,0,0,14.689394,0.00143,0.00062,0.00056,0.00053,0.00091,0.00076,0.00112,0.00063,-1.47937,0.09802
4.62,0,0,14.582659,0.00226,0.00054,0.00050,0.00052,0.00079,0.00064,0.00158,0.00069,-1.47781,0.09840
4.63,0,0,14.434354,0.00157,0.00058,0.00061,0.00063,0.00095,0.00070,0.00133,0.00062,-1.48001,0.09827
4.64,0,0,14.322490,0.00128,0.00063,0.00137,0.00062,0.00066,0.00067,0.00094,0.00068,-1.47733,0.09858
4.65,0,0,14.252634,0.00136,0.00049,0.00077,0.00051,0.00068,0.00066,0.00118,0.00097,-1.47632,0.09908
4.66,0,0,14.119282,0.00143,0.00056,0.00065,0.00058,0.00060,0.00072,0.00072,0.00059,-1.47861,0.09840
4.67,0,0,13.992528,0.00136,0.00051,0.00069,0.00061,0.00076,0.00064,0.00079,0.00061,-1.47806,0.09879
4.68,0,0,13.904349,0.00125,0.00070,0.00057,0.00060,0.00066,0.00072,0.00078,0.00071,-1.47852,0.09882
4.69,0,0,13.738442,0.00140,0.00068,0.00055,0.00064,0.00070,0.00062,0.00190,0.00127,-1.47809,0.09890
4.70,0,0,13.578511,0.00261,0.00104,0.00066,0.00052,0.00080,0.00067,0.00065,0.00059,-1.48026,0.09903
4.71,0,0,13.420461,0.00210,0.00091,0.00070,0.00054,0.00073,0.00070,0.00057,0.00069,-1.48050,0.09900
4.72,0,0,13.314613,0.00178,0.00071,0.00057,0.00055,0.00072,0.00071,0.00080,0.00068,-1.47806,0.09946
4.73,0,0,13.115133,0.00110,0.00068,0.00071,0.00059,0.00077,0.00064,0.00116,0.00116,-1.47723,0.10002
4.74,0,0,13.056270,0.00109,0.00085,0.00062,0.00061,0.00071,0.00067,0.00170,0.00078,-1.47928,0.10033
4.75,0,0,13.024308,0.00107,0.00058,0.00066,0.00052,0.00065,0.00070,0.00154,0.00066,-1.47769,0.10037
4.76,0,0,12.932410,0.00095,0.00096,0.00056,0.00050,0.00050,0.00072,0.00185,0.00329,-1.48218,0.10032
4.77,0,0,12.872125,0.00135,0.00144,0.00054,0.00058,0.00054,0.00067,0.00241,0.00460,-1.47922,0.10030
4.78,0,1,12.792249,0.00313,0.00271,0.00054,0.00058,0.00066,0.00063,0.00131,0.00565,-1.47778,0.09981
4.79,0,0,12.696467,0.00293,0.00631,0.00100,0.00102,0.00053,0.00071,0.00189,0.01113,-1.47644,0.09986
4.80,0,0,12.813341,0.00224,0.00336,0.00241,0.00129,0.00053,0.00073,0.00206,0.01048,-1.47665,0.10019
4.81,0,0,13.301311,0.00319,0.00444,0.00219,0.00070,0.00060,0.00071,0.00141,0.01231,-1.48129,0.10047
4.82,0,0,13.633023,0.00178,0.00161,0.00201,0.00063,0.00054,0.00079,0.00182,0.00906,-1.47922,0.10041
4.83,0,0,13.898497,0.00167,0.00197,0.00271,0.00085,0.00055,0.00084,0.00130,0.01282,-1.47794,0.10049
4.84,0,0,14.168413,0.00179,0.00130,0.00431,0.00063,0.00056,0.00068,0.00176,0.00379,-1.47824,0.10054
4.85,0,0,14.532771,0.00255,0.00110,0.00351,0.00072,0.00055,0.00071,0.00242,0.00930,-1.47751,0.10062
4.86,0,0,14.805384,0.00135,0.00054,0.00266,0.00067,0.00061,0.00070,0.00173,0.00700,-1.47891,0.10032
4.87,0,0,15.159136,0.00099,0.00059,0.00151,0.00050,0.00062,0.00059,0.00206,0.00557,-1.47919,0.09999
4.88,0,0,15.533873,0.00128,0.00056,0.00129,0.00062,0.00064,0.00077,0.00261,0.00575,-1.47760,0.09952
4.89,0,0,15.859890,0.00103,0.00060,0.00079,0.00060,0.00067,0.00063,0.00294,0.00359,-1.47961,0.10021
4.90,0,0,16.190274,0.00133,0.00058,0.00099,0.00058,0.00080,0.00062,0.00278,0.00054,-1.47922,0.10071
4.91,1,0,16.456157,0.00096,0.00064,0.00082,0.00080,0.00060,0.00068,0.00185,0.00065,-1.47821,0.10040
4.92,0,0,16.613125,0.00191,0.00064,0.00105,0.00074,0.00062,0.00073,0.00121,0.00068,-1.48007,0.10026
4.93,0,0,16.378161,0.00226,0.00052,0.00094,0.00059,0.00070,0.00068,0.00193,0.00054,-1.47864,0.10038
4.94,0,0,16.243386,0.00116,0.00059,0.00069,0.00068,0.00089,0.00064,0.00132,0.00068,-1.47812,0.10047
4.95,0,0,16.137693,0.00150,0.00067,0.00059,0.00066,0.00059,0.00070,0.00088,0.00054,-1.47803,0.09984
4.96,0,0,16.028589,0.00102,0.00057,0.00054,0.00060,0.00057,0.00073,0.00111,0.00052,-1.47842,0.09945
4.97,0,0,15.896184,0.00113,0.00066,0.00063,0.00060,0.00086,0.00064,0.00217,0.00055,-1.47849,0.09907
4.98,0,0,15.701165,0.00093,0.00063,0.00068,0.00055,0.00058,0.00068,0.00175,0.00055,-1.47864,0.09843
4.99,0,0,15.570513,0.00130,0.00058,0.00056,0.00080,0.00065,0.00069,0.00125,0.00051,-1.47766,0.09826
5.00,0,0,15.426681,0.00191,0.00056,0.00064,0.00063,0.00062,0.00069,0.00082,0.00061,-1.47824,0.09842
5.01,0,0,15.330116,0.00208,0.00060,0.00065,0.00069,0.00044,0.00077,0.00073,0.00067,-1.47861,0.09956
5.02,0,0,15.170432,0.00119,0.00060,0.00062,0.00057,0.00064,0.00078,0.00083,0.00072,-1.47696,0.10060
5.03,0,0,15.047293,0.00108,0.00061,0.00057,0.00067,0.00060,0.00078,0.00088,0.00057,-1.48080,0.10080
5.04,0,0,14.930058,0.00113,0.00061,0.00070,0.00075,0.00059,0.00065,0.00084,0.00060,-1.47809,0.10053
5.05,0,0,14.821906,0.00140,0.00080,0.00069,0.00075,0.00068,0.00075,0.00068,0.00065,-1.48022,0.10056
5.06,0,0,14.656037,0.00091,0.00085,0.00061,0.00086,0.00061,0.00070,0.00078,0.00060,-1.47855,0.10053
5.07,0,0,14.485396,0.00101,0.00060,0.00065,0.00078,0.00065,0.00074,0.00135,0.00060,-1.47842,0.10096
5.08,0,0,14.367224,0.00196,0.00078,0.00066,0.00079,0.00049,0.00070,0.00198,0.00109,-1.47916,0.10131
5.09,0,0,14.293657,0.00120,0.00095,0.00061,0.00076,0.00053,0.00068,0.00159,0.00138,-1.47937,0.10074
5.10,0,0,14.186057,0.00102,0.00048,0.00067,0.00065,0.00062,0.00063,0.00133,0.00116,-1.47824,0.10010
5.11,0,0,14.081244,0.00129,0.00068,0.00053,0.00071,0.00052,0.00063,0.00107,0.00103,-1.47946,0.09991
5.12,0,0,13.958201,0.00133,0.00095,0.00066,0.00066,0.00058,0.00060,0.00127,0.00119,-1.47943,0.09996
5.13,0,0,13.831271,0.00098,0.00066,0.00058,0.00066,0.00059,0.00069,0.00147,0.00068,-1.48044,0.10033
5.14,0,0,13.689304,0.00085,0.00064,0.00056,0.00060,0.00054,0.00070,0.00093,0.00139,-1.48199,0.10022
5.15,0,0,13.590987,0.00089,0.00077,0.00061,0.00056,0.00060,0.00071,0.00139,0.00263,-1.47855,0.09989
5.16,0,0,13.507920,0.00190,0.00088,0.00073,0.00053,0.00057,0.00074,0.00136,0.00312,-1.47964,0.09949
5.17,0,0,13.427705,0.00191,0.00259,0.00057,0.00065,0.00060,0.00069,0.00156,0.00364,-1.47800,0.09912
5.18,0,1,13.384440,0.00208,0.00355,0.00093,0.00099,0.00061,0.00069,0.00229,0.00633,-1.47879,0.09943
5.19,0,0,13.320530,0.00215,0.00474,0.00164,0.00102,0.00054,0.00085,0.00258,0.01045,-1.47827,0.09969
5.20,0,0,13.469643,0.00209,0.00438,0.00195,0.00082,0.00063,0.00066,0.00231,0.01076,-1.47864,0.09978
5.21,0,0,13.533725,0.00136,0.00248,0.00245,0.00076,0.00071,0.00085,0.00165,0.01107,-1.47873,0.09920
5.22,0,0,13.958538,0.00112,0.00109,0.00201,0.00067,0.00044,0.00073,0.00188,0.00493,-1.48041,0.09910
5.23,0,0,14.280310,0.00185,0.00101,0.00289,0.00060,0.00058,0.00079,0.00246,0.00611,-1.47736,0.09972
5.24,0,0,14.584359,0.00210,0.00062,0.00095,0.00065,0.00054,0.00068,0.00308,0.00229,-1.47778,0.10022
5.25,0,0,14.763483,0.00109,0.00060,0.00144,0.00059,0.00056,0.00064,0.00226,0.00467,-1.47885,0.09981
5.26,1,0,14.875880,0.00123,0.00058,0.00085,0.00065,0.00068,0.00069,0.00270,0.00403,-1.47748,0.09889
5.27,0,0,14.867241,0.00095,0.00066,0.00060,0.00056,0.00068,0.00078,0.00198,0.00344,-1.47824,0.09890
5.28,0,0,14.827294,0.00082,0.00054,0.00050,0.00074,0.00046,0.00073,0.00204,0.00246,-1.48007,0.09913
5.29,0,0,14.689936,0.00082,0.00050,0.00116,0.00053,0.00059,0.00070,0.00128,0.00261,-1.47842,0.09966
5.30,0,0,14.567555,0.00090,0.00058,0.00060,0.00056,0.00056,0.00077,0.00150,0.00371,-1.47815,0.09977
5.31,0,0,14.446629,0.00186,0.00057,0.00055,0.00063,0.00050,0.00072,0.00107,0.00194,-1.47925,0.09930
5.32,0,0,14.299979,0.00087,0.00058,0.00062,0.00058,0.00056,0.00064,0.00106,0.00120,-1.47812,0.09886
5.33,0,0,14.193865,0.00068,0.00058,0.00067,0.00058,0.00057,0.00061,0.00096,0.00135,-1.48001,0.09922
5.34,0,0,14.039404,0.00062,0.00052,0.00064,0.00057,0.00055,0.00062,0.00105,0.00157,-1.47870,0.09963
5.35,0,0,13.946849,0.00076,0.00062,0.00050,0.00054,0.00054,0.00063,0.00062,0.00131,-1.47543,0.09948
5.36,0,0,13.775335,0.00080,0.00059,0.00063,0.00055,0.00049,0.00066,0.00128,0.00178,-1.43015,0.09905
5.37,0,0,13.689988,0.00079,0.00065,0.00054,0.00058,0.00052,0.00071,0.00128,0.00152,-1.32175,0.09917
5.38,0,0,13.566859,0.00095,0.00065,0.00063,0.00061,0.00050,0.00063,0.00210,0.00177,-1.16443,0.10009
5.39,0,0,13.491591,0.00191,0.00056,0.00072,0.00060,0.00058,0.00066,0.00173,0.00165,-0.95834,0.10102
5.40,0,0,13.414560,0.00117,0.00063,0.00199,0.00052,0.00057,0.00070,0.00220,0.00140,-0.71628,0.09871
5.41,0,0,13.324775,0.00136,0.00066,0.00073,0.00058,0.00068,0.00068,0.00321,0.00268,-0.45486,0.09814
5.42,0,0,13.266038,0.00148,0.00074,0.00195,0.00064,0.00052,0.00070,0.00189,0.00066,-0.15125,0.09819
5.43,0,0,13.213167,0.00098,0.00065,0.00140,0.00075,0.00058,0.00073,0.00262,0.00160,0.13391,0.09853
5.44,0,0,13.059071,0.00094,0.00064,0.00069,0.00082,0.00048,0.00066,0.00236,0.00194,0.43408,0.09868
5.45,0,0,13.006674,0.00103,0.00063,0.00104,0.00079,0.00052,0.00061,0.00116,0.00135,0.69788,0.09890
5.46,0,0,12.906577,0.00295,0.00074,0.00138,0.00070,0.00064,0.00066,0.00154,0.00112,0.93555,0.09965
5.47,0,0,12.782536,0.00176,0.00060,0.00143,0.00068,0.00054,0.00069,0.00133,0.00111,1.15482,0.09961
5.48,0,0,12.673897,0.00350,0.00070,0.00086,0.00071,0.00057,0.00065,0.00123,0.00146,1.31250,0.09958
5.49,0,0,12.606453,0.00247,0.00111,0.00203,0.00064,0.00061,0.00066,0.00159,0.00163,1.42017,0.09988
5.50,0,0,12.516685,0.00254,0.00081,0.00144,0.00069,0.00066,0.00078,0.00200,0.00203,1.47375,0.10061
5.51,0,0,12.378601,0.00128,0.00049,0.00190,0.00061,0.00051,0.00071,0.00227,0.00170,1.48624,0.10045
5.52,0,0,12.238444,0.00301,0.00064,0.00077,0.00084,0.00055,0.00068,0.00148,0.00249,1.48349,0.10047
5.53,0,0,12.101932,0.00120,0.00053,0.00109,0.00060,0.00052,0.00071,0.00207,0.00070,1.48239,0.10069
5.54,0,0,11.953553,0.00171,0.00060,0.00112,0.00059,0.00050,0.00081,0.00141,0.00183,1.48398,0.10115
5.55,0,0,11.825954,0.00354,0.00070,0.00066,0.00065,0.00057,0.00068,0.00138,0.00064,1.48349,0.10017
5.56,0,0,11.685511,0.00114,0.00150,0.00137,0.00092,0.00096,0.00124,0.00225,0.00182,1.48230,0.10022
5.57,0,0,11.558418,0.00291,0.00084,0.00080,0.00071,0.00054,0.00073,0.00066,0.00109,1.48343,0.10006
5.58,0,0,11.443475,0.00420,0.00067,0.00056,0.00070,0.00059,0.00072,0.00207,0.00077,1.48444,0.10032
5.59,0,0,11.317824,0.00161,0.00080,0.00073,0.00064,0.00055,0.00066,0.00200,0.00065,1.48288,0.10024
5.60,0,0,11.208442,0.00388,0.00124,0.00086,0.00068,0.00058,0.00075,0.00052,0.00062,1.48486,0.09997
5.61,0,0,11.069703,0.00155,0.00053,0.00077,0.00068,0.00077,0.00068,0.00172,0.00062,1.48737,0.10042
5.62,0,0,10.937066,0.00209,0.00098,0.00072,0.00057,0.00063,0.00065,0.00110,0.00058,1.48169,0.10112
5.63,0,0,10.809317,0.00201,0.00134,0.00065,0.00067,0.00066,0.00073,0.00073,0.00049,1.48410,0.10090
5.64,0,0,10.692842,0.00144,0.00113,0.00064,0.00058,0.00057,0.00067,0.00082,0.00068,1.47565,0.10023
5.65,0,0,10.547558,0.00101,0.00075,0.00066,0.00058,0.00065,0.00078,0.00086,0.00057,1.48318,0.10015
5.66,0,0,10.311433,0.00267,0.00270,0.00062,0.00059,0.00053,0.00078,0.00068,0.00053,1.48480,0.09982
5.67,0,0,10.298900,0.00153,0.00175,0.00064,0.00060,0.00058,0.00072,0.00105,0.00245,1.48279,0.09961
5.68,0,1,10.008537,0.00301,0.00709,0.00207,0.00077,0.00059,0.00084,0.00152,0.01031,1.48242,0.09959
5.69,0,0,10.245503,0.00242,0.00218,0.00403,0.00074,0.00052,0.00070,0.00180,0.00797,1.48306,0.09923
5.70,0,0,11.202163,0.00268,0.00066,0.00521,0.00058,0.00061,0.00067,0.00152,0.00689,1.48364,0.09878
5.71,0,0,12.083983,0.00132,0.00063,0.00148,0.00057,0.00091,0.00066,0.00429,0.00244,1.48337,0.09921
5.72,0,0,13.073852,0.00111,0.00062,0.00122,0.00057,0.00103,0.00073,0.00368,0.00084,1.48483,0.09951
5.73,0,0,13.909173,0.00132,0.00057,0.00106,0.00072,0.00073,0.00075,0.00150,0.00067,1.48361,0.09917
5.74,1,0,14.311461,0.00380,0.00078,0.00084,0.00054,0.00080,0.00069,0.00151,0.00064,1.48410,0.09888
5.75,0,0,14.201629,0.00210,0.00063,0.00094,0.00062,0.00103,0.00070,0.00164,0.00065,1.48343,0.09926
5.76,0,0,14.104399,0.00165,0.00060,0.00079,0.00069,0.00107,0.00073,0.00134,0.00079,1.48282,0.09921
5.77,0,0,13.995624,0.00151,0.00060,0.00060,0.00073,0.00097,0.00073,0.00090,0.00075,1.48474,0.09884
5.78,0,0,13.889181,0.00280,0.00072,0.00064,0.00062,0.00073,0.00074,0.00086,0.00071,1.48413,0.09906
5.79,0,0,13.734954,0.00234,0.00089,0.00062,0.00062,0.00072,0.00074,0.00079,0.00062,1.48438,0.09894
5.80,0,0,13.620132,0.00234,0.00086,0.00066,0.00065,0.00078,0.00072,0.00077,0.00058,1.48349,0.09939
5.81,0,0,13.491668,0.00193,0.00123,0.00066,0.00069,0.00079,0.00069,0.00053,0.00066,1.48303,0.10025
5.82,0,0,13.309266,0.00142,0.00080,0.00073,0.00082,0.00080,0.00072,0.00088,0.00059,1.48358,0.10063
5.83,0,0,13.169643,0.00095,0.00053,0.00067,0.00062,0.00082,0.00075,0.00073,0.00066,1.48349,0.10040
5.84,0,0,13.040991,0.00114,0.00085,0.00057,0.00058,0.00049,0.00069,0.00250,0.00136,1.48334,0.09962
5.85,0,0,12.988390,0.00157,0.00100,0.00058,0.00061,0.00056,0.00068,0.00228,0.00156,1.48346,0.09874
5.86,0,0,12.992604,0.00209,0.00060,0.00061,0.00061,0.00058,0.00064,0.00120,0.00061,1.48376,0.09932
5.87,0,1,12.937228,0.00245,0.00380,0.00065,0.00062,0.00059,0.00067,0.00217,0.00605,1.48306,0.09970
5.88,0,0,12.890778,0.00421,0.00587,0.00305,0.00092,0.00049,0.00061,0.00126,0.00524,1.48373,0.09939
5.89,0,0,13.003972,0.00296,0.00515,0.00137,0.00084,0.00050,0.00073,0.00124,0.00658,1.48373,0.09896
5.90,0,0,13.550508,0.00263,0.00232,0.00324,0.00081,0.00058,0.00064,0.00154,0.00710,1.48413,0.09916
5.91,0,0,13.868561,0.00259,0.00275,0.00369,0.00089,0.00064,0.00062,0.00172,0.00833,1.48337,0.09975
5.92,0,0,14.153709,0.00201,0.00314,0.00290,0.00065,0.00053,0.00065,0.00149,0.00439,1.48053,0.09990
5.93,0,0,14.508684,0.00322,0.00237,0.00344,0.00074,0.00054,0.00062,0.00147,0.00919,1.48331,0.09939
5.94,0,0,14.678568,0.00181,0.00156,0.00267,0.00070,0.00050,0.00075,0.00121,0.00422,1.48184,0.09852
5.95,0,0,14.827595,0.00177,0.00077,0.00323,0.00080,0.00050,0.00064,0.00152,0.00774,1.48471,0.09843
5.96,0,0,14.970498,0.00117,0.00085,0.00238,0.00079,0.00053,0.00069,0.00188,0.00556,1.48224,0.09907
5.97,0,0,15.103638,0.00147,0.00056,0.00246,0.00075,0.00056,0.00077,0.00150,0.00714,1.48334,0.09919
5.98,0,0,15.355735,0.00181,0.00057,0.00158,0.00061,0.00062,0.00075,0.00219,0.00627,1.48401,0.09904
5.99,0,0,15.685716,0.00137,0.00050,0.00133,0.00058,0.00058,0.00070,0.00207,0.00522,1.48383,0.09832
6.00,0,0,16.066457,0.00118,0.00067,0.00068,0.00055,0.00060,0.00077,0.00261,0.00361,1.48434,0.09761
6.01,0,0,16.422651,0.00186,0.00056,0.00127,0.00059,0.00079,0.00082,0.00408,0.00195,1.48157,0.09847
6.02,0,0,16.803313,0.00097,0.00062,0.00066,0.00067,0.00071,0.00064,0.00257,0.00154,1.48334,0.09894
6.03,1,0,16.988373,0.00115,0.00057,0.00126,0.00076,0.00080,0.00074,0.00301,0.00063,1.48404,0.09922
6.04,0,0,17.015036,0.00133,0.00063,0.00093,0.00067,0.00094,0.00063,0.00254,0.00071,1.48358,0.09886
6.05,0,0,16.857623,0.00261,0.00063,0.00066,0.00061,0.00070,0.00063,0.00160,0.00063,1.48242,0.09772
6.06,0,0,16.643988,0.00131,0.00057,0.00069,0.00066,0.00091,0.00066,0.00157,0.00061,1.48425,0.09858
6.07,0,0,16.518308,0.00169,0.00053,0.00064,0.00061,0.00108,0.00068,0.00140,0.00063,1.48358,0.09954
6.08,0,0,16.390043,0.00163,0.00062,0.00084,0.00060,0.00098,0.00072,0.00130,0.00055,1.48456,0.09905
6.09,0,0,16.293401,0.00222,0.00056,0.00064,0.00067,0.00084,0.00067,0.00124,0.00057,1.48328,0.09874
6.10,0,0,16.104673,0.00092,0.00062,0.00068,0.00058,0.00083,0.00057,0.00163,0.00061,1.48349,0.09811
6.11,0,0,15.956536,0.00090,0.00057,0.00064,0.00056,0.00086,0.00067,0.00117,0.00061,1.48367,0.09761
6.12,0,0,15.850380,0.00132,0.00066,0.00064,0.00071,0.00060,0.00074,0.00084,0.00061,1.48364,0.09759
6.13,0,0,15.784657,0.00110,0.00064,0.00056,0.00062,0.00069,0.00063,0.00080,0.00062,1.48480,0.09856
6.14,0,0,15.677432,0.00180,0.00051,0.00060,0.00072,0.00067,0.00067,0.00078,0.00056,1.48334,0.09939
6.15,0,0,15.564369,0.00117,0.00060,0.00062,0.00073,0.00065,0.00070,0.00072,0.00062,1.48505,0.09932
6.16,0,0,15.437128,0.00257,0.00076,0.00064,0.00057,0.00048,0.00068,0.00061,0.00068,1.48416,0.09931
6.17,0,0,15.268364,0.00270,0.00088,0.00067,0.00057,0.00047,0.00069,0.00141,0.00063,1.48343,0.09937
6.18,0,0,15.156150,0.00376,0.00143,0.00062,0.00075,0.00054,0.00059,0.00150,0.00133,1.48355,0.09997
6.19,0,0,15.033605,0.00309,0.00104,0.00072,0.00064,0.00058,0.00071,0.00081,0.00067,1.48499,0.10013
6.20,0,0,14.906272,0.00156,0.00068,0.00071,0.00095,0.00060,0.00064,0.00080,0.00063,1.48196,0.09974
6.21,0,0,14.795915,0.00127,0.00060,0.00057,0.00075,0.00069,0.00069,0.00162,0.00057,1.48297,0.09971
6.22,0,0,14.697677,0.00085,0.00071,0.00067,0.00055,0.00060,0.00075,0.00169,0.00057,1.48331,0.10042
6.23,0,0,14.594156,0.00097,0.00077,0.00061,0.00062,0.00054,0.00061,0.00114,0.00107,1.48459,0.10031
6.24,0,0,14.444385,0.00195,0.00063,0.00059,0.00073,0.00065,0.00069,0.00126,0.00051,1.48392,0.09965
6.25,0,0,14.306064,0.00093,0.00088,0.00053,0.00072,0.00062,0.00073,0.00142,0.00164,1.47818,0.09922
6.26,0,0,14.173506,0.00164,0.00230,0.00055,0.00048,0.00057,0.00064,0.00158,0.00105,1.48315,0.09915
6.27,0,0,14.032247,0.00151,0.00172,0.00058,0.00066,0.00055,0.00070,0.00118,0.00309,1.48193,0.09841
6.28,0,0,13.962548,0.00200,0.00282,0.00061,0.00065,0.00055,0.00074,0.00134,0.00363,1.48376,0.09876
6.29,0,1,13.938404,0.00193,0.00336,0.00066,0.00076,0.00051,0.00068,0.00162,0.01037,1.48465,0.09918
6.30,0,0,13.903652,0.00446,0.00770,0.00262,0.00119,0.00053,0.00077,0.00150,0.01048,1.48740,0.09913
6.31,0,0,13.993381,0.00799,0.01058,0.00188,0.00114,0.00054,0.00073,0.00126,0.00575,1.48251,0.09919
6.32,0,0,14.287446,0.00206,0.00384,0.00516,0.00077,0.00057,0.00082,0.00182,0.01081,1.48422,0.09918
6.33,0,0,14.490355,0.00167,0.00252,0.00268,0.00079,0.00053,0.00066,0.00130,0.01037,1.48279,0.09982
6.34,0,0,14.691765,0.00165,0.00199,0.00327,0.00090,0.00052,0.00073,0.00190,0.00816,1.48306,0.10059
6.35,0,0,14.916948,0.00153,0.00144,0.00293,0.00082,0.00058,0.00080,0.00178,0.00878,1.48340,0.10074
6.36,0,0,15.123958,0.00087,0.00050,0.00238,0.00061,0.00053,0.00065,0.00157,0.00521,1.48380,0.10072
6.37,0,0,15.456666,0.00102,0.00053,0.00209,0.00061,0.00054,0.00065,0.00212,0.00314,1.48431,0.10041
6.38,0,0,15.904221,0.00093,0.00069,0.00086,0.00075,0.00070,0.00067,0.00266,0.00214,1.48361,0.10025
6.39,0,0,16.318992,0.00219,0.00064,0.00101,0.00063,0.00068,0.00057,0.00312,0.00132,1.48251,0.10004
6.40,1,0,16.640338,0.00102,0.00058,0.00120,0.00072,0.00074,0.00071,0.00328,0.00070,1.48337,0.10012
6.41,0,0,16.778825,0.00130,0.00064,0.00106,0.00060,0.00074,0.00079,0.00209,0.00078,1.48425,0.10006
6.42,0,0,16.616580,0.00139,0.00062,0.00108,0.00059,0.00082,0.00069,0.00271,0.00060,1.48325,0.09994
6.43,0,0,16.457376,0.00130,0.00057,0.00056,0.00061,0.00084,0.00082,0.00576,0.00067,1.48398,0.09995
6.44,0,0,16.349996,0.00124,0.00054,0.00068,0.00062,0.00092,0.00075,0.00519,0.00062,1.48328,0.10037
6.45,0,0,16.245327,0.00095,0.00056,0.00057,0.00063,0.00093,0.00074,0.00247,0.00067,1.48419,0.10068
6.46,0,0,16.058132,0.00121,0.00056,0.00064,0.00061,0.00083,0.00066,0.00310,0.00057,1.48196,0.10106
6.47,0,0,15.932383,0.00192,0.00059,0.00065,0.00060,0.00065,0.00070,0.00148,0.00060,1.48447,0.10059
6.48,0,0,15.811986,0.00085,0.00049,0.00057,0.00064,0.00056,0.00059,0.00252,0.00056,1.48123,0.10040
6.49,0,0,15.714634,0.00094,0.00052,0.00060,0.00064,0.00078,0.00064,0.00111,0.00054,1.48306,0.09997
6.50,0,0,15.603416,0.00101,0.00065,0.00059,0.00062,0.00059,0.00070,0.00183,0.00056,1.48334,0.09958
6.51,0,0,15.533982,0.00119,0.00055,0.00072,0.00065,0.00057,0.00066,0.00083,0.00066,1.48337,0.09896
6.52,0,0,15.391313,0.00098,0.00059,0.00057,0.00076,0.00052,0.00072,0.00075,0.00055,1.48294,0.09922
6.53,0,0,15.313129,0.00101,0.00061,0.00069,0.00067,0.00054,0.00063,0.00150,0.00060,1.47955,0.09913
6.54,0,0,15.034178,0.00212,0.00060,0.00070,0.00082,0.00056,0.00062,0.00177,0.00133,1.48260,0.09889
6.55,0,0,15.037360,0.00252,0.00084,0.00066,0.00070,0.00058,0.00058,0.00094,0.00096,1.48407,0.09894
6.56,0,0,14.882834,0.00307,0.00092,0.00061,0.00076,0.00050,0.00059,0.00151,0.00088,1.48273,0.09864
6.57,0,0,14.813948,0.00145,0.00054,0.00065,0.00102,0.00064,0.00069,0.00191,0.00110,1.48102,0.09859
6.58,0,0,14.707024,0.00230,0.00123,0.00067,0.00049,0.00051,0.00069,0.00062,0.00091,1.48209,0.09947
6.59,0,0,14.542611,0.00152,0.00086,0.00085,0.00100,0.00063,0.00074,0.00116,0.00064,1.48224,0.10037
6.60,0,0,14.443747,0.00104,0.00084,0.00083,0.00074,0.00049,0.00077,0.00074,0.00162,1.48392,0.10047
6.61,0,0,14.297209,0.00100,0.00069,0.00076,0.00082,0.00048,0.00063,0.00183,0.00058,1.48306,0.09991
6.62,0,0,14.204235,0.00197,0.00059,0.00068,0.00078,0.00064,0.00066,0.00077,0.00080,1.48499,0.09930
6.63,0,0,14.063344,0.00123,0.00094,0.00056,0.00053,0.00057,0.00072,0.00107,0.00058,1.48517,0.09953
6.64,0,0,13.956160,0.00150,0.00114,0.00072,0.00082,0.00054,0.00067,0.00106,0.00065,1.48383,0.10025
6.65,0,0,13.833570,0.00102,0.00061,0.00057,0.00077,0.00058,0.00068,0.00089,0.00055,1.48315,0.10042
6.66,0,0,13.696781,0.00129,0.00106,0.00063,0.00055,0.00055,0.00064,0.00128,0.00062,1.48239,0.09963
6.67,0,0,13.520883,0.00140,0.00115,0.00066,0.00076,0.00045,0.00070,0.00133,0.00065,1.48343,0.09948
6.68,0,0,13.389760,0.00175,0.00328,0.00056,0.00061,0.00046,0.00063,0.00163,0.00358,1.48532,0.09970
6.69,0,1,13.237586,0.00271,0.00564,0.00064,0.00073,0.00053,0.00077,0.00194,0.00479,1.48212,0.09971
6.70,0,0,13.142096,0.00224,0.00629,0.00105,0.00076,0.00064,0.00067,0.00193,0.01226,1.48395,0.09948
6.71,0,0,13.244632,0.00374,0.00416,0.00250,0.00082,0.00062,0.00075,0.00176,0.01420,1.48389,0.09905
6.72,0,0,13.301429,0.00199,0.00258,0.00278,0.00073,0.00056,0.00077,0.00166,0.00905,1.48483,0.09862
